23 296 103 24 13 15 38 79 232 174 239 295 61 114 283 81 219 55 142 30 186 135 211 2
22 167 110 4 286 133 227 56 125 21 32 241 122 26 170 48 101 16 196 141 256 293 169
20 168 88 259 137 150 156 96 244 271 177 6 25 98 223 59 297 231 37 153 132
21 34 75 276 290 187 57 113 282 121 243 22 147 90 201 20 51 104 126 1 9 274
22 108 72 299 210 193 107 213 281 40 185 209 73 42 118 139 255 292 71 251 272 84 175
22 54 80 62 218 263 261 226 277 128 146 254 268 191 140 10 205 264 43 262 240 49 183
20 180 8 246 220 273 63 224 284 111 109 269 70 124 238 289 17 47 143 173 165
19 85 294 92 285 129 91 29 204 82 27 190 119 112 12 215 233 178 52 130
20 216 148 260 225 200 245 230 28 222 68 89 76 131 45 266 145 279 270 278 149
20 275 7 203 95 18 19 166 214 202 158 160 93 5 31 182 66 120 229 94 257
16 87 134 136 74 44 188 102 14 236 197 235 248 242 176 97 77
16 41 162 58 144 267 39 172 64 207 195 83 250 192 100 194 151
11 184 159 105 53 217 11 287 78 280 69 247
10 164 161 171 50 258 237 138 106 154 46
11 249 127 60 157 86 163 291 115 67 206 189
7 99 198 3 23 181 152 123
6 212 253 35 155 288 208
4 116 298 199 228
4 0 117 265 252
0
0
0
0
0
0
0
0
0
0
0
0
0
0
0
0
0
0
0
0
0
0
0
0
0
0
0
0
0
0
0
0
0
0
0
0
0
0
0
0
0
0
0
0
0
0
0
0
0
0
0
0
0
0
0
0
0
0
0
0
0
0
0
0
0
0
0
0
0
0
0
0
0
0
0
0
0
0
0
0
0
