22 296 80 62 227 56 38 63 277 284 185 209 73 42 98 223 59 297 97 178 52 132 183
22 0 88 259 137 150 156 96 241 122 26 170 114 283 81 219 55 142 30 186 135 211 2
22 168 110 4 286 13 15 261 226 174 239 295 61 140 25 265 145 17 262 240 49 274 130
19 108 75 276 290 187 57 113 282 121 243 22 6 147 201 196 141 256 293 169
21 34 103 127 218 263 19 91 29 40 271 177 48 101 16 266 192 100 47 143 77 165
21 85 8 246 220 193 107 213 281 222 82 27 190 70 139 20 51 104 126 1 9 175
21 87 72 203 95 225 200 245 32 217 111 197 237 76 131 45 112 43 231 37 153 149
21 164 7 161 273 285 21 230 128 146 254 268 298 269 119 255 292 71 251 272 84 151
18 41 294 92 74 44 224 102 202 158 160 90 118 181 12 215 206 46 257
18 184 148 260 144 267 79 232 214 64 207 195 10 205 264 176 279 270 173
19 275 249 162 136 58 18 198 188 28 14 258 89 93 5 238 152 155 233 247
16 99 134 133 105 129 166 244 68 23 235 248 242 252 229 94 208
16 212 299 210 171 60 39 172 50 11 83 31 182 66 120 194 189
14 180 159 125 53 204 157 253 163 138 124 250 280 154 123
7 216 24 236 35 78 288 278
7 54 3 109 287 106 228 69
5 116 86 117 291 67
4 167 191 199 289
1 115
0
0
0
0
0
0
0
0
0
0
0
0
0
0
0
0
0
0
0
0
0
0
0
0
0
0
0
0
0
0
0
0
0
0
0
0
0
0
0
0
0
0
0
0
0
0
0
0
0
0
0
0
0
0
0
0
0
0
0
0
0
0
0
0
0
0
0
0
0
0
0
0
0
0
0
0
0
0
0
0
0
