20 0 116 85 162 95 285 156 213 121 271 61 73 48 101 16 112 154 272 151 183
19 180 75 259 290 63 245 96 174 82 111 140 76 25 201 205 12 256 94 257
19 296 87 212 294 260 15 226 224 282 146 50 114 283 181 265 196 135 208 132
23 216 80 148 276 273 74 200 232 188 29 185 68 89 42 10 223 78 155 120 206 49 274 130
24 167 164 249 159 127 150 125 129 21 230 244 295 27 177 160 119 5 266 106 228 97 1 84 2
22 54 103 161 136 107 19 79 166 39 214 158 207 237 70 131 98 141 71 262 233 247 169
27 168 41 88 286 246 203 58 218 18 113 277 284 204 209 197 23 6 83 124 238 31 59 297 279 229 293 175
26 34 110 72 7 24 13 137 171 60 281 102 241 26 170 22 190 90 235 139 255 242 215 30 143 153 173
23 108 8 299 62 227 56 198 32 28 14 157 11 269 93 118 219 152 126 240 178 52 211 165
18 184 4 92 144 187 57 91 128 217 243 163 138 248 250 182 288 123 149
17 275 134 133 105 44 53 40 202 258 147 287 20 67 176 47 69 77
14 99 210 193 225 261 172 239 236 81 292 43 231 37 189
12 220 263 267 222 254 268 3 109 35 104 194 9
10 38 64 86 253 195 45 264 142 251 278
7 122 298 291 289 280 17 186
6 117 199 51 192 252 46
5 191 115 55 145 270
1 100
1 66
0
0
0
0
0
0
0
0
0
0
0
0
0
0
0
0
0
0
0
0
0
0
0
0
0
0
0
0
0
0
0
0
0
0
0
0
0
0
0
0
0
0
0
0
0
0
0
0
0
0
0
0
0
0
0
0
0
0
0
0
0
0
0
0
0
0
0
0
0
0
0
0
0
0
0
0
0
0
0
0
0
