20 0 116 85 162 95 285 156 213 121 271 61 73 48 101 16 112 154 272 151 183
20 180 75 259 260 63 129 79 96 174 68 11 160 76 25 201 205 12 256 94 257
21 296 87 212 294 137 290 38 200 245 39 185 82 111 140 42 181 265 196 1 49 2
21 216 80 148 276 227 125 21 224 282 146 50 89 90 283 10 223 106 228 135 208 132
22 167 164 249 159 127 15 57 226 277 29 244 243 197 237 70 131 98 141 126 206 173 130
24 54 103 161 136 107 18 113 91 214 204 207 253 114 93 119 124 255 242 71 262 233 77 211 165
25 168 110 72 7 246 203 193 273 19 232 188 102 295 27 177 190 235 139 20 266 78 155 143 153 175
26 34 41 88 299 133 58 74 60 281 284 239 258 163 23 6 83 248 250 59 297 231 279 229 293 169 274
20 108 4 286 210 92 150 198 32 28 14 157 298 22 269 287 289 288 37 189 247
20 184 8 24 13 218 225 261 166 230 128 241 209 109 147 118 219 152 97 178 149
19 275 134 220 105 44 53 40 202 158 195 138 238 31 55 142 215 186 123 84
15 99 62 144 187 267 172 217 26 170 81 292 43 47 240 9
11 171 222 254 268 236 35 67 176 251 69 52
10 56 64 3 191 5 264 182 252 194 278
9 263 122 86 117 45 51 104 120 46
5 291 115 145 30 270
3 199 192 100
2 280 17
1 66
0
0
0
0
0
0
0
0
0
0
0
0
0
0
0
0
0
0
0
0
0
0
0
0
0
0
0
0
0
0
0
0
0
0
0
0
0
0
0
0
0
0
0
0
0
0
0
0
0
0
0
0
0
0
0
0
0
0
0
0
0
0
0
0
0
0
0
0
0
0
0
0
0
0
0
0
0
0
0
0
0
