96 0 112 212 264 319 397 486 570 703 815 870 921 1038 1141 1249 1430 1449 1558 1652 1710 1752 1775 1914 1996 2096 2177 2255 2330 2408 2478 2628 2684 2775 2785 2852 2911 3048 3102 3220 3294 3307 3438 3560 3668 3781 3799 3859 3953 4036 4106 4138 4272 4300 4341 4352 4445 4544 4594 4720 4809 4911 5038 5151 5237 5325 5390 5423 5508 5527 5639 5691 5730 5780 5800 5843 5931 6019 6063 6130 6196 6273 6365 6519 6644 6807 6888 6975 7038 7057 7084 7178 7260 7325 7343 7425 7714
95 1 166 303 443 577 659 743 874 1012 1050 1103 1142 1182 1235 1267 1335 1381 1523 1648 1695 1830 1947 1989 2085 2133 2270 2358 2395 2510 2562 2624 2670 2788 2897 2973 3041 3184 3223 3301 3333 3462 3524 3561 3643 3728 3758 3852 3975 4056 4128 4141 4190 4263 4354 4363 4396 4546 4625 4680 4754 4853 4958 5022 5113 5143 5234 5333 5480 5569 5659 5736 5856 5903 6026 6088 6136 6206 6271 6291 6389 6444 6552 6593 6637 6711 6791 6796 6955 7028 7144 7200 7306 7345 7415 7521
88 2 186 210 339 470 601 716 776 844 914 1019 1133 1270 1370 1427 1476 1570 1657 1698 1749 1814 1874 1944 2050 2105 2186 2290 2388 2505 2520 2549 2617 2656 2741 2902 2992 3065 3190 3382 3512 3563 3617 3702 3842 3925 3955 4019 4059 4194 4371 4378 4496 4552 4578 4646 4730 4763 4858 4993 5104 5203 5321 5479 5513 5564 5627 5692 5765 5822 5925 6043 6149 6179 6255 6277 6376 6498 6635 6655 6795 6813 6972 7105 7195 7291 7414 7578 7789
86 3 176 282 331 390 544 670 774 924 1007 1085 1166 1276 1340 1382 1467 1553 1665 1763 1805 1851 1962 2047 2084 2191 2301 2370 2465 2485 2525 2606 2680 2789 2895 3026 3076 3177 3214 3330 3396 3500 3640 3677 3830 3937 4012 4095 4153 4179 4318 4425 4463 4539 4641 4782 4904 4915 5000 5153 5308 5419 5496 5600 5703 5787 5853 5921 6003 6094 6219 6276 6367 6419 6423 6466 6569 6703 6841 6938 6952 7014 7115 7196 7225 7319 8458
95 4 104 143 263 288 322 407 466 582 652 681 791 911 967 1132 1239 1265 1330 1417 1439 1498 1548 1644 1713 1811 1899 1974 2078 2132 2252 2369 2438 2462 2492 2664 2808 2846 2848 2914 2956 3044 3073 3196 3374 3401 3458 3505 3575 3641 3666 3689 3730 3779 3795 3851 3956 4041 4184 4279 4340 4390 4497 4540 4629 4742 4876 4979 5032 5109 5213 5295 5368 5422 5536 5620 5781 5924 6004 6067 6141 6270 6369 6457 6579 6707 6769 6803 6860 6929 7027 7051 7238 7377 7482 8035
87 5 147 246 366 500 592 689 722 779 915 1024 1079 1177 1294 1380 1440 1511 1627 1669 1765 1799 1894 1963 2036 2101 2194 2314 2450 2500 2576 2740 2772 2807 2855 2942 3019 3167 3257 3325 3469 3586 3635 3667 3768 3866 3944 4052 4111 4203 4322 4388 4474 4569 4602 4723 4808 4891 5031 5055 5174 5207 5408 5477 5550 5656 5695 5772 5912 5995 6085 6106 6155 6176 6214 6371 6494 6628 6690 6776 6855 6946 7008 7066 7229 7263 7379 8369
90 6 138 257 304 363 492 513 591 640 785 873 977 1059 1199 1310 1401 1479 1600 1691 1783 1854 1912 2011 2159 2196 2309 2391 2429 2528 2607 2675 2758 2828 2903 2958 3081 3089 3162 3291 3394 3514 3603 3649 3763 3793 4003 4033 4156 4216 4349 4417 4487 4543 4623 4708 4822 4834 4847 4937 5070 5126 5215 5332 5410 5468 5506 5572 5704 5828 5883 6010 6116 6203 6240 6388 6400 6491 6563 6681 6716 6832 6890 6970 7017 7096 7181 7274 7368 7550 7841
89 7 165 308 426 542 646 701 707 766 848 909 1026 1139 1243 1313 1341 1419 1462 1505 1573 1620 1760 1803 1837 1857 1961 2025 2066 2131 2233 2315 2404 2557 2688 2803 2931 3031 3164 3283 3363 3442 3595 3645 3787 3934 4023 4082 4131 4246 4293 4379 4380 4507 4556 4661 4785 4894 4998 5089 5187 5197 5284 5433 5498 5551 5644 5760 5802 5926 5956 6076 6159 6249 6330 6359 6435 6467 6585 6679 6765 6868 6928 7019 7099 7218 7293 7376 7448 7572
88 8 120 215 310 360 464 553 623 696 852 1053 1075 1157 1299 1385 1477 1580 1643 1728 1809 1951 2030 2151 2210 2254 2331 2373 2419 2560 2644 2699 2734 2810 2842 2889 2952 2996 3094 3249 3353 3451 3628 3724 3791 3892 3898 4035 4098 4199 4253 4335 4464 4571 4604 4677 4788 4883 5006 5075 5169 5208 5283 5350 5392 5491 5581 5705 5763 5851 5974 6065 6157 6187 6300 6411 6524 6624 6689 6792 6840 6898 6987 7052 7146 7248 7261 7400 7483
93 9 178 244 344 372 448 480 568 666 744 827 864 923 1063 1167 1217 1296 1353 1409 1481 1535 1656 1707 1843 1958 2064 2142 2203 2278 2338 2489 2564 2681 2762 2875 2975 3027 3153 3251 3372 3465 3513 3557 3606 3686 3811 3850 3996 4069 4157 4226 4336 4353 4441 4525 4598 4660 4756 4845 4914 5016 5068 5212 5271 5347 5401 5494 5544 5593 5643 5794 5832 5899 5949 6027 6087 6125 6175 6269 6351 6381 6497 6598 6620 6722 6846 6939 7029 7083 7204 7310 7360 7948
95 10 98 180 290 381 456 523 575 702 814 946 1060 1097 1138 1210 1306 1408 1436 1515 1635 1798 1884 1973 2033 2137 2224 2286 2327 2459 2480 2550 2697 2733 2844 2872 2937 2970 3067 3202 3313 3337 3443 3470 3499 3630 3652 3680 3752 3835 3950 4013 4090 4146 4224 4265 4313 4392 4453 4521 4621 4724 4812 4931 5086 5097 5238 5285 5328 5411 5435 5502 5649 5694 5795 5806 5868 5945 6082 6158 6293 6402 6529 6586 6693 6756 6849 6909 6995 7119 7148 7250 7308 7433 7517 7882
85 11 211 281 336 503 580 683 794 858 956 1025 1066 1212 1257 1328 1403 1509 1551 1602 1685 1807 1890 1950 1982 2163 2239 2276 2363 2433 2554 2708 2806 2899 2982 3070 3143 3197 3277 3345 3423 3453 3589 3693 3784 3871 4024 4135 4287 4442 4593 4683 4753 4793 4869 4951 5094 5178 5273 5315 5385 5464 5526 5631 5719 5770 5881 5951 6021 6093 6251 6384 6418 6478 6574 6609 6623 6724 6825 6904 6947 7015 7110 7217 7251 7388
92 12 162 255 285 328 437 609 682 770 878 937 1048 1172 1252 1285 1309 1418 1529 1603 1703 1845 1889 2008 2095 2153 2232 2284 2346 2401 2502 2524 2597 2639 2755 2860 2922 2972 3054 3113 3198 3228 3410 3456 3472 3574 3600 3694 3823 3832 3881 3969 4037 4089 4142 4211 4256 4385 4455 4585 4733 4887 4910 4933 4976 5053 5124 5180 5263 5298 5434 5504 5555 5636 5754 5910 5976 6058 6202 6296 6398 6555 6622 6784 6889 6992 7073 7085 7172 7305 7428 7559 9844
84 13 100 128 223 268 293 420 519 557 612 676 742 801 841 901 1000 1081 1216 1318 1506 1621 1722 1819 1907 2035 2176 2336 2522 2537 2580 2736 2784 2920 2950 3007 3050 3261 3385 3511 3582 3691 3778 3974 4084 4149 4218 4298 4488 4564 4681 4791 4859 4948 5080 5134 5241 5303 5361 5403 5537 5582 5662 5742 5831 5898 5981 6045 6126 6237 6331 6427 6452 6518 6557 6656 6768 6861 6977 7070 7201 7272 7294 7404 7622
98 14 131 225 287 358 460 534 692 736 796 854 976 1090 1169 1207 1214 1338 1434 1541 1692 1810 1931 2002 2103 2145 2205 2281 2371 2415 2453 2610 2674 2743 2763 2802 2830 2936 3010 3098 3206 3290 3361 3436 3538 3562 3742 3900 3978 4028 4127 4173 4249 4267 4397 4468 4509 4640 4759 4786 4815 4875 4918 5067 5100 5191 5224 5254 5309 5342 5384 5406 5458 5531 5647 5690 5773 5906 5943 5983 6100 6156 6268 6357 6469 6553 6595 6694 6743 6877 6951 6993 7136 7187 7245 7299 7365 7451 8740
88 15 172 286 399 522 637 760 883 954 1037 1070 1162 1215 1219 1402 1470 1547 1651 1680 1735 1818 1926 2003 2150 2299 2378 2418 2443 2585 2712 2843 2883 2918 2962 3016 3078 3149 3179 3232 3347 3464 3581 3678 3711 3792 3927 4040 4096 4159 4232 4297 4345 4426 4575 4731 4898 4983 5078 5176 5233 5371 5454 5478 5548 5629 5744 5751 5755 5829 5916 5968 6112 6226 6292 6383 6470 6661 6737 6802 6886 6982 7095 7177 7227 7296 7334 7364 7484
96 16 152 241 296 337 382 498 531 614 634 729 761 797 846 916 1028 1170 1312 1512 1612 1715 1732 1787 1865 1880 1943 2065 2121 2211 2262 2313 2360 2479 2513 2594 2715 2857 2965 2997 3047 3112 3178 3263 3324 3379 3484 3569 3622 3683 3741 3847 3884 4055 4107 4152 4242 4416 4452 4581 4700 4796 4851 4997 5072 5145 5256 5413 5463 5595 5664 5709 5743 5793 5891 5985 6038 6133 6193 6275 6305 6354 6474 6535 6616 6633 6695 6839 6879 6969 7071 7163 7267 7300 7353 7434 7508
98 17 29 154 259 388 449 583 720 853 894 1023 1143 1159 1282 1339 1446 1532 1595 1637 1721 1788 1825 1940 2056 2110 2139 2235 2272 2376 2448 2516 2666 2753 2809 2909 2981 3069 3170 3221 3362 3440 3577 3602 3737 3777 3873 3967 3994 4094 4241 4264 4308 4410 4447 4519 4582 4664 4764 4803 4827 4846 4860 4922 4980 5073 5099 5218 5268 5292 5379 5443 5561 5635 5716 5841 5946 6031 6137 6180 6265 6366 6412 6481 6575 6619 6651 6721 6810 6872 6906 6989 7065 7118 7192 7289 7373 7427 7959
87 18 115 159 253 345 435 581 717 763 831 910 970 1101 1175 1230 1332 1421 1521 1673 1768 1780 1840 1863 1919 2044 2109 2190 2217 2265 2335 2416 2563 2615 2705 2812 2878 2963 3085 3186 3256 3310 3403 3533 3653 3759 3854 3894 3995 4092 4196 4319 4400 4517 4590 4692 4777 4865 4961 5013 5092 5195 5249 5311 5440 5626 5693 5782 5862 5939 6017 6113 6199 6313 6387 6488 6528 6645 6735 6854 6921 7034 7060 7164 7247 7350 7430 7562
87 19 123 177 198 261 398 528 590 698 784 845 917 973 1080 1119 1153 1248 1448 1458 1556 1599 1678 1729 1861 1992 2082 2228 2322 2381 2484 2578 2744 2817 2939 2979 3136 3187 3305 3370 3434 3548 3664 3808 3877 3921 3961 4049 4147 4236 4301 4429 4479 4631 4781 4885 4919 5085 5206 5297 5374 5470 5603 5713 5785 5815 5927 5947 6104 6205 6238 6272 6374 6448 6530 6699 6817 6963 6983 7005 7047 7126 7199 7276 7328 7392 7436 7845
94 20 158 233 338 432 532 559 644 699 809 825 891 1011 1076 1227 1360 1526 1630 1659 1730 1793 1893 1993 2094 2160 2253 2362 2499 2633 2677 2737 2794 2946 3008 3108 3129 3284 3365 3461 3503 3637 3700 3785 3796 3908 4032 4150 4188 4240 4331 4377 4440 4499 4560 4596 4740 4768 4856 4947 5004 5077 5182 5260 5331 5395 5474 5610 5667 5764 5810 5915 5934 6059 6111 6152 6241 6314 6426 6523 6597 6754 6785 6873 6927 6958 7056 7097 7143 7180 7243 7335 7402 7457 7999
89 21 60 161 231 326 378 425 495 586 626 711 756 828 927 1030 1171 1281 1392 1490 1554 1618 1700 1792 1862 1918 2079 2113 2166 2229 2266 2347 2420 2498 2589 2661 2738 2787 2888 2994 3056 3146 3229 3334 3487 3614 3708 3743 3857 3992 4064 4154 4273 4398 4510 4555 4592 4669 4773 4862 4963 5091 5245 5265 5362 5476 5563 5601 5723 5778 5836 5879 5972 6032 6095 6191 6233 6353 6450 6573 6663 6734 6827 6944 7007 7132 7171 7254 7426 7545
95 22 23 133 224 258 379 441 535 625 726 781 859 912 997 1130 1193 1304 1468 1527 1613 1697 1776 1903 1941 2041 2076 2174 2208 2292 2382 2410 2508 2559 2658 2779 2863 2953 2991 3074 3130 3236 3242 3355 3437 3583 3709 3715 3839 3864 3947 4029 4067 4176 4245 4282 4399 4438 4490 4559 4639 4725 4767 4863 4952 5010 5058 5131 5172 5216 5330 5426 5584 5672 5759 5882 5918 5996 6037 6128 6162 6308 6373 6509 6638 6666 6757 6853 6931 7035 7098 7182 7295 7340 7441 7682
94 24 148 174 226 298 357 459 504 621 687 724 783 895 980 1120 1161 1183 1344 1369 1485 1565 1667 1727 1821 1913 1987 2058 2195 2280 2432 2463 2546 2686 2798 2917 2986 3049 3120 3218 3281 3311 3455 3525 3619 3685 3738 3790 3829 3875 3990 4043 4085 4174 4214 4292 4382 4432 4523 4570 4656 4839 4946 4981 5158 5229 5318 5424 5457 5490 5530 5605 5731 5792 5852 5905 5988 6081 6198 6253 6344 6391 6464 6565 6662 6732 6760 6808 6893 7030 7176 7282 7342 7450 7531
96 25 27 173 189 316 416 497 569 658 714 826 948 1016 1055 1092 1127 1232 1287 1390 1442 1491 1525 1626 1701 1806 1892 1902 1978 2061 2102 2192 2268 2345 2468 2605 2698 2745 2764 2880 3021 3127 3194 3306 3398 3522 3612 3713 3756 3831 3872 3998 4091 4163 4230 4291 4361 4444 4492 4580 4597 4672 4802 4890 4977 5059 5110 5202 5280 5399 5567 5618 5699 5783 5842 5880 6070 6188 6228 6377 6438 6558 6660 6712 6747 6867 6943 7023 7114 7161 7183 7231 7259 7313 7358 7408 7659
90 26 30 167 309 348 436 541 635 806 868 952 1013 1088 1165 1290 1404 1562 1658 1740 1791 1887 2010 2045 2073 2157 2263 2342 2434 2586 2727 2876 2900 2983 3064 3200 3266 3341 3381 3405 3485 3532 3567 3687 3805 3846 3918 4008 4045 4219 4239 4260 4321 4411 4483 4526 4663 4685 4739 4840 4867 4953 5065 5250 5257 5322 5389 5430 5529 5608 5681 5821 5908 5989 6092 6218 6319 6349 6453 6538 6604 6710 6773 6851 6907 6986 7108 7213 7283 7445 8239
98 28 109 202 274 313 409 467 624 728 789 881 957 1045 1135 1181 1254 1320 1377 1500 1566 1647 1706 1766 1813 1883 1972 2114 2197 2288 2321 2350 2384 2460 2471 2547 2619 2672 2781 2862 2919 3057 3128 3238 3327 3368 3416 3498 3531 3593 3651 3755 3837 3897 4057 4101 4175 4271 4437 4481 4554 4614 4721 4854 4886 4956 5036 5125 5220 5276 5323 5382 5455 5585 5697 5717 5762 5834 5869 5950 6051 6160 6222 6285 6404 6459 6566 6657 6762 6821 6917 7026 7077 7116 7205 7298 7407 7511 8181
93 31 193 294 349 410 539 710 830 876 959 1071 1122 1202 1295 1399 1537 1655 1686 1733 1849 1888 2001 2124 2141 2165 2308 2426 2497 2540 2646 2707 2826 2898 2913 3012 3137 3215 3280 3364 3477 3494 3608 3642 3706 3788 3876 3948 3979 4018 4072 4113 4201 4311 4427 4457 4600 4657 4761 4879 4942 5023 5051 5118 5192 5359 5459 5486 5571 5590 5689 5745 5890 5958 5990 6084 6134 6254 6334 6437 6477 6546 6613 6658 6702 6799 6903 6973 7044 7090 7121 7226 7339 7494
106 32 144 219 273 321 406 472 571 596 639 660 750 829 928 978 1040 1155 1184 1209 1331 1388 1450 1518 1560 1641 1696 1747 1835 1920 2034 2083 2140 2251 2312 2379 2422 2474 2509 2592 2630 2701 2750 2892 3006 3131 3271 3297 3400 3454 3555 3591 3638 3760 3845 3909 3960 3986 4093 4121 4180 4285 4296 4365 4439 4494 4538 4605 4703 4749 4829 4896 4969 5098 5205 5301 5336 5380 5416 5519 5612 5673 5724 5807 5887 5936 6055 6132 6178 6252 6322 6395 6475 6567 6683 6731 6859 6930 6999 7033 7106 7179 7223 7341 7394 7464 7661
96 33 103 160 190 270 376 491 520 576 705 739 811 900 975 1176 1208 1279 1384 1443 1474 1597 1619 1662 1770 1869 1948 2060 2156 2202 2231 2356 2414 2506 2545 2640 2726 2759 2874 2877 2927 3030 3060 3225 3316 3371 3446 3491 3654 3731 3775 3853 3911 3940 4063 4191 4221 4315 4391 4500 4565 4620 4738 4861 4957 5030 5083 5114 5262 5296 5432 5503 5507 5542 5655 5739 5839 5987 6066 6209 6274 6403 6476 6527 6603 6665 6700 6752 6826 6996 7037 7112 7216 7327 7371 7533 8727
91 34 140 216 236 278 302 396 458 556 608 733 798 933 1027 1164 1247 1455 1576 1672 1764 1796 1871 1967 2097 2108 2184 2295 2407 2451 2514 2541 2683 2822 2910 2957 3051 3163 3246 3369 3390 3486 3588 3656 3716 3723 3820 3869 4071 4124 4217 4254 4406 4465 4601 4633 4713 4842 4991 5045 5082 5214 5259 5372 5388 5467 5615 5734 5801 5888 5962 6000 6073 6171 6212 6363 6442 6499 6543 6612 6649 6686 6820 6892 6919 6926 6990 7067 7185 7302 7356 7518
108 35 127 187 269 395 509 543 604 671 777 803 824 966 1067 1116 1140 1268 1376 1391 1451 1516 1639 1741 1915 1979 2005 2051 2129 2212 2248 2277 2393 2464 2493 2535 2662 2695 2720 2815 2839 2868 2933 3046 3055 3172 3211 3331 3356 3358 3380 3419 3466 3528 3558 3626 3674 3753 3764 3865 3922 3949 4078 4237 4359 4374 4450 4545 4591 4644 4682 4710 4817 4882 4975 5037 5087 5232 5258 5310 5428 5523 5625 5676 5698 5826 5929 6005 6077 6207 6225 6303 6356 6417 6473 6625 6674 6788 6863 6935 6998 7120 7130 7246 7351 7359 7468 7503 7859
97 36 114 199 323 389 434 527 643 745 857 902 949 1056 1078 1115 1163 1188 1246 1302 1389 1431 1504 1586 1684 1745 1856 1867 1976 2006 2126 2200 2285 2421 2538 2574 2647 2760 2912 3018 3104 3156 3230 3275 3427 3483 3537 3571 3655 3772 3826 3895 4011 4073 4110 4220 4376 4511 4586 4649 4673 4695 4735 4806 4866 4905 5007 5029 5141 5221 5243 5305 5391 5448 5516 5553 5658 5729 5860 5948 6046 6167 6333 6410 6516 6599 6696 6787 6922 7039 7123 7230 7285 7322 7398 7438 7510 7880
95 37 171 250 353 476 563 691 786 836 918 979 1109 1203 1291 1433 1493 1585 1676 1778 1850 1911 1960 2092 2188 2206 2348 2440 2466 2590 2641 2713 2793 2871 2935 3003 3109 3151 3212 3245 3286 3308 3391 3431 3502 3534 3697 3762 3767 3885 3932 4076 4185 4261 4332 4478 4527 4589 4671 4728 4770 4884 4932 4973 5018 5093 5155 5324 5444 5532 5645 5675 5735 5812 5885 5900 5997 6120 6197 6267 6316 6396 6462 6560 6648 6766 6882 6984 7080 7137 7141 7236 7361 7422 7439 7858
93 38 45 67 249 351 402 427 567 669 775 884 941 998 1061 1072 1158 1263 1303 1368 1482 1622 1716 1797 1833 1872 1923 2042 2199 2317 2372 2483 2579 2693 2746 2814 2890 2985 3100 3209 3314 3399 3474 3566 3696 3733 3783 3814 3861 3910 4001 4026 4209 4316 4347 4451 4473 4567 4653 4697 4778 4841 4908 4992 5128 5236 5345 5398 5484 5554 5634 5706 5791 5838 5920 6033 6147 6194 6263 6429 6455 6540 6631 6698 6780 6862 6908 7018 7157 7240 7307 7382 7577 7594
97 39 51 117 205 237 333 352 405 481 562 628 730 782 812 890 947 991 1102 1129 1274 1321 1397 1461 1611 1694 1848 1929 2007 2135 2218 2279 2306 2423 2529 2609 2669 2722 2751 2818 2834 2905 2969 3122 3166 3204 3269 3350 3397 3439 3480 3584 3647 3754 3860 3931 4004 4100 4160 4231 4284 4339 4470 4531 4650 4699 4745 4771 4907 4972 5034 5231 5352 5473 5604 5663 5711 5753 5907 5999 6050 6118 6181 6286 6421 6493 6570 6671 6726 6829 6905 6980 7040 7100 7228 7333 7471 7567
90 40 102 209 289 346 515 587 667 767 834 899 988 1042 1179 1244 1315 1445 1579 1633 1661 1815 1866 1952 2027 2059 2130 2225 2355 2445 2490 2536 2623 2709 2820 2887 2998 3088 3171 3188 3282 3395 3488 3620 3634 3736 3816 3920 3962 4066 4145 4172 4317 4334 4435 4549 4572 4666 4765 4824 4889 5026 5138 5226 5246 5446 5511 5597 5654 5688 5825 5863 5991 6062 6163 6288 6355 6471 6576 6611 6733 6828 6866 6900 6991 7079 7186 7269 7385 7437 7628
101 41 200 283 306 343 422 524 654 754 819 955 1044 1105 1266 1350 1398 1444 1486 1519 1587 1624 1718 1812 1855 1935 2009 2022 2173 2249 2349 2447 2534 2575 2603 2691 2783 2853 2928 2988 3004 3033 3101 3161 3299 3360 3433 3519 3549 3597 3658 3773 3844 3888 3928 3976 4068 4166 4206 4299 4456 4542 4610 4737 4772 4821 4955 5076 5116 5188 5228 5274 5338 5418 5559 5657 5661 5708 5808 5854 5902 6001 6097 6166 6242 6352 6458 6547 6626 6664 6744 6790 6916 7024 7155 7211 7288 7367 7406 7432 7535 7690
88 42 124 156 272 324 393 471 606 678 790 942 1004 1034 1125 1258 1365 1424 1488 1571 1654 1759 1901 1985 2057 2088 2241 2396 2427 2436 2503 2558 2650 2840 2943 3020 3052 3180 3233 3298 3421 3473 3559 3684 3800 3880 4039 4099 4117 4192 4274 4420 4477 4502 4635 4750 4830 4895 4954 5040 5146 5154 5193 5358 5445 5587 5640 5757 5894 5960 6098 6215 6234 6326 6372 6406 6544 6634 6669 6728 6772 6831 6918 7016 7068 7194 7255 7311 7396
95 43 110 139 191 280 400 510 554 633 725 805 898 951 1010 1195 1289 1355 1475 1531 1646 1674 1750 1804 1839 1937 1986 2068 2170 2244 2332 2397 2473 2512 2581 2694 2791 2884 2966 3035 3103 3189 3265 3340 3367 3408 3520 3607 3695 3726 3929 3989 4105 4162 4360 4443 4541 4638 4741 4813 4870 4929 4962 5009 5117 5209 5286 5357 5456 5520 5580 5700 5767 5827 5859 5969 6034 6053 6131 6182 6224 6259 6379 6505 6587 6729 6782 6819 6864 7002 7103 7170 7210 7363 7391 7642
98 44 142 204 279 300 444 490 494 610 695 753 807 889 961 1049 1108 1189 1231 1348 1359 1416 1471 1536 1607 1687 1767 1858 1906 1994 2048 2240 2318 2398 2439 2527 2622 2642 2717 2835 2908 2977 3062 3252 3274 3349 3413 3481 3523 3554 3623 3646 3727 3913 3958 4031 4158 4229 4368 4424 4558 4622 4787 4899 5020 5081 5139 5167 5227 5313 5337 5452 5489 5522 5611 5686 5761 5824 5913 6071 6213 6317 6394 6515 6621 6705 6774 6809 6835 6942 6974 7091 7175 7264 7318 7330 7362 7387 7616
91 46 89 284 415 499 551 579 620 648 704 721 861 972 1029 1100 1134 1255 1334 1420 1473 1582 1601 1744 1794 1946 1966 2054 2106 2260 2366 2470 2561 2700 2796 2882 2961 3034 3133 3219 3279 3366 3508 3590 3676 3780 3815 3952 4042 4168 4248 4372 4547 4627 4718 4807 4849 4909 5063 5120 5135 5290 5397 5420 5495 5546 5614 5732 5797 5884 5978 6091 6142 6261 6392 6517 6534 6589 6676 6739 6805 6878 6924 6979 7048 7082 7188 7241 7290 7317 7390 7549
101 47 146 222 332 380 453 485 538 599 627 686 788 837 897 962 1064 1144 1186 1226 1237 1323 1333 1387 1456 1510 1564 1628 1720 1754 1852 1910 1970 2046 2134 2179 2258 2400 2430 2501 2533 2588 2651 2710 2838 2941 3000 3091 3181 3191 3272 3312 3338 3389 3435 3565 3673 3803 3889 3965 4025 4108 4148 4233 4314 4394 4469 4603 4716 4816 4943 5042 5101 5164 5230 5341 5431 5538 5653 5696 5861 5940 6029 6099 6230 6311 6454 6582 6740 6844 6913 6949 7006 7101 7152 7167 7242 7337 7384 7491 7905 9458
91 48 107 195 221 327 359 477 547 611 665 685 708 740 893 920 1017 1095 1225 1329 1393 1533 1704 1781 1870 1955 2052 2115 2162 2261 2387 2425 2431 2636 2754 2765 2800 2836 3028 3183 3323 3375 3445 3506 3627 3701 3843 3879 3903 3939 3971 4046 4070 4198 4323 4434 4515 4617 4674 4726 4800 4823 4945 5019 5119 5198 5302 5438 5552 5648 5766 5870 5965 6014 6054 6121 6279 6327 6436 6556 6672 6717 6775 6871 6901 6988 7062 7111 7207 7292 7366 7558
85 49 78 252 314 430 489 605 663 843 886 987 1022 1174 1197 1283 1363 1465 1508 1629 1784 1873 1981 2127 2246 2296 2428 2519 2569 2632 2735 2769 2829 2940 3111 3241 3293 3339 3526 3579 3672 3776 3828 3945 4020 4137 4207 4255 4375 4535 4550 4624 4707 4797 4892 4989 5103 5223 5366 5412 5512 5606 5671 5722 5776 5846 5932 6018 6041 6153 6200 6347 6401 6536 6652 6742 6881 6937 7009 7125 7145 7193 7279 7321 7443 7619
88 50 61 169 271 330 417 473 631 778 860 940 1117 1229 1375 1489 1552 1625 1771 1844 1932 2000 2104 2234 2294 2380 2475 2548 2616 2731 2805 2901 2945 3038 3106 3227 3317 3429 3573 3692 3825 3867 3924 4021 4080 4129 4140 4225 4350 4462 4536 4626 4722 4798 4848 4868 4912 4930 5111 5183 5244 5375 5400 5497 5633 5798 5975 6025 6117 6216 6299 6341 6420 6439 6508 6572 6617 6682 6783 6850 6933 6997 7074 7173 7237 7266 7381 7470 7910
90 52 145 248 354 445 479 584 664 751 835 943 1033 1093 1118 1187 1286 1357 1484 1534 1568 1689 1790 1891 1934 2081 2180 2259 2365 2454 2539 2593 2629 2721 2767 2832 2881 2947 3083 3201 3343 3426 3541 3605 3707 3766 3849 4006 4061 4144 4258 4433 4475 4563 4651 4698 4794 4838 4880 5027 5069 5199 5291 5364 5437 5505 5560 5617 5727 5796 5820 5970 6069 6124 6239 6295 6445 6503 6562 6615 6714 6816 6823 6923 7076 7127 7239 7309 7395 7698 9264
103 53 179 235 276 373 446 511 588 679 718 804 904 950 1020 1089 1131 1245 1383 1432 1480 1567 1675 1724 1779 1802 1876 1999 2029 2138 2198 2354 2444 2543 2568 2655 2692 2749 2856 2954 3002 3148 3175 3213 3319 3392 3432 3468 3530 3633 3690 3750 3819 3899 3982 4014 4139 4197 4275 4408 4466 4609 4662 4727 4775 4903 4971 5039 5090 5102 5194 5304 5316 5386 5447 5558 5638 5674 5758 5823 5849 5941 6083 6146 6183 6282 6336 6409 6541 6594 6605 6673 6753 6793 6911 6966 7036 7086 7162 7252 7348 7423 7489 9335
96 54 119 213 320 365 414 450 536 561 668 762 832 856 960 1121 1136 1250 1278 1425 1539 1572 1677 1725 1823 2004 2072 2136 2172 2264 2323 2368 2458 2566 2601 2652 2819 2867 2938 3036 3077 3140 3195 3243 3378 3422 3550 3611 3718 3824 3887 3983 4051 4200 4295 4409 4484 4562 4634 4691 4714 4855 4940 5014 5050 5137 5171 5294 5343 5441 5483 5602 5616 5750 5786 5857 5954 6022 6138 6256 6287 6370 6447 6549 6614 6667 6794 6833 6884 7001 7061 7107 7131 7208 7338 7454 7608
94 55 188 220 291 387 433 484 617 709 817 885 913 984 1043 1113 1148 1316 1395 1469 1540 1589 1679 1772 1832 1886 2070 2148 2243 2343 2437 2507 2584 2621 2689 2756 2795 2859 2869 2921 2974 3124 3207 3304 3342 3482 3542 3598 3663 3698 3810 3907 3991 4125 4213 4326 4472 4514 4659 4732 4804 4878 4960 5015 5049 5165 5210 5287 5370 5427 5545 5583 5712 5790 5848 5909 5979 6090 6186 6324 6397 6433 6482 6561 6592 6723 6837 6897 7042 7104 7198 7249 7357 7442 8380
88 56 65 184 227 403 461 529 589 632 712 773 850 931 999 1145 1221 1264 1336 1411 1555 1708 1801 1881 1939 2015 2063 2086 2175 2307 2449 2627 2676 2771 2879 2984 3084 3132 3235 3315 3335 3463 3497 3585 3725 3794 3930 3984 4054 4119 4169 4288 4343 4389 4459 4530 4613 4694 4789 4825 4921 4985 5105 5179 5269 5335 5461 5533 5628 5784 5816 5892 5933 6072 6123 6244 6342 6415 6495 6537 6583 6759 6847 7020 7134 7189 7286 7355 7537
92 57 96 175 375 428 487 526 645 662 673 758 840 934 990 1168 1190 1260 1307 1400 1453 1530 1577 1617 1682 1756 1846 1959 1988 2067 2146 2182 2236 2310 2402 2532 2660 2714 2774 2929 2955 3080 3193 3240 3322 3418 3457 3504 3594 3719 3836 3941 4002 4022 4077 4122 4130 4281 4370 4548 4670 4712 4811 4936 4999 5044 5150 5196 5288 5376 5534 5677 5747 5809 5858 5914 6039 6144 6306 6375 6502 6581 6668 6719 6874 6950 7088 7184 7257 7281 7316 7420 7681
94 58 118 196 317 335 440 517 694 820 872 932 974 1003 1107 1196 1301 1356 1429 1499 1549 1664 1738 1909 1984 2020 2091 2111 2227 2298 2353 2374 2442 2517 2591 2706 2752 2865 2987 3090 3110 3199 3253 3373 3425 3450 3546 3688 3821 3951 3997 4115 4270 4312 4351 4476 4636 4684 4752 4872 5008 5047 5106 5222 5251 5340 5402 5471 5543 5613 5684 5817 5895 5966 6008 6107 6108 6250 6315 6337 6451 6520 6600 6680 6750 6798 6857 6934 7032 7122 7147 7190 7277 7378 7728
95 59 101 242 301 386 451 478 549 615 693 748 813 882 935 993 1146 1154 1201 1280 1327 1437 1528 1638 1663 1717 1755 1826 1917 1998 2128 2293 2340 2476 2611 2747 2849 2976 3043 3097 3155 3264 3393 3402 3495 3539 3596 3665 3679 3782 3807 3886 3993 4097 4133 4181 4269 4387 4486 4574 4675 4702 4779 4799 4927 4986 5122 5140 5225 5317 5351 5393 5429 5599 5715 5874 5980 6020 6035 6220 6312 6339 6441 6506 6551 6691 6748 6836 6887 6960 7072 7124 7135 7297 7440 9765
99 62 163 265 341 383 431 533 629 672 731 851 964 1009 1057 1112 1173 1222 1311 1405 1503 1559 1606 1714 1827 1875 1921 1980 2032 2071 2187 2256 2297 2435 2530 2678 2833 2864 2924 2951 3045 3150 3165 3217 3260 3387 3492 3536 3616 3712 3812 3936 3966 4050 4104 4143 4205 4342 4415 4431 4458 4501 4588 4717 4762 4826 4916 4950 5028 5127 5247 5365 5488 5541 5579 5619 5646 5726 5844 5886 6042 6079 6154 6232 6294 6432 6501 6550 6627 6650 6763 6800 6858 6968 7049 7139 7220 7315 7421 7466
94 63 181 254 305 368 474 501 537 680 757 800 892 1002 1065 1149 1238 1297 1410 1459 1545 1634 1742 1808 1895 1975 2100 2169 2201 2302 2377 2452 2496 2599 2649 2792 2907 2999 3024 3086 3159 3239 3329 3428 3479 3636 3682 3705 3774 3893 3954 3964 4009 4164 4251 4277 4327 4446 4508 4583 4619 4689 4810 4844 4877 4995 5095 5156 5320 5387 5460 5518 5632 5756 5850 6023 6105 6172 6258 6328 6380 6456 6507 6564 6588 6688 6708 6852 6920 7013 7113 7221 7320 7413 7519
94 64 183 245 266 362 392 412 507 585 719 735 764 869 965 995 1036 1128 1191 1224 1352 1412 1507 1543 1583 1737 1786 1905 2023 2049 2154 2193 2219 2289 2405 2555 2612 2665 2704 2811 2944 3042 3096 3173 3288 3354 3447 3544 3632 3761 3818 3914 3968 4087 4247 4320 4393 4513 4566 4688 4734 4792 4857 4926 5003 5149 5201 5282 5307 5396 5487 5549 5609 5789 5904 5984 6052 6127 6201 6227 6298 6386 6463 6548 6675 6779 6838 6915 6961 7078 7203 7303 7424 7540 7805
97 66 79 153 208 267 371 465 540 607 642 765 808 867 936 1041 1111 1223 1319 1426 1517 1563 1688 1723 1838 1927 2017 2080 2189 2245 2324 2446 2521 2551 2608 2663 2702 2824 2989 3037 3092 3154 3216 3303 3411 3471 3517 3568 3644 3721 3827 3943 3981 4081 4102 4183 4243 4286 4412 4485 4529 4665 4687 4837 4902 4987 5108 5175 5293 5394 5485 5568 5714 5805 5855 5901 6006 6061 6140 6190 6304 6343 6440 6483 6545 6685 6727 6875 6967 7012 7089 7159 7206 7262 7375 7486 7678 8198
89 68 73 185 292 413 525 655 723 769 833 926 1032 1096 1123 1241 1305 1358 1452 1502 1588 1660 1757 1841 1938 1995 2021 2069 2123 2238 2319 2392 2477 2614 2703 2780 2850 2949 3063 3135 3160 3210 3377 3527 3610 3670 3732 3765 3915 3980 4062 4177 4244 4283 4344 4430 4524 4599 4667 4766 4900 5011 5062 5129 5163 5255 5354 5415 5450 5492 5607 5728 5818 5964 6028 6143 6280 6309 6393 6514 6646 6746 6824 6891 6956 7055 7191 7270 7463 7898
102 69 125 157 230 307 419 483 555 618 650 746 795 880 1031 1110 1205 1262 1324 1354 1464 1544 1636 1666 1709 1785 1868 1969 2026 2125 2222 2305 2367 2487 2553 2635 2673 2719 2797 2825 2896 2993 3015 3071 3125 3205 3270 3309 3452 3624 3720 3833 3862 3874 3912 4058 4132 4227 4369 4405 4491 4553 4618 4676 4709 4801 4833 4925 4967 5035 5060 5074 5133 5190 5267 5312 5360 5482 5525 5565 5668 5721 5814 5919 6057 6195 6248 6340 6390 6521 6653 6720 6830 6953 7010 7151 7209 7275 7326 7369 7504 7852 8595
92 70 151 192 262 342 429 447 550 661 792 888 994 1054 1206 1292 1308 1351 1406 1497 1550 1605 1681 1816 1930 2037 2099 2215 2357 2417 2582 2604 2729 2768 2823 2866 2971 3032 3082 3234 3328 3383 3448 3510 3576 3625 3669 3813 3904 4007 4202 4329 4362 4506 4573 4704 4819 4850 4968 5021 5088 5136 5278 5329 5421 5535 5586 5651 5738 5830 5877 5928 5942 6016 6161 6211 6266 6329 6361 6449 6513 6602 6713 6751 6885 6962 7022 7087 7153 7234 7346 7476 8376
92 71 81 111 217 260 374 454 468 598 600 674 771 866 908 958 1006 1156 1288 1342 1513 1514 1542 1614 1711 1822 1877 1971 2098 2122 2213 2341 2403 2486 2570 2583 2671 2711 2801 2845 2964 3075 3152 3273 3404 3507 3580 3621 3660 3769 3863 3906 3942 4017 4204 4266 4346 4402 4532 4642 4705 4820 4966 5054 5115 5181 5240 5339 5383 5475 5557 5637 5725 5799 5959 6056 6096 6185 6247 6290 6407 6468 6539 6596 6629 6764 6804 6925 6994 7165 7332 7397 7524
95 72 97 108 201 312 438 516 649 690 741 865 905 985 1068 1104 1180 1284 1386 1438 1501 1609 1693 1777 1896 1956 2013 2155 2303 2411 2542 2643 2757 2858 2916 3017 3123 3182 3259 3320 3490 3601 3662 3746 3786 3804 3878 3933 4000 4086 4189 4252 4278 4328 4423 4482 4551 4658 4748 4780 4835 4881 4935 5025 5144 5239 5373 5425 5493 5594 5710 5774 5871 6011 6075 6192 6278 6362 6443 6486 6526 6591 6610 6745 6777 6870 6910 7003 7092 7102 7197 7312 7370 7417 7473 9975
89 74 122 134 299 411 452 573 636 747 906 1001 1077 1233 1251 1347 1460 1615 1719 1782 1864 1916 2074 2167 2257 2274 2386 2595 2690 2821 2904 3025 3117 3237 3287 3388 3460 3529 3570 3615 3650 3735 3802 3840 3883 3970 4075 4187 4238 4302 4364 4428 4504 4561 4616 4693 4769 4852 4901 4920 5024 5033 5061 5157 5272 5346 5510 5577 5621 5733 5811 5896 5982 6030 6064 6204 6246 6350 6431 6489 6590 6692 6786 6822 6899 7031 7138 7278 7461 7492
82 75 150 243 377 493 574 755 863 996 1124 1218 1269 1372 1487 1596 1671 1761 1847 1945 2028 2119 2183 2221 2320 2328 2409 2544 2685 2770 2894 2915 3001 3072 3121 3268 3336 3501 3551 3609 3659 3757 3917 4074 4088 4151 4276 4422 4489 4632 4678 4758 4874 4928 5079 5162 5299 5353 5469 5575 5650 5835 6007 6024 6089 6139 6170 6229 6307 6345 6434 6492 6687 6718 6812 6856 6912 6940 7025 7129 7258 7449 7472
95 76 135 206 355 421 508 616 619 715 772 875 903 986 1039 1086 1192 1293 1367 1428 1472 1569 1593 1640 1683 1726 1834 1957 1991 2062 2144 2185 2300 2364 2488 2587 2659 2773 2934 3023 3138 3169 3254 3376 3412 3467 3587 3671 3747 3789 3838 4005 4116 4228 4262 4418 4460 4577 4751 4843 4924 5001 5096 5147 5160 5211 5277 5356 5417 5515 5591 5749 5866 5911 5963 5994 6101 6189 6235 6335 6385 6525 6636 6709 6778 6811 6954 6976 7064 7109 7174 7233 7349 7393 7418 9658
96 77 126 203 256 340 442 521 597 732 879 1014 1087 1185 1253 1272 1349 1423 1463 1578 1631 1758 1789 1904 1977 2043 2089 2207 2304 2325 2375 2456 2572 2648 2682 2728 2816 2831 2861 2968 3040 3134 3231 3351 3424 3475 3618 3748 3848 3935 4048 4079 4210 4325 4357 4413 4537 4615 4686 4760 4832 4917 4959 5066 5177 5242 5281 5327 5436 5501 5574 5683 5746 5819 5878 5937 5993 6086 6148 6177 6231 6297 6424 6500 6578 6632 6697 6806 6948 7004 7075 7160 7212 7336 7380 7410 7526
93 80 106 170 277 361 482 565 700 793 896 1015 1083 1137 1259 1371 1466 1561 1608 1739 1828 1925 1949 2055 2117 2178 2273 2351 2406 2472 2494 2600 2654 2687 2776 2893 2925 3087 3176 3292 3346 3489 3540 3648 3740 3798 3905 3987 4044 4134 4161 4178 4290 4303 4366 4421 4505 4628 4715 4757 4864 4939 4965 4982 5064 5173 5189 5314 5462 5570 5624 5669 5775 5847 5992 6103 6115 6164 6284 6323 6364 6460 6559 6630 6770 6865 6971 7045 7059 7142 7232 7271 7354 7658
96 82 164 218 238 325 385 408 505 613 675 697 799 842 953 1018 1051 1147 1325 1413 1546 1690 1751 1829 1953 2075 2143 2247 2329 2383 2481 2577 2637 2725 2827 2930 3005 3011 3068 3116 3174 3185 3278 3302 3321 3406 3478 3521 3629 3681 3890 3901 3972 4034 4171 4250 4294 4330 4355 4395 4503 4568 4679 4814 4893 5002 5046 5148 5300 5453 5500 5540 5598 5752 5804 5867 5923 5935 5973 6078 6129 6173 6260 6414 6472 6512 6606 6647 6749 6843 6894 6964 7041 7149 7244 7374 7587
95 83 113 182 214 239 297 401 502 558 647 713 823 887 963 1021 1098 1198 1271 1378 1407 1447 1590 1743 1831 1964 2038 2087 2152 2226 2242 2344 2441 2518 2631 2657 2742 2847 2967 3058 3168 3250 3348 3420 3444 3459 3553 3613 3703 3817 3916 3959 4103 4193 4195 4338 4348 4383 4493 4576 4652 4744 4805 4923 4938 4978 5043 5159 5219 5344 5451 5528 5596 5682 5771 5803 5922 5977 6114 6223 6301 6378 6487 6554 6639 6758 6818 6883 7011 7140 7202 7235 7401 7565 8441 9348
92 84 130 229 315 364 455 506 546 651 816 907 969 1084 1106 1194 1273 1317 1454 1492 1520 1575 1632 1748 1800 1900 1922 2012 2093 2149 2161 2283 2352 2412 2531 2596 2653 2732 2790 2923 3022 3119 3247 3295 3344 3449 3518 3556 3734 3822 3926 4060 4222 4305 4337 4373 4471 4520 4579 4630 4706 4719 4836 4974 5041 5123 5248 5319 5378 5472 5589 5660 5718 5833 5967 5998 6047 6068 6150 6243 6321 6422 6485 6640 6677 6715 6797 6959 7058 7093 7280 7372 7520
91 85 168 228 311 418 566 622 688 749 810 877 945 1035 1178 1234 1275 1337 1441 1604 1668 1795 1817 1860 1954 2164 2269 2339 2389 2504 2625 2777 2891 3014 3105 3224 3300 3318 3417 3545 3710 3809 3902 3923 3977 4065 4126 4215 4306 4333 4407 4449 4518 4557 4654 4747 4818 4996 5112 5217 5264 5355 5409 5509 5592 5642 5707 5777 5864 5930 6012 6145 6208 6320 6413 6428 6504 6532 6580 6642 6706 6771 6834 6869 6965 7053 7166 7224 7324 7480 7591 9417
87 86 132 240 391 424 545 653 684 768 849 930 1047 1062 1151 1211 1322 1366 1495 1649 1699 1773 1908 1983 2031 2077 2214 2326 2461 2565 2667 2723 2748 2804 2886 2960 3029 3099 3276 3407 3543 3675 3751 3806 3856 3985 4123 4212 4289 4419 4528 4607 4648 4701 4795 4906 4988 5052 5161 5204 5266 5369 5449 5499 5652 5702 5769 5845 5872 5938 5971 6040 6135 6257 6348 6399 6496 6601 6659 6767 6876 6981 7046 7169 7215 7304 7429 7794
91 87 136 234 367 488 578 656 734 802 871 944 983 1126 1213 1228 1345 1496 1524 1598 1650 1705 1820 1885 1942 2018 2118 2204 2311 2333 2511 2567 2598 2645 2730 2799 2837 2948 3053 3107 3192 3222 3326 3409 3493 3572 3592 3704 3771 3855 3957 4015 4136 4208 4235 4381 4495 4645 4736 4888 4944 4970 5132 5270 5363 5466 5539 5562 5666 5680 5779 5813 5873 5944 6060 6168 6221 6332 6405 6446 6465 6571 6684 6725 6789 6936 7050 7094 7158 7323 7399 7435
98 88 105 197 247 350 439 475 530 594 630 787 925 1008 1058 1150 1200 1298 1374 1494 1557 1642 1734 1769 1879 1928 1968 2090 2216 2267 2334 2413 2457 2482 2552 2618 2696 2739 2870 2978 3066 3157 3244 3267 3359 3414 3496 3535 3599 3739 3770 3834 3988 4030 4053 4120 4165 4223 4324 4356 4401 4467 4498 4612 4647 4729 4784 4941 5005 5057 5184 5275 5377 5465 5547 5622 5679 5788 5893 6002 6048 6174 6210 6310 6430 6511 6568 6641 6738 6848 6902 6941 7043 7117 7222 7253 7344 7416 7544
98 90 149 275 384 462 518 552 657 706 821 919 968 989 1069 1094 1160 1240 1300 1346 1373 1396 1522 1581 1592 1623 1712 1774 1842 1933 1990 2024 2147 2209 2250 2291 2399 2467 2526 2638 2786 2813 2926 2990 3061 3114 3115 3141 3285 3357 3415 3547 3661 3745 3801 3858 3946 3973 4047 4118 4257 4310 4403 4512 4608 4711 4783 4831 4984 5056 5121 5142 5252 5289 5348 5367 5439 5566 5588 5701 5740 5840 5986 6165 6184 6302 6368 6480 6531 6608 6678 6761 6895 6957 7069 7168 7265 7352 7455
90 91 155 318 347 469 548 641 737 855 922 971 1046 1082 1099 1204 1256 1362 1414 1478 1594 1610 1753 1878 1898 2016 2107 2158 2237 2287 2359 2491 2620 2668 2679 2778 2841 2959 3059 3126 3144 3226 3352 3430 3516 3604 3717 3744 3882 4038 4114 4167 4307 4384 4448 4522 4611 4746 4871 4990 5017 5130 5166 5261 5414 5481 5556 5641 5665 5768 5865 5889 5952 6036 6080 6217 6281 6382 6479 6522 6607 6736 6815 6880 6985 7156 7256 7301 7403 7502 8182
90 92 116 232 394 512 564 595 759 839 938 992 1073 1220 1343 1415 1483 1591 1736 1824 1882 1936 2019 2112 2171 2220 2275 2394 2469 2556 2718 2851 2906 3009 3079 3118 3139 3258 3296 3476 3578 3699 3797 3891 3999 4010 4112 4186 4309 4367 4414 4480 4534 4606 4637 4743 4790 4873 4949 5012 5084 5185 5306 5381 5404 5514 5517 5578 5685 5837 5955 6015 6044 6109 6236 6262 6338 6416 6484 6577 6701 6801 6914 7063 7150 7214 7287 7347 7412 7654 8203
93 93 129 141 251 334 369 423 602 677 752 780 838 939 1005 1074 1152 1242 1261 1326 1422 1574 1670 1731 1859 1897 1997 2040 2053 2120 2168 2230 2316 2390 2515 2602 2626 2724 2766 2885 3013 3039 3095 3147 3203 3332 3441 3564 3631 3722 3841 3938 4027 4109 4182 4268 4386 4436 4516 4584 4668 4755 4913 4994 5168 5235 5326 5442 5576 5623 5687 5720 5741 5876 5957 6009 6102 6245 6318 6358 6425 6490 6533 6584 6643 6741 6845 6932 7021 7081 7133 7268 7314 7405
88 94 99 194 329 404 457 514 593 727 822 862 929 982 1114 1277 1364 1435 1584 1616 1653 1762 1836 1965 2039 2181 2223 2282 2361 2424 2523 2573 2613 2716 2782 2854 2980 3142 3158 3208 3255 3289 3384 3515 3552 3657 3749 3870 3896 3963 4083 4170 4259 4358 4454 4533 4643 4690 4774 4897 4964 5107 5170 5200 5279 5349 5407 5524 5630 5748 5875 5917 6013 6122 6169 6289 6360 6408 6510 6618 6670 6704 6842 6945 7000 7154 7331 7459 7536
96 95 121 137 207 295 356 463 496 560 603 638 738 818 847 981 1052 1091 1236 1314 1361 1394 1457 1538 1645 1702 1746 1853 1924 2014 2116 2271 2337 2385 2455 2495 2571 2634 2761 2873 2932 2995 3093 3145 3262 3386 3509 3639 3714 3868 3919 4016 4155 4234 4280 4304 4404 4461 4587 4595 4655 4696 4776 4828 4934 5048 5152 5253 5334 5405 5521 5573 5678 5737 5897 5953 6049 6110 6151 6283 6325 6346 6461 6542 6654 6730 6781 6814 6978 7054 7128 7219 7273 7284 7386 7516 8609
