92 3758 9547 9427 337 2978 5119 2119 2580 2533 7341 7717 8831 2423 2016 7713 5063 7646 7829 359 9819 5544 5969 3447 4185 9408 3290 3235 9005 5883 1514 4140 914 9506 9925 3201 2011 1211 8879 4458 1428 1969 9743 73 6117 1210 5635 7861 9406 3390 6463 2308 1515 4385 2691 3590 8308 9082 6168 1901 4324 9379 9572 8354 4807 7352 4881 260 2941 1333 2311 9388 552 9776 386 8854 7685 3523 4468 2991 2182 1393 9948 9741 2133 596 3458 8823 291 5258 5046 8299 2999
89 5530 1851 6801 8201 722 249 4852 4197 1854 5728 7355 1296 21 2662 3958 9651 4292 1320 3147 245 707 5049 2307 5317 8256 9022 246 5945 9055 3309 9964 3878 8944 5894 7115 7279 6570 525 7516 7716 6890 9892 4093 8265 7815 3703 7960 6745 8776 2524 6181 5322 5124 1927 7228 5087 5667 1683 9172 6451 4786 150 8342 8275 5105 2202 7294 6930 213 9360 1733 6494 13 757 7636 8698 5276 8229 5864 3467 2261 8269 701 5818 2652 1358 4183 4174 3420
93 5822 2646 1631 422 1116 6435 101 8516 6637 7442 926 6441 1148 8002 4681 1769 5774 1289 3554 9241 619 4516 3468 3261 132 2080 2054 3056 1529 7502 4844 2138 2287 3437 4824 1392 3899 2369 9199 7748 8624 6267 4049 5364 3205 3116 8442 3270 5678 4692 862 7718 2181 4477 3328 3653 1340 2762 6796 449 939 7977 9226 6951 6610 7183 7483 7304 9321 1224 9903 238 9539 6125 5446 4660 8504 4227 9456 4569 8345 834 992 3601 4420 7021 3324 8703 4301 4291 445 7075 6420
94 7226 823 4261 5620 2904 5359 2319 7688 3633 3841 9688 3999 6305 2514 4178 5152 4570 3719 5747 9130 2177 5723 6235 1491 425 1043 1153 7040 9511 5389 4819 4199 2822 2767 3160 3363 7020 7736 2406 7764 5365 8852 8751 3689 4332 9348 5751 4718 500 2434 3032 2893 516 8644 6850 6739 5765 8267 2836 7995 3662 9713 573 9915 1619 697 5557 4892 7022 691 2415 5824 5536 6102 5358 4369 296 7211 2977 600 44 1181 6262 8526 6842 5984 1693 9794 52 5887 561 1739 7562 9536
91 7594 5412 1970 2706 1026 2651 863 6867 5404 3716 8959 6916 1342 9496 123 2628 5382 4262 3164 7629 1009 6812 7242 7658 287 6075 5482 5652 5674 1255 2997 6335 2736 9634 3266 2970 7749 7711 9894 7218 2689 370 4460 9803 3104 8842 848 3860 9260 7537 1828 6703 544 1674 7170 6566 8353 9102 3998 8422 4355 3630 1199 4566 2795 6943 6889 7069 502 3281 4389 2679 97 7664 8051 9464 7214 8908 4604 5801 8140 9900 6315 6063 9556 806 3580 2597 3353 6406 7619
87 3570 4706 7024 4184 458 2411 7239 8702 1624 8233 8488 4871 7950 9302 3202 7663 6515 865 352 5533 1433 8365 8181 3781 2523 6965 5632 6689 9631 3701 1826 3679 6088 3829 2702 2998 222 5378 9017 9858 5884 8525 2570 850 6289 9808 2640 7956 5797 8207 7101 6988 5348 2123 3664 8242 5316 7204 1304 8137 5465 2336 3161 4279 3058 2777 5857 608 2557 7348 5720 8160 7675 1326 2432 4433 9607 4619 1808 5223 9641 8270 4334 8132 2608 5940 9401
97 1412 6652 8136 9530 7884 2666 4761 6845 6599 5137 5387 5579 1394 5025 483 8994 1896 6874 2155 3118 2743 180 7851 4219 3599 4524 6317 8931 3740 1505 7801 2846 409 3648 72 4535 4429 5900 3338 4350 3857 9220 8555 9099 4255 9414 577 4999 3474 9714 7760 4399 3200 9809 7551 7141 4225 4797 5992 3835 7484 7868 2851 2581 6223 8151 9150 2896 3379 9081 7789 2014 7894 6221 7788 3868 4037 6059 3935 3822 9046 4942 332 8748 6208 4012 9244 7071 7994 2912 4829 461 2031 3327 271 280 8857
93 2636 2688 8175 4924 7800 6497 3621 9691 7318 5741 6972 1918 8609 6773 6197 7622 2046 3238 5628 2750 6323 3002 8534 964 3901 8119 9609 5236 6455 4645 3851 4495 3530 3566 6995 3972 6756 6792 4753 2022 3685 6763 7932 5814 813 4400 3052 8732 7969 5606 8286 4442 8111 5188 2255 5682 5921 6987 7090 2200 8509 4617 5701 6122 5767 505 3953 9860 5819 7790 7662 4789 1046 4712 2065 9973 3141 9636 7705 471 6828 8822 7536 282 315 5283 9623 3019 696 3582 3628 7212 3081
88 1098 7507 4008 8154 1666 5662 1130 7302 4379 482 7465 7439 6541 5112 5614 2126 6936 181 9711 2499 7669 9026 5043 7 2820 9154 2354 874 4028 3974 683 2711 7258 6024 5952 7172 5773 5523 1303 3405 5260 8238 692 6636 2247 4628 5342 5578 1157 7208 5392 8861 6111 2088 1419 4505 2254 9284 1178 1835 1483 5568 9289 7522 4876 3539 313 7613 9991 9234 3990 3031 1058 8312 9201 4151 7138 227 1867 828 8476 8447 4538 4058 1383 2066 8350 6693
92 2272 7369 3955 4033 5182 3776 2358 6013 2446 434 489 4958 9540 3623 2958 8888 1871 748 1511 8843 6876 6811 8682 824 8100 7180 8500 5839 2700 5471 8546 8146 7194 5971 7734 6864 7539 2477 9542 4044 6092 2986 1510 9167 6029 6477 4143 4085 6209 6368 7464 1662 431 5116 1877 7677 1434 6578 4365 2878 9113 4111 1833 9476 9699 8551 8385 1241 2521 4408 4647 3948 2894 6110 3404 6294 8368 7077 3862 2407 1659 7110 4145 4005 4195 8162 7737 557 9067 7309 1500 9287
96 5 5545 7044 484 9917 6682 1200 9788 8123 1643 2504 1146 2920 8502 5554 374 9571 7887 8148 7176 733 6308 5498 3470 2142 8985 398 6834 7929 1424 6364 6496 4218 2292 6041 3987 9769 7225 8637 3219 3192 5567 9391 9189 41 2286 3174 8190 604 8871 5015 5132 797 8102 1981 3764 7192 1406 4653 9824 9439 3744 2558 8685 9245 4446 2862 6180 8021 5257 319 3820 6439 9754 1457 4395 3535 4160 4234 8352 9698 8530 968 365 6904 4757 4040 8872 3824 1528 3654 6462 1003 1672 9579 3054
90 1030 9149 695 2814 3465 6777 8909 6260 8716 8295 9840 1638 6213 4161 2527 9637 6526 228 5848 1651 2726 9658 739 7914 3231 2460 2806 5450 9982 8317 9073 1617 6449 549 8393 4947 6525 7858 6539 1432 9294 8997 6022 1614 4258 1384 8095 129 880 8896 3600 1283 6302 4779 2338 8079 4461 4299 9987 9271 8469 8505 4476 4636 379 8953 7546 2128 4067 7766 5051 76 2105 6781 7532 6770 1564 8573 7178 1261 7108 2305 8984 5245 2470 9548 876 3472 6457 5694
99 4656 8266 3380 9156 5195 6454 7167 712 4775 1742 2367 5095 6207 5143 507 9748 4698 2403 6054 9914 4287 423 6026 4851 250 5313 9162 1270 309 2076 1872 6011 2087 5805 3216 6967 6115 5181 4983 866 4499 4513 8245 8067 6304 2853 6502 9719 859 4719 4280 7381 1763 8001 3389 5323 163 9385 773 6217 7013 3867 4153 5478 571 8311 6151 8838 8651 6960 295 5129 4475 5995 9396 9567 2205 7247 9375 3934 9426 1696 2283 6600 3146 3229 6298 7209 5561 1857 1276 774 8165 3035 3858 6057 8483 2821 7296
92 8708 5390 7469 2036 3525 6376 9566 3782 5867 7303 3149 9545 6274 4856 521 650 3977 9104 8556 8471 1269 6286 5307 7217 3686 6249 8970 4431 3182 1262 2807 3181 1985 8085 7691 3122 3909 5684 1287 7773 6961 1770 7300 4748 1647 5338 8815 4533 6785 6595 1243 1812 898 2377 3375 5467 1125 2942 8197 6136 2516 8683 8779 9376 6046 1374 919 6550 3546 2228 9209 8654 2552 2379 6074 6835 3411 7809 5486 4861 9684 2525 3632 2740 5898 8585 4135 7113 5649 3115 6483 2382
98 1144 2775 9489 151 4210 2168 8479 200 531 4809 5434 8315 3130 7514 5597 2718 1282 8582 7924 7782 4457 800 8467 9648 2067 3419 368 5059 6832 5147 5853 7938 9190 8692 9437 6352 9993 7577 9361 965 3607 2232 7416 682 3196 3271 400 401 1965 6696 5458 6994 3704 9814 6165 5693 634 539 3017 9667 369 3838 2082 9541 6640 234 9715 7915 2072 789 7495 4571 4243 1204 4277 7431 6791 7909 4996 1895 4231 1068 5663 8948 4483 1677 7654 8307 1478 6387 5363 9802 342 5677 8740 2596 5222 3272
101 4835 7327 5783 7844 5753 7949 1722 2635 6486 298 7490 4051 4462 9181 2961 2796 3861 6929 0 3183 2193 6436 2629 9196 6345 7109 7316 2375 9916 5743 1142 8047 8073 8389 3284 9901 4144 5706 5361 35 6240 7785 7083 925 1938 8133 861 5341 2891 3413 8587 9965 3041 2547 9565 6148 1551 4545 7026 1608 5268 3317 6626 2825 8899 2089 7243 5080 5145 9989 7038 3802 220 8259 7236 7388 2929 1410 3597 6981 2459 343 1791 1768 3563 5329 1513 1449 5623 5938 2692 3400 4367 1968 2926 9629 8387 3754 4319 9697 7503
97 1194 2678 5792 9977 7676 2264 5040 8475 7333 5912 8193 2184 9498 2798 4027 4383 4490 5216 5109 3257 666 5780 5714 1196 815 5793 2476 9168 2321 3233 7728 6076 8942 9924 4142 8567 1085 2644 9821 4250 5269 6170 5072 5622 392 1883 934 6244 3983 5431 986 7740 5603 5120 2952 5337 9441 1420 2390 8159 4325 6401 6047 5655 3946 567 2599 6934 9306 8282 6810 527 4186 478 3726 1382 9854 4965 2890 4655 2611 5776 9876 6361 4410 4633 1474 173 5048 7876 51 3215 7841 2074 9630 256 4848
88 6072 6907 3245 2994 7322 4043 4203 2140 1953 2802 5577 4813 8258 5366 8216 3931 1778 48 8375 1344 9986 5707 5377 4872 3246 8627 3944 6393 588 9524 4679 1548 7412 912 1966 5775 1202 983 3489 8333 8875 4888 8800 3816 8937 5895 2024 720 6370 5229 8231 623 4269 3926 8536 8915 4790 281 7903 9285 9070 6684 6456 1571 7836 9898 8026 2634 705 7906 3579 8749 1944 7768 6893 9835 1024 1216 3854 7993 7466 9141 8796 19 5206 1601 6561 8553
98 6363 2903 69 5149 2995 6372 1189 2574 1997 7475 4123 1710 5627 4796 4599 2134 7377 3970 6699 6945 8733 224 8264 4025 7344 3301 4485 1681 9526 640 5073 6471 3119 6733 1720 1639 8674 7724 2249 9382 2924 5075 4611 7146 8753 4166 4899 5175 656 6176 3185 7610 4541 8418 9353 1115 8550 7940 1183 8906 4548 3973 5744 475 7007 2146 6508 3516 8667 5542 2921 6023 1055 7849 9899 3564 9029 336 1746 2098 187 4260 5308 4887 737 8566 5842 1207 1963 6898 1059 1179 5768 1335 4424 5475 2856 6106
95 7046 5734 8639 3444 3574 1323 7275 4977 8109 1802 8052 6639 6830 7812 6546 8142 5604 7572 8645 4075 6453 1533 1073 99 5988 4092 8662 7281 289 663 1 2278 6322 1280 9368 2060 3791 8969 4755 778 3605 3807 5464 9805 6175 2534 6020 5357 1884 7889 9268 9517 2882 5516 9495 8527 9576 1239 8188 3376 2158 118 8400 9587 2908 2641 5908 8198 8830 1206 8848 2053 7065 7671 9503 5176 2756 5585 8548 5587 4923 1735 6427 5716 8206 6585 3482 8575 8681 5737 8074 3952 4527 1730 2479
95 1064 7320 9695 7743 2542 4378 7405 1240 89 1875 835 9465 5325 7193 5074 462 6530 9615 6040 5881 5100 5866 2370 7935 4077 6174 4079 1506 5146 8638 412 1081 4454 7579 8913 1080 8088 759 2047 2350 6000 7758 8279 1223 6108 1821 1288 7025 785 7423 4064 5653 7984 8033 301 5203 831 3392 3326 7807 4179 5282 3942 2303 4997 9266 1249 3817 7425 1376 4467 9883 6194 5558 7762 4742 3988 8807 8950 6280 7667 4302 871 7034 2102 1708 1021 7596 5704 2934 3378 78 6266 6536 7237
89 8671 4271 9935 6032 9171 3888 4076 1876 946 680 6535 4629 4688 2728 8057 2731 5602 7063 5221 2277 2823 8725 5777 3541 7901 6589 5027 8894 2598 8845 390 765 8978 8407 9997 2258 9505 5843 5642 5345 393 1443 6421 3357 7270 8254 8130 3916 6133 8877 8999 9084 9777 560 8440 9616 9704 7527 3691 9281 8420 8963 3897 7756 7698 4746 143 6271 8739 672 5815 5844 6554 7268 2755 2013 166 1912 2721 6778 3463 8503 5298 2792 8560 7266 3169 6490 5540
90 122 3022 5865 6301 9778 9731 6742 4237 4733 9420 1582 2492 9043 587 6479 8863 5798 5433 4015 30 7556 6540 2282 8128 5208 5449 7432 3932 8960 5955 5311 7704 3736 7814 6093 9499 3839 2954 7727 268 5148 5133 5375 3333 9180 8452 4411 3702 4305 8246 7403 7973 8157 2752 9040 2314 4479 3796 4296 8593 5408 3152 5140 7184 2578 5007 1079 2673 2084 7420 4113 8134 4132 7544 5033 6730 7626 3303 927 9864 4978 8594 750 3883 3730 5645 1213 6996 396 266
90 2137 4986 2463 9558 9160 1929 3226 7041 4984 7325 8955 9343 5162 1964 5690 2483 2645 3763 6121 8936 3300 6073 6880 1844 3522 6809 6751 8167 2299 3800 2051 4573 8183 2754 8284 5958 3007 4874 8918 6625 2151 9309 4853 2559 2021 1002 487 657 4430 7161 6191 9595 7144 1140 1065 9327 3604 339 1567 3624 109 7640 2049 3412 610 179 9888 1219 5880 1987 6044 4358 9462 8236 2250 8224 1518 1535 4029 1787 321 3381 2214 7875 9960 7979 2681 8786 7370 127
88 2439 3135 65 8519 5217 1107 8495 5440 5426 7933 2940 3337 4598 1933 9295 6716 6312 3843 694 7946 9650 394 6139 8539 498 6173 4247 466 582 7461 6749 1612 9746 1794 3082 4675 8122 7907 1103 1988 5840 1806 9574 4642 5937 9856 9423 2018 6152 8324 2213 6084 4951 6245 4985 3521 9729 9272 4370 8096 2565 6555 8538 6648 8933 6976 568 5518 9039 5608 8643 7957 9116 2710 9913 2163 5383 9950 3707 6341 2639 4317 1299 385 3533 85 1477 598
91 8106 5897 1568 7440 3963 6378 7505 9639 5369 4102 3627 6814 8425 3278 7741 9671 2969 4950 1894 9106 7450 8870 2191 9592 1063 4849 6665 3745 5592 3840 2175 8714 5320 4550 7739 6794 7124 7936 6927 6559 3402 4435 8374 523 5349 8704 1653 4471 6163 209 3449 202 6091 5576 1327 7793 2815 8226 1649 4593 8465 5351 1734 3234 5847 2197 4952 7882 9877 5520 752 7119 3669 4615 6306 9706 2132 7751 9300 3117 9955 2545 6753 4606 5293 2194 8450 3165 9945 1072 3374
91 8746 2447 7053 5957 3090 903 6923 5535 9774 84 5355 3608 2461 6408 9050 801 3635 7878 2979 3587 8782 6957 2898 2337 770 6138 5646 1798 8131 9516 9231 1057 8709 879 5581 7757 8448 5760 6544 1027 3364 8798 9078 4694 6931 2626 8061 9622 9076 8689 5056 9392 1846 1574 264 8618 5752 1816 2535 2380 1105 8864 5659 5519 8613 1325 2539 8103 1033 74 4201 4128 258 9832 2658 2025 5122 4737 42 128 3661 7107 8752 8009 2771 2910 9606 630 6910 2486 1187
93 1110 8486 5789 1695 4372 2968 9331 7898 3086 5914 7745 2269 2002 4705 7862 1405 6095 5199 999 7103 8022 706 9096 1781 5596 125 4498 4970 9144 7847 1522 8423 2659 1626 2508 6474 4504 6722 4689 9570 8113 5247 6946 3264 6861 2451 7680 1471 1642 9335 8695 2077 9785 4216 9625 627 6275 5021 2676 3298 2725 8635 9395 6761 4171 6467 3365 7409 5211 5424 6674 9448 7952 6824 7015 3992 6128 8379 4114 6970 1569 4507 3255 9224 9100 8981 1458 7491 5240 3179 1097 1263 9878
96 2528 9611 8055 6619 9604 4169 6720 1191 9992 2624 1318 6750 9016 7492 8443 665 827 4300 6369 4155 5261 7954 4750 3094 647 8631 468 4224 791 2946 1379 6440 6083 4386 1489 6908 7168 8924 7925 9484 6932 2121 8887 4806 3477 7332 8320 349 3606 3688 5360 8337 7699 7203 2364 4590 7197 2593 6980 6332 1800 6632 6698 6445 2677 9052 5713 7597 9325 5017 5439 3457 6416 2622 4371 9257 6386 3812 4623 605 7781 8260 2844 873 9069 932 8005 40 2004 4016 2886 6690 5589 3034 7248 429
96 1810 1294 4330 1061 9817 3907 8826 6241 8310 3391 2930 3629 6949 1587 7922 6404 3085 2037 5826 980 7430 4912 5302 9432 1856 5669 1436 8701 3976 541 1818 908 8691 8900 3512 1309 9307 3967 8967 8911 4808 6888 7742 9485 9736 6065 9482 5977 5513 14 6155 5574 4437 9510 4374 4349 6790 3643 49 963 8802 4228 5497 6688 4715 4792 4290 8755 9001 196 7777 9492 7571 8818 6450 534 3140 5318 3647 7648 2632 2633 4187 5790 3500 9522 772 9357 4001 4812 7216 2005 3658 415 3660 2437
90 4968 4069 586 2627 9638 2238 5541 2297 6082 633 116 5637 3528 1496 8616 7198 6473 1550 7016 7345 8261 4850 3595 8098 1234 8754 6119 6857 4032 1719 4094 8858 8873 64 3529 2274 916 7254 7099 3677 5643 3696 1005 9696 3731 2973 4347 6765 3667 4384 5811 2462 1949 5906 530 2101 4800 8241 2982 6377 7331 4426 252 8696 1644 5594 2419 802 8659 5981 2345 270 1782 4956 2040 2785 9 4596 6346 3920 9949 9932 410 1284 2374 3727 86 2955 4444 1250
94 8293 1914 5425 6766 3505 9217 8156 9275 7865 4937 3360 3836 7591 1257 1903 8865 677 7120 6438 9679 1962 8356 1121 7720 8068 2592 2625 4190 4938 8194 8506 3827 4283 1316 735 5023 9933 9726 2312 8535 5251 5256 428 4335 4581 6255 7670 5460 4727 4293 1797 7939 7142 3314 8649 7173 6991 4630 9755 3859 5660 7625 1976 4060 2784 1291 9954 8075 7199 9804 4091 6468 259 7244 3426 6428 2150 3542 6466 7723 5951 2591 5054 8124 515 1618 7834 102 4464 5461 184 4108 2793 8357
90 3561 5066 3166 9660 7972 3297 3173 2301 4105 1549 2618 2789 4336 5301 6442 2772 8062 1185 3575 6617 2348 1312 2747 4006 7272 655 1222 9440 2484 8251 6169 3189 7185 5994 1946 2324 3331 3170 4783 6882 1897 4373 1646 6348 4168 3619 2984 2714 9291 5944 5262 1749 513 9486 4392 8697 8377 7288 8893 3559 6052 2405 8656 1556 6588 857 5499 5939 3503 8280 1038 5935 996 5715 3232 1758 2530 2738 4245 3296 8338 3001 190 7602 3455 3072 5598 7315 7029 2729
95 6480 3253 5559 9597 635 5091 3767 3997 2996 529 9062 237 1018 1054 413 1850 8783 4329 2041 9086 836 1193 9787 2485 7964 5038 6336 6489 1088 1606 3769 8846 1890 4229 943 8921 3112 1595 7598 5832 6224 2285 8296 6231 3059 622 372 3361 9313 3011 7058 7731 182 6381 2106 4380 8947 5748 2159 2231 4046 1324 4605 9968 406 2325 581 4526 3709 1766 1913 8228 6875 644 9910 4118 9632 7067 9409 68 3172 6328 4760 3808 8663 480 9222 4194 7445 4693 5030 9825 9125 8086 7073
96 599 9680 1208 9109 1512 7702 3532 2544 3029 5974 4409 5123 3889 7679 3083 3283 9417 2660 2607 2857 2720 1859 4652 8239 3739 6594 591 6605 9232 8758 5398 9263 2015 8641 278 5873 6896 540 9389 2654 8138 7295 7227 4126 3980 798 8163 6582 5616 1203 9793 6635 3495 7864 7763 6478 2290 1354 5644 7086 2724 3397 1305 6694 9111 889 3432 5885 3473 8035 7264 9451 5619 4857 3288 6316 1792 3015 7530 9534 4120 7076 6126 3714 9278 5136 5121 5225 8302 5550 2992 2300 9137 6398 3792 3321
96 3821 7877 4613 8670 2866 2199 9518 6394 5397 8212 7165 5746 4981 2774 904 700 3319 8610 5212 6804 439 5770 4285 3985 8665 6655 4551 1143 9904 7001 1120 5631 3951 5610 5151 4438 4814 6417 1439 3814 6726 3795 9744 9806 4614 9007 2918 9742 9410 3395 7649 477 9012 3936 9966 5018 5394 6510 6078 584 4288 5934 2761 5800 7072 6226 2656 6104 1852 7005 5213 4376 3113 8932 2957 1109 9195 4868 4084 4434 3138 5352 5870 5930 1006 1398 353 8091 8853 1267 5448 616 753 9075 2448 7389
87 6431 8359 3195 973 5168 1740 9770 9359 7942 6211 2318 8700 6509 9103 7262 5096 7364 4843 8388 8982 2156 613 7219 6391 3879 4215 738 8634 4473 2848 3224 455 138 6021 465 8713 6135 9056 2496 8347 4915 1842 3650 4241 4512 6668 112 2915 6105 7707 524 7068 5580 589 1132 3425 7334 4000 8965 3793 9627 2526 2794 6710 8289 2454 1075 4638 7560 4125 5144 8336 7820 4337 5718 6884 4402 6503 7827 6351 1462 4119 6147 8615 967 9890 8439
93 174 2809 2230 1725 4528 1278 2330 909 5676 3818 3306 1279 7795 2187 7017 5312 5248 9619 6481 4352 3204 4865 7501 1417 922 4625 2663 2824 4469 2813 3210 8541 7082 5514 6992 7947 3692 8419 8518 2616 7541 7953 8792 9646 9138 8173 9863 294 522 9283 6334 8313 2435 817 3167 3018 364 1801 9721 1891 8706 9025 9930 2010 1525 6412 6670 5672 9494 4934 6803 6203 6758 9797 7584 1827 3571 1480 703 900 3193 7402 2877 5816 987 5936 8029 2227 786 8600 1977 5549 5571
94 8581 4618 3424 6001 2797 2465 940 1455 4554 8451 2843 7682 950 6195 9338 5910 8856 2235 6984 6403 7983 8234 2801 9337 9645 4671 4979 1675 6702 6242 2845 8174 8298 9239 4939 1020 1560 5920 7928 5239 3690 8399 1470 6107 4206 4418 7427 7885 7538 5097 8115 935 2569 9176 3294 2579 1756 395 6311 8017 1336 87 8952 9605 5200 3383 9273 4661 8164 3638 3384 4394 6603 4487 2630 9642 5045 1032 7486 5126 2236 5376 9042 2334 3588 9700 2109 1246 2171 450 9647 318 810 907
88 5327 7455 5421 8577 3320 8003 6096 3099 8668 1874 3237 7792 3236 3318 5963 3438 2653 9318 1604 6523 3186 8016 9038 2604 2715 6715 8468 7289 653 7434 8925 5948 7863 3430 9708 7238 9428 9665 2780 8761 7428 1355 6577 253 1942 4941 2704 603 1171 8482 2657 4364 1451 1982 3057 9088 8019 2294 9519 3940 966 9475 4555 4895 713 3828 5697 9135 7290 8721 7460 6380 826 2326 6017 1635 8135 8949 4207 9730 7726 820 3815 3720 9051 27 9749 5923
97 6061 764 6192 2584 883 3930 5078 4211 293 3733 9277 5639 620 7601 4414 1198 833 61 5764 6924 71 8274 5347 9060 8445 7426 5135 9333 6586 4584 1916 9032 6520 5539 9091 1017 9286 5294 3428 5833 2495 6833 7791 7586 9514 7129 7573 643 7614 9066 6542 7587 4101 3914 452 1700 5961 1160 5010 7280 6895 4440 3874 5435 4486 3351 5110 4754 5838 3892 6415 7767 4263 7659 4333 7374 3592 9203 1848 6855 5287 2849 1298 2225 8291 230 1709 718 5035 9152 8453 3732 6230 5496 6649 2840 5090
90 9390 7496 7692 554 8511 2522 4964 7221 437 6642 82 4639 6971 9560 4443 6409 4173 5703 9895 6389 4021 837 1815 3047 7832 5726 5990 7395 8011 6622 354 5053 5964 840 243 7856 1259 3536 9215 8766 6709 191 3439 6014 2019 9240 8571 4669 1176 7234 6324 729 8580 3408 4182 7250 4784 4801 9857 3307 803 7709 1627 618 3537 1370 4491 1566 9562 7583 1707 5141 9720 1829 1715 9816 583 4918 6734 6583 4164 6055 4141 3040 7446 3680 6114 1066 9882 7524
100 5584 6764 9365 6677 9617 8386 5524 9500 5285 5755 3456 3403 5380 1372 5795 6843 1452 7810 8768 4616 2284 7521 3513 2988 8648 9951 5414 1583 6157 3367 7050 8990 4834 2601 9765 3984 1660 6470 3060 6018 2782 4882 1910 8139 7641 2148 7189 723 9978 2876 485 538 8037 8225 2422 546 8255 3252 420 4910 7632 32 3710 4995 3393 2327 9850 8528 4936 1435 4323 6150 5757 7828 2712 1845 1429 1813 2347 8192 4348 9036 7653 7563 8405 7166 3725 4056 2875 351 4165 4567 5420 1753 3197 8680 2125 4156 4463 9206
94 4122 5226 1789 9763 1540 7992 3746 4221 4480 2708 3499 1479 2478 6039 1086 1657 1273 4765 6877 7958 9128 2865 8726 9225 5328 3906 979 2455 9906 7666 9098 5618 5928 6651 195 6563 1694 8176 1244 377 3406 7367 1592 5118 1973 1467 8588 408 5860 5304 3789 852 4310 5879 7151 5617 8171 2118 2012 5970 2847 4109 6817 2948 5820 7821 4474 5925 6879 7673 4585 1825 4826 902 4003 215 6373 1611 5321 2500 1519 8110 5052 1275 4090 208 4880 2468 5508 688 9568 120 7674 7137
94 9921 6675 6802 6006 8415 1905 9296 6187 6872 8381 5640 443 6743 1887 5633 8408 9685 1386 9000 851 3762 3342 995 4674 7535 3761 6161 6434 734 6852 2211 7057 8 6204 8396 37 2387 9827 3576 2316 8987 7329 2116 7098 3462 212 1389 639 54 7526 7324 2349 1645 2107 7730 3577 1779 6707 7921 558 2742 4534 9303 5474 7308 8120 849 8244 9030 4268 4626 4158 4230 171 5130 2162 2744 7775 8734 9305 6506 4575 3287 8378 1954 29 2034 2000 3259 6099 2394 685 7819 279
92 796 3894 9508 1167 7803 341 5077 7715 327 1629 2090 3139 8780 7545 9153 870 2588 1941 5263 9974 1459 3918 8129 1921 1156 4503 4514 4417 578 9868 9265 4517 9366 3323 2642 5600 2768 3013 9320 9920 7284 4896 2027 6327 8257 460 7306 8512 4891 1759 3358 9163 2127 5422 4226 1332 597 8125 2007 7081 984 1154 8738 882 9434 7941 6729 469 7729 4928 1765 9884 4253 3634 5214 6395 2295 8470 2426 7987 4036 2763 9264 9893 3490 8992 5332 8474 1669 2229 6414 686
91 5234 9184 3872 6277 2655 4375 6902 5638 8065 9644 3239 7380 6343 7839 2701 2573 2251 9037 3506 6205 3273 5882 8430 5590 3487 4251 1104 236 9083 7240 5685 9725 7085 8281 9614 8143 1994 6124 9849 3133 5709 9202 7060 8672 5929 1131 9599 8771 5786 3190 5754 4223 6894 3312 104 7471 1102 486 5418 1339 4794 7399 847 787 1986 8995 7689 3037 2964 8045 9397 998 300 4456 8414 6913 6974 7771 4307 2817 2360 1717 3000 4665 8986 3258 4879 8910 9618 7114 3673
97 4869 3890 8602 4139 3979 9507 509 8213 8576 7961 4272 3244 4654 5634 6552 4073 229 225 8446 1911 2799 4035 7393 625 2917 1925 2481 201 6816 5890 9887 5184 240 391 4714 7617 6760 8775 9334 3227 389 7265 2595 5202 2339 5586 3483 7232 1727 4309 5779 6058 320 2035 1793 7453 6184 671 7158 9425 241 6667 8015 1364 896 9031 6493 1678 9557 1404 3790 3450 9851 9586 6446 1893 6430 9908 7547 2698 3371 7642 1836 933 3429 2233 3771 6608 7312 5032 7205 2466 884 1898 7550 8243 6591
93 2075 1992 9747 3488 5671 5339 7043 9815 3842 8069 1823 8199 7508 4074 4496 1236 6329 6705 2043 3649 6269 9936 5092 1334 1805 5242 7467 3583 168 9918 479 7267 9683 1128 9983 6407 6537 8633 891 6935 9311 6160 767 2498 9767 1780 1229 6950 7292 1034 5607 7733 3344 7230 6883 9866 9859 1366 2835 6134 7991 5782 8316 6565 6592 7096 1767 5062 6087 1272 1466 5915 6236 6131 819 6045 3388 6460 2643 3396 9004 1258 5249 7241 7504 5711 572 731 8382 7867 8436 3177 7999
94 2248 6779 1558 1454 9415 2612 6146 5829 1869 7253 9520 2428 730 6662 8813 4716 3738 7813 7014 8480 6524 9601 1014 4627 7564 8989 3527 2270 1205 3562 1100 4767 147 6251 1637 5511 7996 203 6219 205 944 1174 4321 8334 1640 272 962 9538 8640 3275 595 8013 9169 340 7154 6922 7339 7084 4818 5189 3910 3162 2410 1346 792 2223 9693 6500 5509 1235 8007 645 8318 2976 5817 533 989 2551 5429 314 7581 2006 2933 6983 2811 3479 7149 7087 7301 6953 4988 4354 7852 6069
94 5927 6234 4107 7618 6567 9471 3106 780 2737 3494 9058 8435 2372 3435 1676 2276 8927 6593 8762 4823 4691 2452 8027 7314 9608 6963 2937 5721 2913 6487 1135 4998 6759 3329 8886 5658 1757 9823 3652 4864 165 2045 2960 8054 9444 8855 8742 2990 4940 1209 8034 6616 261 9387 9458 6581 6325 1615 8628 430 3612 4312 193 2684 8042 4722 3803 2362 2180 1331 2549 9537 4695 7048 8657 9799 993 3626 2881 3923 8219 2190 244 641 1547 5750 4889 1060 7843 2609 8599 7660 2694 4587
101 5305 3853 7394 136 6429 4917 8778 7008 4170 8398 6130 4331 5732 5641 9521 3250 3882 4265 5566 5999 5503 1390 3418 5504 811 936 9677 4791 6314 9509 4641 7769 5872 481 4907 1045 8392 2553 1184 441 7147 3045 8432 2421 3027 2161 18 142 7056 7616 5356 4497 4057 2114 2540 2770 1993 4106 7121 1311 8655 9555 169 9310 9621 7574 5280 5695 6939 5009 4840 7860 4561 2310 2938 7231 2566 7407 4847 9896 1743 8793 436 5546 3578 2317 6019 7384 7951 7424 911 6533 2517 3610 7139 7747 2417 9021 9830 6118 5187
94 5233 6687 6303 3695 9293 7404 8862 6956 4059 1945 9371 8522 3969 7196 6465 5008 231 793 1252 5543 6518 3895 9561 3912 8901 3956 9666 5980 6035 4921 9829 7202 2781 2398 972 5902 267 66 1499 6869 8485 3896 5905 4031 910 6653 9369 5417 9405 9122 846 881 9380 1573 2696 1070 9928 6229 6371 4622 2402 5192 6002 2450 8547 1442 1731 5013 2900 8561 9783 7899 5104 1980 6627 2560 2685 6257 1956 8757 9378 4278 5534 1589 1319 5629 2830 2828 4670 551 6942 5505 4202 2859
89 2697 9087 1830 5303 8076 7415 9329 8292 3350 88 8919 361 6199 2085 1399 9690 6264 1093 8049 7160 1698 8457 9573 7552 4948 864 4870 8215 9398 4193 6291 5385 4022 5749 4104 9994 8520 3876 7162 6433 6827 8028 6609 5154 2683 5941 7846 9834 3073 7125 7191 9403 3834 2441 8180 5973 9979 8087 2571 9479 1579 9624 4163 5547 373 8847 285 3142 7738 1523 6216 9145 1485 6310 7690 5101 2059 8510 1685 559 9758 2899 8951 4087 9934 1889 4351 5733 5139
93 4678 1295 3618 1285 57 8048 8817 1071 3919 6661 248 8462 4663 3305 8729 4295 4658 8788 3668 81 3622 2218 8278 7463 4180 1172 4338 8889 8089 3088 768 3806 2427 4110 9745 3880 9943 8358 9262 9183 8309 510 825 497 8063 2160 6426 5235 8050 3030 9191 322 9580 3616 1221 7826 6012 1738 5275 7489 7927 7963 5155 2404 4640 3145 5067 333 6411 4682 5228 3504 4735 1123 7009 9553 3737 8717 5869 9739 3332 6350 6644 9941 1395 4787 4264 5575 9328 9838 6399 154 4935
91 156 8273 4603 3770 4062 6424 8053 1679 4795 6795 9717 2359 690 3712 5204 4345 1300 2458 4607 2605 4393 3345 3394 4931 7105 6621 4522 7361 7252 8249 4743 5270 4817 2719 7418 3356 4366 9065 4138 9131 7905 4357 2959 1301 9010 535 4686 841 1908 306 905 9413 9529 9250 9550 2343 4523 1588 5393 6755 5572 1819 8351 6846 4188 2550 5522 9411 804 2589 9929 2759 5042 6549 6331 8325 7869 1882 1427 6320 4196 5666 9124 199 5563 2344 3124 1228 3545 7476 9958
99 6206 3302 519 5689 2440 8080 1158 1668 8064 3369 9784 3723 662 8326 7750 8905 2281 660 7794 9228 3496 4388 2837 3614 9322 9173 5336 8914 4381 6396 1671 6425 8625 9355 1543 9546 8957 6952 7382 2373 7845 90 8647 5057 4728 6744 1159 4902 617 8203 5683 9412 1546 3741 9080 9404 5209 2209 62 8340 5246 9707 6700 775 3519 9142 3811 6103 5415 5500 5198 257 6141 3096 4274 1545 1860 4449 6279 5113 96 4600 310 7004 2783 7916 4766 6142 6736 3407 7604 7181 9230 2962 1402 4097 9314 6218 6008
93 711 9119 8939 5886 6081 9937 3617 3268 5041 8874 3061 8105 877 5224 7725 2210 854 7896 7359 9525 3155 687 9912 7908 9237 6840 3711 5457 6504 8922 7630 9049 6831 2091 4304 5179 5011 5381 5093 474 2265 9315 7033 9373 6167 2042 3062 1426 459 8642 5888 5731 5978 3797 661 3084 7657 4081 2838 375 9028 6897 5670 9034 9975 4980 8023 537 6519 1173 1736 7776 4401 4493 6281 3387 2555 9399 9990 9384 2885 4811 4862 702 3348 26 4382 362 9879 9853 9018 7919 1084
88 9344 6375 9207 2749 7786 4933 2512 210 520 6989 2266 648 9481 1035 1212 8744 9288 6774 7759 6643 4071 4466 8993 609 2923 1783 784 4971 508 5409 2665 5621 1360 1609 7410 6410 2136 6098 4805 6246 3346 9429 3069 788 6339 3538 3917 6538 9170 5334 1586 276 8082 5680 214 5854 5083 140 3885 3304 7366 2932 629 2429 2827 9247 4054 8829 5291 4825 2400 2705 6844 7376 9757 9255 1809 7697 3866 9663 8597 8941 2746 1811 637 4063 5490 4284
97 5201 5771 4624 1469 4608 9151 5350 3004 3492 457 8812 5086 2489 5722 3757 6101 5691 8814 1634 9999 2615 5735 8367 3593 3218 1460 7343 6290 5215 6495 7027 8497 7531 7472 4713 6228 124 4769 347 5016 4306 6903 6870 5416 5808 3254 2897 6443 3971 7830 2586 9246 6673 4416 9326 3965 9848 7494 6137 6243 1594 3900 6837 5966 9276 7371 1293 1425 5907 403 6723 4804 6469 1087 7449 4129 5926 9640 2313 8728 1655 7897 4894 7459 6737 4730 4423 642 2351 6418 204 5453 7920 1652 9734 9969 8835
91 9354 8579 1127 5492 4897 1961 5290 7104 8563 8290 1396 6071 4762 5165 2490 7855 7097 6517 1538 6292 2674 9194 2444 7817 5593 8834 4222 3310 4124 9724 6937 8916 5171 4749 3772 624 8149 6618 3755 3154 9269 740 1461 7031 2541 6498 107 4890 2167 684 8101 3451 8409 3837 2120 2192 7061 1254 7323 9575 7273 1313 3443 131 3908 2739 9115 4992 1930 6419 6355 3518 1950 2352 9009 1959 3779 8456 937 7553 8211 5889 4353 7647 152 977 3446 186 2062 6691 3785
95 4943 6825 3208 7695 2506 8712 1253 6762 3427 8531 6654 3748 2730 8391 6671 8903 1684 5564 4024 3078 1737 5166 5836 8168 5107 3286 7633 7893 1526 5163 8349 3242 4246 7831 2340 5367 6166 2443 3176 7140 5538 1785 3846 1036 2130 6735 8319 3547 5975 5265 9227 5488 5878 2909 3960 440 6815 8366 8552 2805 1237 2873 9094 3471 8114 8976 5891 4232 9336 2816 5785 3484 3046 9839 3493 5455 942 94 9292 3786 3903 2564 9828 397 4909 4884 160 1363 3603 7520 3241 3986 5447 2050 6771
92 5705 5725 2554 3620 4667 2240 6798 4929 6025 2057 4198 7840 3159 3153 5044 4391 411 8765 8839 6926 178 7600 7246 6822 402 217 6748 3905 1534 8237 5917 4780 130 6113 4445 6210 5759 6985 5806 7095 4905 8646 678 3221 8121 2906 1440 3594 8000 4697 6901 3826 6633 3325 7934 3945 3959 7474 5692 8487 2385 456 4421 144 9015 6891 3349 110 8961 6786 971 3801 3127 8836 8747 8272 5501 5965 9961 6685 419 7118 9996 7235 8413 528 8904 3194 3480 6100 2936 2855
93 4489 1391 9332 8361 5395 1713 1596 275 9350 1025 1832 1839 7639 4377 297 2395 7169 5949 6383 7282 5158 3021 9902 7342 6492 1365 7519 4034 2887 4708 9027 8433 3292 744 6521 421 9869 5605 464 9177 5730 4208 2392 6384 8803 5812 7336 2208 427 3819 6362 6659 1610 5495 4213 1923 9435 4898 3158 4148 9976 1430 7684 5299 3416 2852 3280 9535 7417 8360 2871 2152 716 8328 5427 839 2745 1690 9702 4845 7220 286 4773 3794 7488 1559 812 9483 4192 9865 8303 6725 7714
100 1847 8437 7988 4609 4316 3398 7454 3441 3915 5103 93 5909 6866 7509 5138 5537 9946 3831 6829 5391 3729 7080 9905 3454 1537 1702 3572 1450 749 6086 4149 2983 6602 5333 4635 7533 4359 3756 6881 6089 1820 2905 496 6 9735 1593 4089 4127 9842 8724 6986 8773 3355 2614 1975 2009 1761 5271 8673 5483 4011 6120 2769 5739 1487 9722 9552 5237 6459 1111 6109 7347 7397 4543 2664 5272 7285 949 8460 6265 2971 6238 5108 8427 8438 3825 807 1078 5665 9164 4341 8968 4023 499 2141 2471 5386 1049 6862 7201
90 3509 7624 3734 4703 7549 5099 7735 845 4240 2892 6658 6865 9686 7328 162 3478 103 6780 5521 2804 335 417 4731 9459 284 5131 679 3742 1321 4068 3949 563 6296 4586 2097 9681 6708 1126 15 6458 957 1664 9773 8977 9612 1067 9664 1598 5813 2026 2861 9033 8205 1268 330 4877 2215 3460 5699 5962 8554 7163 1775 2393 6278 133 28 2425 4521 2472 4481 1613 8664 646 1620 8878 4822 988 376 9041 4886 8227 9249 9442 590 7278 5489 7256 1868 115
99 5766 8217 4478 4167 5947 5244 9074 1247 7797 1242 4134 2791 875 9710 842 1056 2331 6299 9662 9957 1422 5098 4557 7059 98 4646 2262 2071 2170 1192 5432 6564 3120 758 4741 3568 157 3957 7578 3589 8598 1597 5076 6964 1378 8184 153 2537 2515 3552 8376 6914 9791 8277 2947 6686 3823 2401 4282 4529 9701 5173 5727 8595 704 5289 23 4398 8934 7554 4248 7468 7569 1387 269 7353 6752 6772 7835 4532 3939 9340 3718 9843 1074 7245 2561 8707 5452 2874 2502 4267 6172 2063 6818 1745 1841 6892 6575
90 3228 9602 5903 4465 5368 7978 8584 708 1004 3217 3442 1010 1724 9123 4832 7337 5219 7039 5526 3927 9594 8607 2810 5830 2748 1751 8938 9418 4053 9175 2621 6447 9118 6900 3728 6215 3645 9110 1356 8020 7661 8153 1744 232 1561 2363 5335 5913 148 8410 6270 3452 9179 4798 1456 8276 2682 3925 360 8797 8850 194 6727 6813 5026 2246 8801 5374 3074 8186 463 7135 9455 9261 2943 5650 7859 4927 8730 4763 2291 1995 6422 1117 8720 6714 292 495 5654 8844
93 4233 1348 8808 7055 5444 5487 6048 1917 9323 7652 2260 8187 7774 6887 7390 5877 4632 4830 3249 7912 659 1931 4313 9159 8305 6631 7435 4920 7479 6646 9474 8232 134 299 2259 6179 6732 7904 4620 1788 7635 3005 3316 2186 9468 6672 5197 4560 470 8971 80 448 8059 8774 4803 7206 2268 3887 8116 6590 8996 9841 3213 6390 6338 4752 155 5502 9926 3222 9394 4397 6027 3735 1777 4546 1817 3243 776 1656 921 399 8902 2320 2972 3784 6112 126 4747 4846 105 7825 8380
86 745 9223 1265 5177 4610 1490 8722 7010 8794 4286 7379 5983 7719 6979 564 1688 2572 9689 8767 8218 1633 7567 5736 7628 2129 6237 117 3663 4785 5127 9208 175 7414 3596 3453 6037 4687 3038 6641 167 5399 8496 4159 1037 555 9297 1012 6273 2879 7575 3188 9750 1636 2779 3336 4597 7499 6918 8294 5014 1083 5401 6597 8285 1632 9267 4799 3869 3551 3543 9998 6038 8118 9393 658 1465 324 4339 2669 2839 255 5231 6611 1957 1069 2216
89 3382 818 6849 7335 3929 3671 8956 3636 8917 67 9386 3050 2094 7681 9258 5712 9891 2888 9753 6056 3659 9045 6049 4013 3136 9330 5157 5781 3269 6547 9867 1297 7112 6297 8032 673 9095 4327 4901 6522 6941 5193 2165 855 7603 761 9092 1446 4736 5243 8012 8876 4501 5371 9466 890 2173 424 6647 8104 4568 8589 1464 9449 3123 7805 4556 1711 8078 8077 5370 6143 6805 9185 5254 5804 3128 9881 5673 3975 7036 8014 3070 8434 1697 2854 4088 3904 3212
90 1431 5115 6853 4162 9003 6009 9661 1804 5068 3964 5468 2456 6757 3684 7259 2017 2104 8066 4368 7283 7706 9985 5296 6379 6042 9810 4562 6747 2829 7874 5553 7976 6256 8827 473 4544 7386 7623 9682 7873 6573 838 5548 8935 2764 6293 5802 9416 5491 6188 7911 7100 8603 7094 7186 1011 9019 60 1168 5852 7456 9127 7592 9795 9577 4404 1935 2536 5507 8760 638 9472 8147 2103 4254 6354 2950 6007 283 6571 8507 6911 1155 8424 5959 91 7842 8816 3520 7122
88 3023 1591 9583 3220 2256 1472 2306 4318 9931 6003 869 326 3573 494 8182 8099 9559 1118 1137 2538 2980 7962 974 2480 4672 3722 9205 1670 1838 4244 4103 113 9108 8271 6905 9919 9407 8288 6944 9591 7892 6353 1503 7656 3830 4867 3783 3211 7153 611 9347 7708 4133 3386 4509 9308 3028 8202 8880 4788 3339 9589 3515 1400 5846 7796 2356 8070 405 3978 7311 137 9759 9798 3067 4595 6741 7493 5717 7948 1741 3752 982 1584 9772 7485 9166 3981
97 3334 9885 5911 9120 3665 2029 4893 7413 3642 7558 5196 9236 2901 4019 4579 779 8331 7089 1164 6097 5230 1607 25 8565 781 8590 3694 7693 219 8912 3651 2069 2753 6754 1475 8614 5708 329 1215 3514 1996 305 3175 2206 8489 6452 592 2474 9433 288 2267 8481 8699 676 1023 4963 39 3180 4967 2590 9811 782 7019 1260 8811 2513 771 8477 9886 2153 7966 1948 4407 719 6606 3540 6915 3609 1803 1837 8966 593 580 3415 2757 9971 8543 626 3187 7548 6532 8769 1152 9820 9889 2927 941
91 197 5169 6499 8972 1563 8364 6367 1180 5630 6090 8230 9563 6569 7447 7451 4515 6360 7838 5022 5315 6476 2212 7651 8371 9290 1114 4637 3848 1575 6543 9970 1990 8459 1552 435 1853 8339 7398 1978 885 346 170 1495 602 4441 9531 8189 1441 2790 1214 1984 4235 1448 1863 7313 2117 1509 5183 8431 958 5868 5309 4482 4657 3377 6140 7570 6863 8562 418 8107 9940 7134 8041 2880 2467 1752 769 7383 4009 3276 952 6955 3856 1397 1113 5856 7959 7351 6839 4415
86 8458 7408 3095 1302 2122 9188 9657 9963 3110 4181 2741 4131 4020 8196 1934 7269 1169 6514 338 7605 5758 7223 4922 6116 6973 211 8024 6309 2916 6775 247 8152 6283 4739 3700 868 5330 1706 3687 1147 7375 3105 7672 689 8743 9213 7396 9947 2204 4860 1042 6556 8821 7127 6272 8790 953 1238 6079 8907 5924 4204 8930 8954 6657 8072 7784 5462 7207 8617 1444 5443 8421 9463 9692 1774 1145 6841 5024 5772 3863 3655 5037 9316 9071 9822
94 2511 2081 5324 9613 7923 6186 1001 8881 6482 5442 2966 6347 8252 4447 2841 308 1016 4363 2834 4356 6070 9515 4146 9460 2178 2144 5724 7091 7778 8620 1865 3705 9430 9984 2482 8869 5942 1762 1345 4904 3436 7811 6706 6220 5700 4666 9450 8532 5896 7997 1177 8828 490 92 3809 3933 9732 4684 1134 1494 6162 7200 6295 1096 6321 6711 2922 8039 9871 3132 8144 8658 1416 1721 1600 2288 6156 1314 3675 8750 2723 8038 3777 6374 2449 7609 8004 8988 6145 4836 747 1188 5039 9844
92 6793 9549 4052 4709 8416 4014 2061 2438 6624 5919 3230 6239 9478 5968 4644 4961 7448 4699 7937 383 4007 9477 9833 1585 3715 579 3077 5128 2149 3191 7872 233 4704 9980 4634 4574 6190 6067 8071 9655 9077 9751 3006 4172 7931 7802 4239 5485 9002 9668 2650 5050 5612 2056 5372 1603 4157 2587 7319 7277 7462 7589 7772 8789 1175 6838 9712 2531 2323 8679 9670 5626 6820 8860 8837 6501 3291 7441 6680 8923 9659 6201 5061 2341 5932 2381 1544 8687 8426 6933 9422 1089
89 2963 1133 6193 488 9543 111 9197 4816 43 3003 8492 5227 6584 5745 177 3966 2279 9204 4413 83 476 2001 6782 7338 4973 189 3373 1943 7590 9590 668 7372 4536 2649 1692 7360 4346 8558 1858 1161 2872 2661 4771 8195 5114 8060 2113 7683 5823 6268 3699 8455 3922 4930 4217 2008 3102 6337 1421 3760 6300 5396 7179 511 2157 3708 1230 7534 1840 50 512 467 6252 9126 6189 3359 790 6548 8478 442 2709 8297 9703 6513 12 8370 2831 7368 6800
93 1623 6472 9603 9628 4086 7047 8444 8895 8718 2032 8441 4859 5740 8832 1795 8669 3209 6938 6553 7965 3469 542 6656 11 1542 5837 8596 7732 4774 185 6053 3068 9254 7568 5687 2713 6159 5481 888 3282 8806 2424 3954 4989 8221 4252 1885 1186 5742 5525 9502 2543 8686 5681 5636 5997 9233 6660 2494 4648 2935 710 5648 3401 2919 7222 7143 6678 3995 5784 9762 4732 3285 7975 9942 4175 206 9874 9818 1834 3440 7497 384 4072 5069 4966 8840 2030 9210 8287 6413 2895 1349
98 4214 7985 8030 7116 8569 8892 1732 7210 9620 7599 1673 6365 2850 5985 8395 5373 6871 34 1476 7150 872 8735 5675 8170 1488 5170 4975 6612 2638 878 8958 2911 7891 7823 6999 1562 5085 5480 4592 5134 5406 6423 9158 2671 2226 674 263 8268 8031 6085 1750 5207 3670 2631 9596 7506 100 8493 1225 9363 492 8719 4275 5788 7620 5679 6604 4448 8715 7452 9771 9192 1704 2667 2583 7438 1380 7152 1764 5698 2967 3368 9635 4298 1328 1108 2556 3498 366 3064 7182 7357 9341 6534 7755 5005 3555 121
