91 7758 3512 4279 191 8411 4890 7387 1084 4021 3222 8248 4040 1255 4221 6562 442 7733 1226 2881 6425 1719 583 2912 3940 4658 3004 6428 8835 6192 7550 3522 9276 7205 3621 6899 1369 9936 3020 6274 4877 5256 4629 4945 7325 3686 3668 4903 9209 1377 6264 4059 3280 9070 2154 6379 2534 7208 8659 5533 1441 4779 7343 3498 4254 116 6326 1294 2901 1494 1143 9775 6266 3288 7565 7924 1159 949 5148 7067 7652 3201 9116 9939 626 5912 4449 3875 8819 4469 7861 4887
93 7050 2348 2080 3606 9947 5235 6839 7483 4206 4307 2752 5204 8465 6407 5313 2480 7090 8429 5202 6570 2542 4662 6404 4347 3374 1713 6721 5763 3244 5128 4215 9346 3390 7525 4946 3515 5665 3264 7306 1446 389 7492 5310 892 440 8103 6014 8533 7319 5869 555 5278 3076 376 9033 1417 8158 2762 1349 2587 5620 4176 8594 557 6442 6271 2423 248 4960 246 8586 7236 9503 1269 4365 8437 9944 6981 451 7784 9358 1192 1523 7466 6628 2564 5654 4196 5986 241 1176 6957 2750
92 7863 7583 5057 7476 396 6174 8238 4673 2048 1615 9894 6245 5686 2025 1503 3068 9643 6651 4333 8416 2215 1514 8496 8698 6699 8136 3125 4472 7295 1553 5969 4363 2761 5933 7321 5052 157 3594 8730 912 4198 5493 8905 3115 196 6768 6346 5898 9870 3950 2014 1300 1912 627 8427 8781 9893 9465 7297 6634 2558 6858 2716 5378 6487 819 4317 3610 8303 3147 5550 8798 8222 9142 2392 473 2646 3462 23 2177 4886 5156 7824 3879 6218 863 5265 8394 1881 7371 1083 6605
94 7146 4379 8683 844 3851 8593 6825 3070 9197 4461 462 8741 5419 7925 4191 1000 9326 9741 9819 3832 3587 917 1863 9446 3869 1771 8447 1580 3330 1147 4671 2079 2452 8032 4728 906 7494 7946 9044 7065 7535 6746 0 3300 6675 7079 3528 1855 9123 959 8646 5340 6179 4078 5994 4834 8778 152 582 8564 2711 1608 1639 2526 2026 7396 9084 9692 5682 2254 3279 3808 5862 1004 1394 9890 1156 2131 8990 5094 5281 8436 9489 6169 7785 5663 8090 2834 9246 8304 4022 8466 2640 6667
91 3895 6802 254 7820 7781 448 9672 9738 4063 6186 5639 9898 1199 5447 7091 2641 691 8820 9350 8792 6074 9934 8599 9322 5694 5481 8482 8200 1278 1571 5852 6977 2128 9232 9089 2605 5270 9372 5462 4214 1507 9501 7072 8094 5335 1444 9607 6994 393 2271 7956 4378 953 8515 3118 6236 986 341 3914 5329 2528 8206 3954 3270 8145 7449 1609 427 1792 5332 9467 9956 56 8078 5602 3931 3976 2885 4597 8341 1543 4582 3480 2555 4209 6046 3407 673 4558 3195 2892
94 8285 3277 5616 8295 2987 6540 7961 4208 7657 8811 2503 9813 2642 3016 6546 8739 1279 7888 6831 8425 5201 4247 6066 6761 2394 7113 2595 7815 9874 9319 6392 7667 7915 1206 365 9583 401 1162 6576 7001 1501 654 9650 5934 8325 670 3034 4224 8130 766 4172 8886 7480 3646 8205 8414 184 774 5601 6196 1526 6136 2802 3615 4246 1237 7092 1740 6307 4293 4186 8928 129 9753 7226 2703 4083 2860 9074 3479 7544 4158 252 6252 7010 7632 6238 1913 4445 8031 5627 109 3345 5260
97 9067 6625 7809 6279 4765 5331 2785 4916 198 4157 9736 8549 2515 1974 3667 6495 1338 645 7600 562 3122 6384 5299 3502 5558 5398 9453 397 5271 6248 753 7587 9997 9730 9093 9849 6408 1530 2223 2282 8606 4831 1971 1132 6068 4485 6063 7478 7443 1876 3443 752 5891 3882 4950 2697 700 2123 2787 9055 1648 5339 2049 2400 843 2957 1785 7214 5068 3992 7623 2726 8604 5537 9017 6604 1652 3256 9949 1987 7875 9777 7819 3286 58 4777 9682 2500 6287 8636 1645 7391 3896 6470 4118 1028 2864
92 4098 9121 3259 5269 3949 7060 9762 3321 3395 9025 7056 8029 6333 6926 2005 3563 8012 4277 2428 3520 8324 8808 3959 1085 7725 3739 3699 4639 5636 2183 5228 5724 4304 6888 3965 7865 9925 7244 8253 1486 4858 3815 4510 9674 7389 5370 3252 2029 5622 4891 1077 3393 9847 7871 2247 1776 6251 8782 2311 2217 3761 8478 3260 311 4074 2191 6460 9590 2997 45 7994 8241 7561 8875 3645 6744 9878 9843 5526 5522 6216 5480 9771 1190 5588 1983 2614 8788 3900 9959 4634 4018
96 2963 4349 4802 3531 7335 9153 8554 5122 5187 1006 8398 2527 3284 3635 8846 8415 2104 3722 8067 9867 4261 2156 6368 2288 2434 7336 7740 9799 8608 7829 4415 3079 5570 9306 6359 7747 3506 3759 505 6094 1937 3005 4003 3014 5296 7512 6225 5946 1097 485 10 5390 7570 9122 6139 6666 8610 5166 6873 6610 3401 9602 5760 2439 2989 6355 4593 1788 2265 9111 4341 5785 2153 2119 4282 5600 9045 1014 5714 3960 8755 1874 6420 6412 1290 6319 7827 8532 5118 5835 3108 4375 6717 8214 3921 605
86 3700 2843 4776 4930 4525 2707 5728 3064 8888 4529 29 4679 9625 3074 5846 5630 8571 6198 8592 7846 6719 9713 4587 2098 6705 5988 8513 4233 8963 1613 6824 7412 824 5475 9300 4560 4924 7864 5158 478 9675 9456 4127 4725 377 3069 1468 2159 422 4652 7669 9092 1284 1889 5491 8854 7812 7807 3973 2508 5650 9064 2314 8180 8897 4388 3356 4275 3337 4862 7115 6449 2922 5540 7323 7676 5211 7646 1677 7234 3849 8163 4787 8202 8584 6992
99 6410 2185 6644 5837 1518 6614 1061 1739 2090 2108 7680 932 2604 1847 9344 9404 399 4922 3660 2221 7626 438 7679 9318 697 3859 1376 6510 9279 6518 9600 5014 9978 1050 1696 5091 8682 6537 7988 5162 9955 5608 2666 9227 8050 312 2954 4900 7328 3137 5263 6140 5047 851 2538 2961 8647 4651 3806 3396 9130 3925 2286 8058 2169 2224 9287 6791 250 8920 5787 8504 3237 1456 6024 1260 5214 3947 5936 8443 6613 9669 4038 8618 4600 9588 3748 6589 2459 518 8877 9458 9558 1012 7894 5738 662 9834 1359
92 604 379 7393 6838 3214 8595 3579 1371 1184 4975 973 225 5678 6226 6103 6731 5224 6361 7774 4554 572 9218 2559 1800 79 6199 4331 650 223 4745 2589 1106 8049 909 2891 1001 8357 2358 2013 9707 6054 6595 9207 6852 5795 9285 1799 8537 199 9200 5764 4320 4885 9942 7985 666 2809 9527 6214 630 4424 2246 9376 5466 9321 5414 4601 2020 1109 9342 4585 5315 259 5221 693 4760 3974 2984 2671 2142 5107 4527 1352 7980 4205 4008 8183 5860 9544 43 6756 616
92 946 9010 6662 9189 3778 4781 5739 8181 2032 3821 1932 3342 2772 8356 8239 6564 2607 3082 483 6189 784 6792 1618 5774 4249 1038 3548 4335 3558 8878 1588 6257 9617 4251 8148 1671 4792 4959 9138 5854 3751 8469 1496 4487 1161 4056 221 7116 7567 2155 5063 9323 6080 7047 9518 3962 5444 7482 1265 8381 4964 8680 2267 8472 4013 2745 2174 5633 4436 5562 468 4576 4272 2435 1790 3469 6035 180 5127 6065 418 4270 7981 8688 9079 6835 4239 1604 7117 2366 4808 9296
95 8242 1473 2581 7490 7367 3924 6783 8265 9049 2797 5515 9635 4571 4313 7772 8771 6512 3916 1933 3025 9233 4753 9801 623 9766 3087 5555 2082 3584 998 8707 8675 1478 3066 5824 2967 6860 1140 4145 11 3822 72 1809 9637 8677 1072 8069 302 8663 100 2535 6724 8573 7200 955 3741 5140 628 6973 94 8632 3299 3604 2771 190 5581 2242 6157 1391 1332 4 799 371 8070 3310 4660 5736 5275 5951 5147 1666 7410 391 2774 9940 3427 3833 6578 1920 5910 9046 9991 2647 6267 8095
93 5770 4899 7347 6152 2935 4786 1839 3063 1215 6338 3944 7308 7977 8805 8649 8945 4475 1339 3533 7615 9181 649 386 2865 6681 4090 5021 1239 7642 7973 8237 8492 4071 7189 426 8986 2911 1401 8186 7422 9800 5116 1964 2038 9188 4812 1968 6788 6331 4563 4923 1915 8913 1204 7434 3436 4888 9979 444 288 9154 1461 9281 724 4190 7241 6305 9302 9882 8695 7349 2396 4322 6079 59 5529 9330 6646 2210 9386 6837 8297 2202 7288 9220 1757 5244 398 3265 1602 6522 5255 9417
85 3611 4670 5482 1075 4016 4511 1299 6151 3175 5642 5887 8588 1211 7207 6421 4869 1690 7248 8940 4598 7344 7030 6697 8521 3729 3120 2277 7771 7947 1448 8388 62 7590 8127 5237 1621 3347 1214 4780 9918 7431 9910 3263 3946 7987 328 2089 2402 3473 7220 6378 9582 4881 611 1870 775 9069 8263 2966 2066 853 1225 6409 5781 9269 1410 5366 6685 5467 4412 2071 684 3598 3308 6671 7330 8037 8620 9634 9152 9618 7230 6894 1241 1174
95 6555 9333 8289 496 4104 1250 7542 6166 1672 1544 4020 1120 203 2631 2923 135 503 3048 7390 7485 7639 2566 3758 8159 8869 9621 2659 7872 267 4095 9513 9311 8974 7216 3496 4245 7577 1808 4142 2748 1164 925 5280 5314 6622 4534 7426 7159 1460 5528 695 9497 3753 4280 9636 9632 1136 9066 9274 6556 1421 3824 9128 2610 8314 1758 9147 1529 5543 9547 2059 9144 2765 3529 4356 543 4160 1620 3948 7040 9343 6551 176 5867 9652 9062 4250 8422 4486 1019 5819 4727 4828 5070 8916
96 9899 237 7353 8834 6049 502 3591 971 7932 6976 6115 7280 2712 9118 6771 4936 7500 7887 1455 2284 479 9627 5006 53 2574 907 1301 1727 6038 4562 9709 7250 3057 5384 3836 1924 5701 6414 2426 3135 5150 500 5071 9577 8003 1428 8336 8622 8331 3053 8423 3661 7400 8908 2318 3706 7024 4290 8433 7025 367 5818 8219 4047 2064 14 354 8452 4681 7603 7465 2069 2440 6922 2067 6488 5 5545 9515 2706 392 9526 6120 2190 5793 882 568 4741 6130 2570 1680 3732 1594 3733 6949 9136
93 3461 4121 7625 7843 1333 4397 5752 331 2871 7510 3383 7459 2930 9554 8929 4330 9541 677 5838 8273 41 2317 7048 6581 7647 359 9133 4987 6506 8428 1871 1911 4403 3339 2870 8560 8926 8112 3239 833 2938 470 5380 8780 297 6883 9778 6505 2482 5880 6081 95 8087 6483 2710 2470 4425 4545 4607 9162 136 8708 5134 1700 5978 3073 3185 7968 1151 4105 107 5210 2823 5008 8247 5351 5800 7005 4434 5355 9292 759 8546 5010 7529 738 1104 7554 1185 7210 346 1318 9397
89 4701 1704 3513 5956 8371 2160 2329 5605 6859 7063 5139 5841 7257 3313 9990 8260 1605 6229 4354 5958 3532 548 577 2956 4969 149 2114 6844 1865 6554 758 4069 6393 5947 3331 2700 7035 6516 6349 8233 9102 7817 6475 9603 2715 423 3742 2176 574 6064 2951 415 2509 2431 727 2945 646 9004 5660 8309 4549 7835 2840 5641 3903 884 2525 5436 4547 2466 2676 1738 274 5205 8007 9514 5907 3236 3325 4628 2388 6108 2399 5816 4555 9700 4232 6204 3636
94 2301 1261 5259 4053 8477 9807 3868 8207 1557 1575 1183 8836 9303 1508 2550 8061 6499 7258 6492 8800 6256 9480 6863 3688 9468 9664 5822 9451 5157 940 1021 6040 5232 3257 512 7177 6275 1321 2077 6708 64 97 6989 1531 4066 6160 2663 6876 1681 6432 8596 7139 8692 8208 3864 3566 7766 4715 1999 1126 1373 4061 8104 5322 30 6102 8768 7769 499 8613 8022 8849 6547 7429 283 9006 8645 3022 5019 2087 5437 2498 3013 8169 8249 1504 4141 7445 6375 2377 5943 2184 130 7132
85 1541 3176 4621 9280 9508 6650 3007 9186 3835 406 1295 6382 8372 2436 6340 4832 316 2907 621 5554 3384 8387 8954 7862 4453 3274 8093 1866 2510 181 4635 2803 7474 4948 619 8450 1337 4691 7624 3492 2729 8685 686 1899 8468 5117 300 6348 2842 7415 5637 8091 9744 7761 7677 9385 3744 402 2146 4051 5190 6260 9731 7893 1993 5066 2720 1470 8403 1590 5423 1728 9336 6067 7793 2848 4506 9430 8718 6818 3043 1828 4934 6072 9749
93 7373 9902 1080 5592 5768 7611 7064 6669 4541 2793 9657 1898 449 6574 5041 5882 4285 4937 1489 3765 7358 4798 5973 2977 4931 6755 7101 9703 22 291 8806 5811 2290 6036 9192 1925 9293 4938 1122 2669 212 4517 108 5428 8075 8789 2332 8619 8113 9885 4751 9699 1564 2274 961 8164 6131 910 301 4128 8848 8455 3317 5842 1111 73 4818 4992 8881 1810 3093 9768 8579 5859 9088 2487 8838 5412 1022 9981 9101 3272 9097 3599 826 3483 8333 8981 992 9937 993 9594 8040
98 3361 1191 4848 4955 2289 9471 664 9821 2889 1986 3226 613 6466 6954 5865 3192 4816 7511 7045 930 1251 4278 4450 8652 612 4840 4394 6773 519 660 7043 7607 2968 7524 7053 1360 5032 339 5192 3298 3828 8749 6575 8226 5895 8498 5544 4244 2866 6956 1280 4645 9585 5778 3682 1698 4087 8021 8868 9374 7181 151 5730 8281 2649 7773 1769 6129 7470 4591 2683 4590 2211 2898 9419 9327 6723 8386 8139 1747 2733 4408 4717 6845 9124 5472 3936 3438 1429 8457 8347 7495 8859 9892 7706 3165 7659 2846
101 4467 3519 7263 733 6759 8743 6664 1622 7508 3787 6386 6970 1096 9106 6358 9933 4097 4569 7448 3642 2736 3071 3365 8470 5536 9608 4162 1745 9562 206 5015 6877 6312 7971 9811 8301 2474 6819 1218 2687 6105 5027 6832 1542 755 1593 6041 69 119 4857 7656 3736 5026 2949 2731 3435 1236 3777 3605 5395 8462 7103 6539 5791 8246 3010 5167 5452 8910 1636 9295 9148 244 9275 481 3689 3803 7717 9460 9578 7786 1043 744 4409 1335 7900 2786 8577 4803 6168 6988 5145 4714 1344 7281 187 1024 9862 2125 2655 1856
92 4413 9581 3364 8691 63 5625 9772 5523 356 4633 7528 13 4746 7790 1381 9926 8684 3029 8662 5813 4672 2164 3412 7292 114 3886 3318 4167 5569 2408 9368 1432 1090 4618 1701 8785 8337 1078 7591 9629 1368 8655 50 5344 7204 2354 4608 7908 217 3047 1673 2313 3771 2209 9491 6722 858 9131 1786 1934 7851 6690 3041 517 8845 3920 8664 3811 3678 3913 3058 6600 333 5354 6766 3091 4325 48 8902 5470 9462 4851 5343 2708 8271 7889 5132 5484 8673 5519 1092 4012
95 9482 1662 743 9412 4759 7842 4488 2018 3837 8519 9014 1194 4957 2167 3505 5516 9176 8313 1991 5312 6653 9466 641 1885 5955 4210 1177 4501 3227 8377 138 7461 2000 3873 6 9019 9886 8119 3883 9720 5511 71 7755 525 3493 3283 803 6504 8236 5062 1852 3086 8053 2978 9931 8232 4522 786 8458 8810 1412 9523 9868 6530 4500 4296 2742 369 3333 9243 9957 8930 8405 5851 3826 436 9963 9605 3780 1626 6354 2287 1517 5500 9244 6946 7487 9226 9202 3075 4538 842 607 606 6786
91 6289 8850 9704 8396 51 4739 2355 4211 2744 1764 3111 4609 7789 9061 6787 7121 2959 6707 1390 8084 6872 5732 8330 592 5517 4454 413 937 368 4123 2615 2975 9584 6752 4708 26 2914 3177 9184 9651 2078 7180 8693 8010 6599 7341 1510 2529 3588 3926 1325 5238 7094 9245 1304 2800 1579 495 7081 2188 6789 4548 1499 7283 7411 5609 2808 5349 6749 5368 1926 7536 7675 1638 2207 6197 8862 3525 5725 4343 5773 3233 8002 4457 520 5075 4358 5670 866 1581 2248
103 424 4187 4674 9400 9043 6524 2588 5138 5243 6362 9888 3951 5184 7866 8017 935 9759 2173 9571 1659 1742 8189 4288 1970 9469 1562 8302 2743 5220 1273 7885 5619 1213 6532 4953 3193 2662 7155 8121 6520 6193 482 8761 4756 7333 7169 3652 2359 3474 6904 1577 8060 9117 2493 2017 5248 8889 3197 1492 5761 8982 598 4140 7058 8193 4839 7119 5666 1859 1438 335 7969 8286 1342 6692 6725 7279 7660 2283 4130 9929 7007 8938 31 153 8506 7770 942 7438 1731 4094 2479 5494 589 6343 4309 767 6480 7304 6117 3524 2766 230
86 4850 3243 2553 3156 8656 4615 2740 9297 9865 2132 7685 9429 9831 4533 5044 9494 3061 6898 5426 8201 2047 678 1867 4076 7337 4713 1266 2231 5671 857 5072 1196 956 747 9362 8479 128 8300 9884 8197 1994 7435 4972 6630 3676 6745 9242 8277 2606 1831 122 4811 6501 6742 1170 2478 2261 9958 5541 6928 8520 2621 9681 2260 4225 5848 9525 4724 1599 2521 3861 2489 5154 7269 4399 9887 3887 1467 3172 9626 4202 3377 6285 2477 1965 4188
93 4458 9716 9291 507 7853 4433 862 3146 5889 8558 2057 1918 7488 5083 8256 4096 6738 3054 9361 5998 3444 4678 7105 2170 4328 4732 8704 1524 3000 4264 1888 7635 9935 8523 7665 4237 3090 2563 3353 7930 8332 8581 4914 6302 7129 6753 6936 8490 8634 80 8315 3651 2929 8480 2379 9685 5719 5628 7562 8234 7778 162 7522 7841 7884 3551 5640 2805 3825 850 2976 1989 1512 8227 2879 9976 1168 3109 2751 7407 7156 2070 563 6609 1485 9478 873 9455 5591 1328 9210 6679 644
98 3641 8432 1795 7581 7027 8481 941 9023 1721 9401 8541 3145 1484 7780 8150 5839 3670 3752 7543 5079 7160 9656 1735 8884 2549 8901 6573 9315 7759 3117 2780 6694 4362 5834 656 5172 7559 8980 1483 6342 1697 5144 366 7456 5996 5050 6912 9790 676 6917 409 7161 9505 2682 9427 2599 8334 3857 4064 3990 3757 5856 1658 4915 3516 5847 7256 5109 6056 4171 5968 9864 266 9440 8803 9673 1722 4173 7523 2236 9459 3984 7850 2120 6018 968 1979 8048 7124 2253 7293 3003 5504 8822 3577 1951 6810 5199
93 5018 9065 545 1906 9521 1045 4312 6935 2103 3179 2884 7300 6543 2336 9428 3170 2375 964 9646 3999 9572 9365 8570 634 9420 6765 8783 3497 5669 6208 7859 2094 5272 6637 9110 260 2395 5894 9861 9241 2541 9828 9146 8703 9900 1689 7165 8308 3575 3001 2011 4494 7075 216 7880 2101 2817 6337 2162 6531 3173 6596 2205 9543 3553 6879 1138 663 215 6453 6396 1036 9785 8054 8650 5175 6071 9952 3740 5336 7792 8346 996 5790 596 6907 6161 987 7658 5972 504 7468 2095
93 9740 2330 5460 7777 2044 1244 6750 9229 4478 6580 2081 8230 9216 9552 2300 7530 8526 2679 6015 2037 4910 8275 1984 2333 7840 5203 2263 9802 5387 6006 6521 3802 7867 54 7471 2180 3866 5096 7176 2471 2972 6406 9337 4970 9208 4677 3705 8235 373 6417 5105 1637 9812 7737 105 2251 4165 8082 815 218 849 1298 3570 6207 6016 7617 5375 8729 6657 6593 3997 5088 6643 8196 8258 957 2420 899 6984 3017 5984 9195 7595 8220 8941 5131 9598 791 7532 6991 989 2828 5397
101 7006 21 6741 6122 5963 1374 615 3433 5864 689 9129 895 6446 6398 7229 1824 8327 4350 7074 927 2830 4295 8607 9370 5461 632 2571 6341 8365 7563 7372 7271 1305 1716 8210 831 1946 5656 1029 3388 6002 4108 1805 3675 9683 5043 1798 484 929 1878 6798 3928 9945 4274 4106 3701 1326 7992 92 3671 2465 3511 2637 9436 340 8426 5176 3560 9701 8635 7939 314 4148 969 1667 6211 3231 9719 2362 5421 1574 6659 8880 7833 4321 3910 7765 7836 226 730 7408 2107 4455 7768 3585 8272 5465 4110 1015 7938 6082
99 8116 4683 6712 2617 6730 9317 3814 5473 4559 3026 5982 3627 8968 5849 6345 4730 9109 4384 1657 750 7517 1752 1424 1182 6154 1802 7586 4636 9633 5814 1846 5801 8495 2073 126 113 9903 1967 1884 3769 9679 9190 979 8221 8156 9050 4824 6332 4508 7489 6886 7493 1976 421 5282 7313 4605 6734 7557 728 704 3021 5124 2012 1711 3293 1307 1892 6352 8065 177 7951 1134 2909 7420 2075 6868 7700 1683 5821 7965 4452 9028 8140 5721 4072 5196 2340 5326 9721 8085 4880 3494 763 9056 4902 776 3902 5067
96 8816 2753 7037 2149 1815 9586 4185 8939 7209 2665 2973 344 9631 8582 2501 1293 2552 822 6536 358 6145 7892 4299 975 7630 1868 9961 3709 5416 7629 7417 4144 1787 2196 8793 6525 4726 3711 8390 8511 1146 7350 1350 7979 4524 3989 5693 4855 1493 3687 9946 1655 7170 6793 1150 4762 4754 2888 2551 4170 352 1388 4289 3805 8927 7882 1835 9810 3455 7767 4182 3166 1440 9127 2924 7149 6138 6902 7141 8157 6011 3567 8966 3249 2651 9969 9379 6194 7451 6855 9860 1217 2234 4474 6158 3901
89 1169 1903 1453 2768 1877 7513 1378 1505 2784 2484 1817 3653 4504 4115 5300 4842 6968 292 4799 1010 2980 4706 533 5111 5786 1450 3418 9457 6176 3888 6371 9548 1135 830 4561 1205 908 4418 3129 6456 8018 4654 716 3113 8133 6418 189 4456 1271 1011 3932 5975 9449 7069 7231 9737 2600 1420 8839 3432 8522 2585 3464 3451 608 4068 9098 8598 5960 8211 1843 4699 7937 8922 5983 8475 1879 9733 7473 4447 9461 7054 3609 4516 2569 8354 9038 9359 4801
95 1462 2670 4540 9448 6542 713 8678 8672 2369 6590 1801 3785 8539 8421 3119 6850 3649 2730 5216 1749 490 390 6021 2741 1981 7135 5718 1384 2353 6008 509 861 9030 6592 6374 1922 5784 5634 6327 4774 571 9205 4266 6700 5924 3456 5402 8417 3665 1142 1393 166 8984 2135 4311 4815 6781 9671 5422 8872 4830 2084 6565 6282 3827 5716 1348 1966 3431 9628 2677 3329 798 8873 7107 9331 3213 3121 8813 2118 840 9256 2316 1234 9289 9555 6896 9179 7274 6180 3144 3081 1840 7416 2918
91 9678 2344 8715 7134 657 4755 6213 239 7618 1684 8697 5699 1853 8576 9747 5358 9360 5129 6582 9954 7477 3507 7021 7402 2204 8754 5226 284 9390 9985 4817 394 9906 6857 983 7294 472 5400 8999 8376 5741 7276 7273 5922 3713 9238 3476 3791 6141 5863 9313 4357 7693 5685 1231 578 3850 6045 5662 9356 9262 4119 3415 5399 4426 4213 2575 7111 7935 3110 2756 188 5345 3784 7479 2603 2262 6142 8641 779 2499 4675 1272 501 1583 6615 3854 1007 9160 2548 9320
103 8617 9645 214 9808 2859 9309 2308 7748 9932 7849 7406 3387 9157 8681 5097 7604 7638 8128 1732 6217 4103 1992 7147 6128 3977 4448 1945 1189 3027 3813 5917 6153 5964 834 7856 9530 6220 8160 3874 4785 8758 1598 9841 1389 6317 9620 1990 9846 3696 4044 4184 7237 871 8485 7077 2863 6461 6579 2645 5792 3039 7691 307 7303 5942 7899 4055 7668 170 6631 5583 1357 1334 1985 4218 4581 103 5547 9520 7099 816 4432 2796 7016 1872 3885 4207 9904 7907 9158 296 2868 6276 3906 2467 4648 4446 357 4919 172 3397 5579 3015
85 7073 3547 5286 6601 8790 4159 8467 2351 9492 6568 982 5020 2790 1998 788 2833 16 2427 3159 1794 7355 6100 99 1781 4642 717 3574 5931 9423 7648 6972 3838 134 7444 6508 5897 7270 1025 4574 1674 7262 7342 9108 9622 9183 6124 1760 5962 1197 8794 538 9984 6747 7312 7083 2106 5953 4784 2115 5756 5807 1175 3036 7394 4116 4568 5506 9078 5576 8123 7920 3795 9928 7009 5566 6889 3829 7613 3930 3583 2880 3647 2093 8463 4939
104 2816 2294 6529 8524 2597 2310 6167 6009 7154 3934 4734 1107 1323 3470 3942 9856 544 5136 7683 5445 9418 9047 9982 5932 2060 3006 5209 9394 7171 7194 9439 6557 1037 1232 9522 452 2810 1144 3691 6661 6156 4570 6240 2015 5090 4030 2086 1954 1346 9535 1354 7746 916 4772 6484 731 9881 6757 809 2432 3485 7540 3410 5944 1477 2654 4423 3592 1715 5586 4616 9213 6553 3378 1101 3205 5744 8152 7661 2023 5304 3344 8956 2201 3537 4813 5705 6813 4655 8923 3890 8352 6919 3426 7309 4731 3714 3625 841 8970 8282 8887 9561 2932
100 7028 7983 3404 9434 4138 9107 4952 256 7741 9786 4806 9235 9294 3234 4827 6673 7235 2222 219 8345 9684 8020 4736 8600 8719 9135 295 7948 9464 7221 4640 400 1821 6906 3603 8401 412 2678 8791 887 4256 4217 810 6743 1710 6013 7575 8858 8903 5334 2763 5120 7385 2609 4026 4711 7430 8896 430 580 2389 1319 4125 9567 658 4632 4694 8955 185 5503 875 1425 7496 3845 7439 4758 3466 1451 3677 460 3626 1447 1561 2129 6091 8476 8292 6116 9915 5051 573 890 2540 8109 5005 5809 6969 4604 3693 3181
92 2030 132 536 549 9750 1079 3291 8895 8556 7729 3312 4240 7614 9587 2530 1071 2832 2937 4107 8362 1336 2494 886 4904 9119 564 1067 3695 137 141 1329 8162 945 1586 9175 1714 919 3421 5954 7678 9348 1327 2990 7378 718 8182 4234 1270 4528 3096 8199 6623 8212 1306 6078 5001 1372 1545 6363 7219 7955 2259 5743 8146 1030 948 2904 5677 9776 7897 3190 4406 2845 9725 6923 4028 6920 1506 4876 8250 8175 4015 6109 5649 4177 4340 8368 5993 7654 3030 2147 6493
89 4520 8077 8499 8628 4860 5598 9763 2490 629 298 4553 9612 6965 3209 3600 7804 1283 5802 5365 7547 5726 4622 6239 8172 8030 5401 281 9504 9642 516 9001 4968 5115 674 2421 521 1034 1042 2004 5921 7446 6963 924 9312 8583 2226 3576 9161 3366 7715 1664 3986 1247 3762 4166 865 9793 7285 3979 2337 685 5457 9517 5948 6834 5651 1115 9398 3922 3322 672 3278 5720 6909 3662 7318 489 1399 699 2054 9796 7095 5902 6278 1070 7399 3487 3953 7051
86 2760 9948 6253 7912 792 515 9120 8459 6244 6469 6443 3754 1600 6376 2960 9381 9035 6416 9039 7526 9305 7305 8602 869 7351 9444 4667 8294 588 2804 5149 2056 4037 3596 8814 3640 9268 6588 6026 535 7183 938 4267 9676 6639 4092 8111 642 338 9383 1103 2412 9727 1032 9532 9880 1020 2390 347 5538 4689 1540 4067 4906 1258 3834 2819 1434 4017 7719 142 4269 6891 4315 8280 2219 1741 4416 5373 9219 3051 1240 756 1419 2620 4180
91 4230 9020 467 5442 888 2034 2083 4077 4382 2928 1643 3937 6941 1254 6435 3100 9658 3509 2713 8944 5151 5674 7803 7432 3056 9537 6083 8605 6999 6185 1551 4796 1469 5574 7757 2419 7950 3694 9261 5974 9735 7498 257 6678 1145 2124 5121 7718 3719 978 8009 8557 1302 8919 8796 67 3658 1669 4495 3184 5191 720 7823 6587 1093 101 3590 2157 3657 7191 247 7702 2046 5876 2839 9032 5454 5058 8967 1116 4928 9539 9524 7003 2630 2062 3720 5333 5495 5560 9340
90 9099 739 7097 7788 773 7368 2486 6389 1212 7822 5990 2520 7945 9563 5906 5208 7560 1516 5875 3534 2701 6865 1634 1624 9512 1281 6549 7876 5267 3809 7514 1833 1633 2096 4054 4168 6869 944 222 3428 6431 6618 2161 7505 4428 635 6023 8 5476 4286 8507 4583 6767 1497 5992 2324 2368 403 5388 3988 35 9858 2988 476 6884 1834 7213 7096 860 1537 3228 9698 3373 5748 4129 817 5959 3042 682 8962 3889 7834 7125 7708 5668 4653 1219 1836 1102 5361
93 2680 4980 8000 2273 2886 5012 3332 9185 1291 8665 1560 9063 4697 5689 3595 7267 9270 1829 329 1459 556 156 7463 8731 4473 3983 1570 3367 2934 3 3094 1569 5328 7681 8627 4009 5815 378 6698 2910 5035 5316 622 1650 2178 1216 1387 9171 6007 6569 7501 6308 2533 8669 2150 9912 5302 7553 9724 9479 7814 2812 6534 9196 8419 3303 5735 5615 9889 7278 1457 4484 4512 2299 5514 8637 480 4704 926 4489 2644 5702 6951 6561 2789 7143 3400 9470 7108 4183 511 8291 7910
90 2554 8451 2456 4082 18 3929 3011 6967 4971 4093 7462 4154 6594 5439 2964 7641 5723 2250 7320 3779 3957 9743 3731 8166 5664 8585 1245 8081 9950 9755 3084 1708 9557 4126 98 8410 4907 2705 859 1133 4392 6729 7707 4991 7409 1572 4606 7361 7966 7972 9970 8879 9013 5073 2999 1596 8874 8041 1694 2781 4502 8023 923 9310 7631 5632 4649 4359 9198 5804 5227 8801 8733 1076 3167 7874 1264 2418 12 4417 6911 6187 1595 7424 2674 9474 671 8551 4668 8764
92 2857 52 1186 1651 7163 1488 4143 194 984 8977 6612 1825 6878 9251 1331 1343 1756 8893 3346 9329 3863 1287 6866 7381 213 2516 7825 2776 5033 6827 1565 3569 3275 7166 1229 4361 4324 8042 5186 7131 2894 1235 5492 3351 5092 5288 4411 7571 2255 1900 4048 2704 9798 7085 1603 3138 3514 9797 1289 86 7701 8129 5885 5580 9973 5903 2258 9696 4134 84 4369 5593 4268 2468 6848 6718 6910 4770 7000 7142 4844 4318 3726 3352 9655 5559 9752 5194 1411 5141 7421 4552
97 1682 1616 5742 6259 7858 9100 847 6728 8737 4493 2404 5030 8288 976 6942 9534 6273 5367 9021 9706 8033 3406 4419 6321 6367 1947 6430 6958 1923 6411 1688 1642 5212 3123 8975 9879 3297 4989 1200 3905 3127 205 6874 3872 4643 8290 6089 4223 2749 7363 8187 3440 3743 8441 5405 8976 1860 9510 8384 8960 2464 28 8088 3666 648 6638 4814 2422 5746 2905 8307 6212 4479 7243 8987 5626 7339 4592 1157 6232 6808 6927 4156 2632 1405 6642 6476 823 3143 4749 2454 2936 1068 355 3316 2684 9172
88 8015 2291 374 2352 8998 2126 6795 6843 3703 4220 1081 3523 8525 2567 3148 1539 8989 6464 6727 5582 315 5440 6577 4707 6713 7763 8547 880 7782 5673 2134 6381 6477 9839 8534 3229 8305 7222 1519 965 2055 2268 2877 6799 5099 2699 4052 4498 565 235 8108 5017 2933 3843 5182 6706 2783 8753 9615 6720 1248 7157 2858 4005 9231 8726 1705 363 3448 2512 5346 2325 7158 1610 5193 2653 6826 9105 904 9266 7909 3024 2507 3248 2481 9387 794 2091
94 1188 9592 5301 6611 1601 8171 2203 5688 6296 1277 1720 9569 3309 8296 6797 8351 3341 3614 4665 9848 5464 5432 6507 350 96 6950 8036 5676 9008 3097 8882 7847 332 2502 2451 9143 1253 901 5505 3897 4057 2111 7089 8340 7519 7137 9589 4113 4912 6394 8153 694 6940 4566 6438 4255 9909 921 4962 7172 2415 3326 2824 970 5408 7806 4480 2342 683 4014 77 1320 8486 6270 1039 6455 5376 7395 1919 2218 8397 6586 1509 410 7356 6800 7954 9007 8149 2673 2326 7259 9610 1252
91 1660 762 3269 4099 8057 1963 2097 6436 4809 6347 8973 7282 5393 2175 1398 7943 5178 2782 8043 7984 7365 3215 1882 6794 2672 1768 3698 5438 270 8474 3151 9180 570 3478 4895 9850 6900 1891 9597 5635 5303 9165 3216 4035 6607 8378 1091 3099 8935 7698 7383 5731 4006 1238 3697 994 3797 5850 4897 4932 8795 2861 1820 9141 6210 9353 7032 8326 2940 381 1166 3089 9764 1592 1827 9574 3046 9500 6454 303 7218 7062 1246 5266 8412 7414 2320 5183 3749 6051 5904
87 6233 5004 789 4610 6012 7450 3501 1997 9911 8209 9425 3881 790 5360 6162 6925 9000 5159 3746 2031 1153 1396 1972 498 8264 7627 7454 2297 7694 542 1606 7301 740 6987 174 4965 5002 7322 6171 5320 9104 6474 5179 6945 4079 3210 8817 3324 5056 9550 2739 7447 1362 3417 8363 7796 3768 3578 6560 1778 8311 8609 8914 6324 1479 8323 7998 5471 1088 7197 7018 8268 1961 1110 9071 4505 8064 3142 4042 3133 7272 5262 8643 3543 5054 7905 5715
95 169 4353 5905 2732 3062 3725 1409 1094 5130 1838 8028 8488 3565 2996 4958 9873 7716 1687 5215 8456 6960 4925 9496 2985 6390 4466 9803 3823 2433 1317 3800 4966 8892 9908 2193 8885 4437 9575 9475 469 8661 7870 2844 8900 1230 5534 6952 7419 163 4852 3956 4131 7388 2518 9726 431 6887 1558 3608 5485 8821 6069 8948 9751 1392 6377 972 6133 5683 8364 9872 5353 2893 4122 2944 9710 432 1288 9830 2405 5034 5712 4117 4723 3618 9334 6677 7637 1487 7484 8765 2350 1661 7145 1584
96 3018 3289 2240 5604 8517 4709 4045 737 9666 5181 8942 637 8011 8701 2619 9314 5022 309 8267 5180 7475 4579 2003 8074 9742 2522 5675 7225 2441 4994 1112 1433 9565 1480 3189 7023 3482 7486 7558 2102 2658 617 3745 2285 4360 4443 6325 1692 2113 9443 6486 9921 9680 6427 1914 9712 7606 5564 8668 4492 8950 8716 3631 6632 8161 2994 6110 2592 9506 4252 4137 9551 5341 4421 1953 8035 2568 4740 1772 3998 6030 4599 9212 7217 2133 9442 4763 3422 8545 9009 6055 5823 5459 8399 3376 7584
93 1743 8204 8080 8542 7743 9760 3799 9568 5647 249 17 6372 7940 4338 553 3304 1400 8240 1611 1813 6048 2462 4870 3430 2779 8899 5552 2233 8231 5909 9490 2293 2947 4049 2092 3408 1944 6057 7206 5152 5908 110 7442 7877 4043 6353 7990 8857 2447 6088 4301 6660 6223 567 7738 4961 1422 4771 3613 5709 1678 9938 3405 7413 4791 5247 3527 5710 4611 7787 2347 4896 5273 594 8391 9787 9286 3659 6914 1896 8915 3471 8904 2010 2455 7509 9316 4625 1647 1482 2197 4000 8229
96 1804 9654 3107 772 2386 1930 599 9113 5477 9609 2633 6112 3518 9668 528 3938 2331 251 454 4189 6118 7649 6807 4767 3224 4659 5892 8713 8328 7022 3632 3208 3040 4451 7499 5618 832 6668 2931 4823 148 3271 9987 8473 3319 7798 8890 7502 9352 5188 5796 5089 4978 1180 9363 4682 9863 159 9966 1313 4702 253 1178 5780 7993 7284 9922 1975 6329 4025 2194 5703 5084 4757 4298 3542 2266 6682 8714 7739 1121 7936 7518 6042 5257 3536 7251 1435 9364 5403 6385 6121 2413 5646 7359 7651
90 6031 4364 6422 2403 6633 6519 879 6966 5404 7601 1814 4835 9998 537 1130 8167 7019 5449 7196 220 370 280 891 9168 778 8262 3644 1069 3847 2544 8115 8072 3812 6032 9639 6070 3349 8395 6254 8964 1654 245 2586 1630 2887 9395 6087 3664 566 6471 3908 5513 9614 1784 8825 5025 4132 7913 4147 9905 5078 4086 5417 7098 5308 6472 5406 9533 3130 9484 7931 905 6779 4596 3055 8666 5843 9756 7949 9278 835 1676 8089 7551 8004 5060 1791 4797 4656 9907
85 155 1181 3235 1746 2306 8110 2043 4407 9052 7457 8266 3060 2407 8818 6426 5631 6478 3307 3654 6268 1423 8851 8722 6050 5612 2272 9416 7515 3447 7944 6733 7469 3788 1048 9595 575 428 6076 9779 5381 32 325 8487 2562 6181 8587 208 6293 6402 4911 5594 9624 115 6648 425 1729 5617 6104 8548 112 6170 9367 91 6513 610 3923 9883 5311 8299 9445 9041 6566 7838 8568 3251 4393 1137 2099 5509 4578 6284 8531 6310 6434 2698
93 1056 712 8435 8694 4990 3772 3150 6815 4800 4918 2623 8787 5886 7070 872 2072 8223 5389 2855 2667 2769 6846 9424 8046 183 349 3735 4120 3092 5661 1996 8529 5135 89 5925 3203 1256 8439 1627 796 513 1363 6283 2053 7580 1533 2979 6043 7869 4718 2624 1707 8512 3550 6640 5297 5542 1880 2171 3083 6228 4698 6444 4073 7052 7533 855 1119 8257 4401 5450 3679 1563 4873 8306 8601 4778 6805 2437 4297 2504 6297 5757 3161 2024 3672 407 8840 5261 6790 1027 5751 5285
95 797 5359 2009 8732 9040 1017 5479 4979 4380 6892 2953 539 4805 7299 5453 1358 9396 6647 1793 7038 5213 9299 8320 3186 1127 1221 5382 477 55 769 8841 5318 7127 5985 903 494 2719 4738 5935 7013 4294 5872 2791 3804 5840 3370 7352 586 7327 60 3994 5499 8135 985 7057 9702 8514 5077 680 2302 8997 2594 2376 1717 3750 3941 1775 1046 1055 7703 2216 4920 1546 3967 4521 6097 5873 7004 5698 9746 261 8578 3334 5597 7223 6689 3718 2692 8969 2867 9613 9816 9414 6148 3174
98 3530 3163 1679 5825 3465 6388 4650 5711 3369 7545 2627 3449 1463 1818 3463 5362 5240 5578 9647 5409 5474 5782 4248 6683 2298 4470 6511 2958 1908 224 602 4744 2035 7401 5064 914 5681 5487 6330 7182 1416 7014 3262 9857 5927 3747 289 5572 5143 242 3065 82 1474 6591 3095 5817 7503 9528 5881 836 5805 164 9871 47 9992 6481 8724 675 8842 7963 6085 3488 4820 9307 8543 7696 2668 210 7799 1927 6541 9051 9022 3002 7794 4080 9406 8203 6366 1750 7175 6775 3716 7164 591 7891 4927 9927
96 200 5717 8445 3971 3909 2238 8937 5789 4878 5095 825 8988 6221 6758 8644 2472 3526 6059 5524 8996 4100 3892 6182 6419 7816 8254 6559 3490 6146 5307 7425 7497 9250 9068 4905 569 3425 7334 3535 546 2016 5101 3721 3153 9349 3149 4405 9254 4710 2343 4949 2346 5568 8118 2002 8871 9249 3681 4169 1640 782 1418 7049 8228 8154 4178 6155 4769 5648 6468 7818 812 6175 2755 7957 7552 5028 8832 4163 8891 3690 8699 7991 2338 4514 7728 7193 715 4644 8373 8005 3554 2061 2547 201 9977
97 4721 7128 3499 277 5338 6812 4530 7996 2982 4943 6077 475 416 6230 6025 3077 2714 5197 9060 4390 2110 9422 4153 1573 4602 1873 8310 3220 4231 8925 2239 3314 8561 6098 5251 7811 4917 2560 9804 104 1528 3816 6849 7664 829 5410 1555 2328 554 5024 3673 5119 6915 9840 5776 9335 618 1395 1224 2339 3730 1296 465 7982 9670 7576 807 1198 2818 5828 3072 2883 9516 1942 3504 8176 6164 4046 7187 4557 1158 4720 1495 5126 273 1644 2022 3680 7467 7310 6090 8008 1726 4027 2139 8025 2573
92 3424 2198 9601 2319 4567 1047 2734 2425 3049 4152 3738 1223 5391 8344 8763 1057 3282 7727 1220 1263 2424 5489 7370 8807 2411 1040 2138 5808 8316 9823 6523 3180 3453 9924 2141 3059 4935 3242 4810 4033 5352 2391 3219 2450 441 3927 2241 1548 920 529 1233 1243 2546 6247 4396 238 3136 2361 167 1274 8742 3169 262 4236 5102 7762 7397 8293 1513 9096 4300 1875 5031 7795 3467 1379 5317 3862 3774 877 8883 4091 6099 852 4323 8350 804 2045 9435 7750 8218 514
89 7714 8773 4693 5059 7588 6841 6350 3728 595 6360 1931 7585 8630 3663 3028 1765 4155 9155 9053 7997 3963 8946 4864 1767 8318 3846 1862 722 4345 1257 4974 643 5411 9519 387 4306 9509 4580 6498 2213 7031 345 1973 5277 8278 9265 9687 7831 1619 2718 6822 552 2837 2006 7619 8105 9263 8717 2969 2829 2372 6440 710 7068 8355 124 3655 9413 38 9240 5883 7506 5950 8932 7186 7911 3371 1832 9345 2943 2811 4400 4135 4750 4712 491 3358 2074 4822
92 9714 3477 561 7516 1009 6702 5108 5225 995 3294 9351 8924 6235 2356 1797 9257 186 8735 5507 6044 1165 6334 2378 1559 4544 4503 4089 6494 874 8797 5584 7215 8706 2777 204 1129 3982 3012 6281 375 4986 5207 5970 4389 9818 6762 8192 322 4956 3296 8671 1062 6804 6514 1958 3904 8777 4041 5364 4614 8367 6291 6916 1625 5053 4913 9838 2853 5767 5836 2085 4101 5704 446 3623 4395 8383 7123 4499 793 6552 6854 603 8829 1458 2722 9493 417 868 6704 4462 4346
85 8190 4377 9784 9149 3767 6680 8612 6452 8026 8748 4039 4010 3460 839 1268 9806 2856 320 9835 9452 4381 6716 1316 7150 3884 5420 7538 5429 308 6739 6982 1082 5914 3878 5556 6399 8590 5812 1406 2695 8497 6821 3860 2702 7756 6784 1520 8734 1623 729 681 1806 7878 1105 1783 3557 560 7713 3692 651 133 4825 4733 2709 4705 9895 811 590 8027 2900 327 2572 576 679 7960 3783 6062 4146 8353 3160 6621 5945 87 9076 8066
97 5486 4314 8855 2523 6201 1491 9553 2759 4623 5879 5896 3622 232 4859 4114 4410 2442 3656 6947 6380 9851 5900 4007 175 8402 765 7797 3952 4983 3561 1054 4430 383 6096 5177 8762 885 9391 5695 6459 5997 6696 6020 8420 265 7832 2257 4909 1490 3168 2557 1770 5142 3031 5488 1656 4032 9284 4216 7791 9538 3717 1303 7612 5357 1475 620 6626 2485 4999 1864 5832 4004 9215 4841 3112 9495 9354 1668 9869 2747 2116 4133 3241 2492 6123 7015 5734 6060 414 1897 4366 1995 9930 1065 7332 725
89 902 9975 6294 1842 5385 1763 3191 195 5424 5040 3865 9591 7314 5125 5707 8757 9877 6703 5283 5799 6311 6439 5606 4908 4951 1916 7366 7088 3126 7857 5342 4613 3154 6760 5531 6496 4497 2179 9824 4515 2955 8270 7594 4391 5603 785 3250 5929 319 9369 2483 8567 8786 7152 3335 4747 1125 8931 1550 9576 7357 3202 4124 8096 5241 5977 593 1064 2187 9988 951 1035 639 5750 2280 9758 2475 2517 8460 1759 3124 6959 9018 3359 1117 3141 1063 8563 231
102 3508 1311 8073 1099 3375 9820 7722 7398 6851 3708 3786 5589 8484 3458 2130 8710 6635 6726 3178 6763 1163 1910 1351 4584 4352 6670 1568 9087 6463 4257 4291 8616 6563 9995 4334 9660 3439 1587 6150 2382 20 9082 7709 388 2335 7929 7999 6029 8700 9711 3830 4031 5319 2068 7255 8648 7521 8653 2214 2360 6489 6237 4941 8393 1904 2304 6001 2952 1292 1297 3891 9392 3955 8126 702 5037 6255 5737 6027 4260 9767 9355 1733 5169 1617 8044 4768 255 6528 647 7744 6606 1893 751 463 934 3088 8170 2770 2497 5510 2519
94 551 1267 7539 9638 1100 913 7133 2897 5009 2309 5788 9426 4203 1941 1858 1686 2648 1649 3707 9273 7534 9027 4826 6913 3669 1386 2296 732 8106 3255 2380 6937 2256 4542 8553 5236 380 154 8751 918 6550 1148 5245 4496 3372 5289 1761 4302 7852 1929 361 27 2166 9914 696 2051 2532 1436 7919 7138 8674 9833 3267 7684 5413 9132 5323 2721 5292 2182 3305 160 5901 4620 8833 3801 1952 3589 5448 5170 2252 3582 5551 5952 9487 8746 9437 3877 7933 3612 2612 25 7904 7120
93 3894 304 4199 2127 4422 7202 6387 8276 3292 2140 4703 3155 2315 2991 5995 4442 1013 3343 6971 6842 6619 3893 6985 4573 7260 2008 7224 4081 9485 8086 6243 6303 4686 8670 5098 5853 7008 5729 8312 9454 7198 8142 2105 1693 3521 4308 6962 6137 3491 6709 5137 6684 4513 6429 4195 1404 1646 5230 3338 7883 9081 1777 1552 1723 1033 4011 701 9488 3273 3817 9224 3540 6473 8528 7100 8225 9596 8071 1285 6840 3080 9765 1612 2948 4846 8361 2950 4543 6258 8319 1066 7754 8471
96 7382 6234 5759 2874 9166 9357 8555 9339 7674 7736 7179 9145 7616 5866 9757 9389 8454 4243 4222 2112 6206 4889 8370 4884 4680 5076 4265 1382 5930 9789 5013 4595 268 8243 3457 2151 3917 5173 2307 6364 1095 4619 1751 4761 4088 1060 950 5798 2850 4692 9325 931 7917 1566 2122 8016 1023 6280 4879 2513 1380 3619 4339 8535 3597 8860 8544 1812 7914 7316 1114 4748 7688 6853 4194 7080 8404 4383 8633 8728 118 1511 3008 8774 351 7555 83 125 9036 8097 653 4743 8508 7348 5250 9822
92 2757 9542 3556 1816 2622 3434 4136 2398 6908 2417 1718 845 9876 5652 7144 8503 9974 8812 9308 1632 2473 4305 2650 6806 1375 7670 1443 7705 8052 5512 6652 8083 2582 5234 7801 7710 474 7928 5195 7671 7331 6585 7066 111 3450 5451 7918 9174 8464 8631 9754 3586 5687 493 8597 8574 1950 7130 9715 3495 7546 5765 7109 6558 9853 4085 897 8538 4348 9694 5418 7959 1074 4253 3848 7453 9536 3104 7592 4212 9564 9151 5200 140 8274 3510 2851 4564 2227 1909 655 9164
92 8936 3844 5700 6955 6047 8409 1449 9964 3734 3985 6316 3715 3441 1309 9114 795 4465 4995 7826 234 5573 2303 2152 33 3392 1426 4284 6222 1515 2305 6224 6391 5433 2461 7324 2163 5305 668 7916 7298 5093 7287 9481 8079 6093 334 3225 9388 7760 7437 6801 4836 7126 4367 5218 4109 294 8756 7265 3601 4181 2764 1259 5624 5961 49 1437 8690 6918 3637 1869 6200 6672 7749 1385 8194 7686 1724 962 5198 4696 5690 3856 1978 3831 5081 5830 748 6833 9529 5940 278
87 8380 4871 9178 5133 3562 3683 7802 6764 1538 8045 770 4464 933 7346 7002 4589 5938 9507 3961 4532 9745 2007 2345 7504 4476 7020 7605 3442 2636 8359 276 7296 6149 450 9560 3380 2524 4023 6545 447 3386 4603 6636 1556 8366 8569 9290 4355 2920 7354 4319 7569 4685 4228 3032 5082 5692 8132 299 6583 6875 5623 3964 269 3978 2826 6028 5456 5561 6901 981 3132 7898 4111 5508 5055 37 5036 7906 7458 1854 5981 1430 7579 4526 3766 6250
