95 4689 9735 39 3781 4623 9944 3579 479 1909 8829 3312 9981 9958 5860 6746 9916 1704 5811 5400 5378 2476 8480 341 2707 4883 8917 7970 2026 4234 7260 2473 6489 9666 2087 2512 3426 9283 8698 3986 8325 5771 6271 113 6138 3570 4463 2277 4304 605 2402 9444 6052 1214 6609 4791 1040 3409 4485 6564 2548 679 7125 277 4786 2048 3618 6965 2052 6814 9819 6738 8822 1989 2107 6568 6545 7949 64 5466 5795 2459 9392 6969 1654 8251 7585 2443 9727 2167 2746 9486 7340 7059 7906 2778
93 5975 9440 3738 4520 501 5757 1549 2236 9413 1576 7476 5827 8540 1837 8294 5162 3051 2430 1177 4505 2119 5460 9564 2511 688 7918 8298 2915 5061 739 5923 6567 3714 3670 220 1895 7944 7012 1099 7186 5165 3362 237 6480 9075 231 5891 8297 5443 4407 5715 5125 6733 6556 2891 2784 2567 1369 6228 8109 6405 8107 8849 8270 3994 620 745 6546 8973 3856 4903 8838 297 3828 7001 7288 7066 8439 3826 4617 5592 6782 6991 9071 9204 9570 8688 2163 5089 3002 1820 4684 5228
86 6268 8993 6 4875 8116 9873 3282 2519 7349 5636 959 7884 6144 2865 67 2892 4010 3405 5746 8653 3151 1427 360 6910 6464 9028 6240 5988 1851 9717 3091 3929 2033 8342 8745 8440 9342 7475 9327 8778 7626 2102 5082 6317 7820 7570 2976 7448 9495 3167 3025 9018 487 8929 6566 6214 4403 2967 2964 1402 934 5003 3729 5126 1684 4853 4930 8866 1020 2196 9405 5236 4011 6386 7437 7649 5544 7744 1595 587 5467 9704 9631 4015 1122 3323
89 2428 8281 6575 9510 624 3395 6767 4215 5921 5030 9388 3399 4309 4079 2849 1613 6937 970 7648 1264 3163 9160 3611 5578 4782 4129 1102 708 4527 7092 5949 3852 7929 6934 4756 2609 8259 7877 4773 141 9252 331 8064 7545 5455 7444 1289 1437 6841 5240 859 5093 8665 3971 947 3942 1054 529 3335 3065 4770 1918 5667 7073 4082 8489 977 1620 7748 4265 890 4221 2569 6298 8258 8347 5298 7380 4273 4968 8168 5883 7215 9331 8616 8582 358 1611 2288
99 6305 6327 7787 6481 8596 9748 243 5384 145 1195 3659 792 2898 8763 6973 7114 7698 8045 2383 4358 4885 1959 7302 6042 6355 4873 7591 509 4876 5321 2996 8843 1472 6354 9267 6073 1988 6954 3855 2783 8782 6182 3644 68 6455 5733 8336 3502 308 6723 9248 5622 346 3703 5419 6893 7446 6428 6999 245 1961 3309 1649 1540 3336 1814 6079 6181 8925 6821 1110 8040 1749 4563 6253 8349 283 2722 4466 5338 2458 3444 4410 3694 5579 4779 3246 4554 9721 8654 6229 6989 5710 3493 3204 4216 4928 7797 5553
94 7746 1784 6417 2312 9632 3484 4179 7254 9855 6218 7978 8136 4450 6275 8809 148 1476 407 4570 7108 7764 8525 4971 7985 3006 406 3302 2384 8231 1971 9762 3580 2701 2961 4709 3959 7575 6069 8835 4856 1114 1317 7812 6709 4685 2249 8063 5668 3707 6916 1158 3342 9790 200 4245 7078 9279 3285 4096 5352 8326 2462 5138 1277 3322 5437 9917 1135 2842 3421 3447 2732 7583 5552 5172 386 558 3648 9718 446 3304 9656 6425 1322 4382 8622 3187 744 1888 5447 2241 4532 2040 8392
97 9811 7772 5376 8802 1082 9921 8450 8867 9759 5380 7180 4443 3731 8140 3879 9224 9382 7897 9344 2184 4600 9580 5945 1066 4836 6754 3084 4502 9399 2385 1539 2759 9557 5351 5864 3839 3899 2024 7629 9744 7537 6336 1311 8150 6895 3106 4341 9073 5516 2409 3808 1357 3085 7713 6227 8709 7088 9355 6306 6713 5405 3898 926 2781 5818 8467 1323 6331 5570 1801 6747 6678 2790 2353 8399 6718 5587 4253 8061 1573 2068 9169 3027 4475 221 140 9023 5783 9815 1373 7339 1160 1859 9503 6194 8479 5112
88 7859 9808 9307 6167 1548 4213 482 8545 4744 3144 1807 2862 7202 2863 7094 1996 3901 23 5155 6108 5368 8546 7014 3296 2763 5772 1643 3628 5807 164 6217 1987 2352 6270 9139 7469 9596 9374 3100 6048 4965 8503 8249 2855 130 948 9242 4691 3697 8274 6533 8462 795 4240 2336 9005 6101 5803 6848 359 3407 1333 8361 5908 5582 2792 257 3632 7833 7646 2071 5395 835 209 5055 8289 9543 1251 2905 8302 8446 1913 4421 2361 7321 7980 7663 7101
93 5484 4593 2232 6083 9713 1144 7292 4147 8581 9605 7997 588 2662 5652 109 2329 404 6309 696 2679 5965 6792 6555 2715 7517 9699 4794 9494 1957 8511 955 4542 8761 8306 7593 6295 9760 3962 8368 6440 7551 2944 1057 8897 4307 4653 2486 5210 9678 3501 1457 3946 3685 6264 7135 7856 6293 873 1193 96 4351 3692 2880 1492 3783 1772 9113 3776 9466 8403 8817 5109 1121 2906 3332 7742 4696 5404 6223 9332 6362 9104 6763 102 2523 5459 9259 8401 2960 4562 9841 5535 6148
92 6553 5369 1176 9792 9186 2463 3761 7131 8945 8718 7798 691 552 8553 9298 3842 4772 4847 2987 3510 5651 785 6035 4046 7359 8373 1147 8255 6817 1191 7314 3283 7192 7835 9803 2199 7445 8942 34 3809 2561 9961 7457 2051 9213 62 1883 3896 2940 4101 4459 3574 6465 3324 2612 9038 2043 5569 9146 2777 5403 6003 5897 9111 3145 8615 6119 7301 1145 8593 3709 8457 8236 1221 7050 6740 146 9153 7426 669 6321 2917 4163 9690 5461 7159 9400 2660 2267 5448 8093 3009
89 639 3320 2282 2159 1290 7201 8443 4830 3556 111 4160 9387 180 8102 8911 9983 2577 7267 927 6772 1465 7225 7719 2214 7607 9438 5048 7855 4284 711 9667 6732 4170 4533 670 2540 9813 7398 5433 288 8520 9658 3616 4232 4678 5091 1867 1174 876 7671 4189 5673 824 5472 3298 2328 507 3621 9140 8419 2413 2450 4893 8152 6034 3286 4559 3869 8460 4185 5435 7139 6323 3643 3168 9874 9681 3887 5415 4366 4769 9641 9126 7691 6880 1350 3445 4460 227
98 5581 8077 3287 3529 8279 7731 9896 4666 972 4941 8719 4393 3526 5229 5750 1845 6204 1242 8275 2390 3222 7935 9726 7207 2635 8059 7541 8475 3979 5528 8284 9593 1065 2216 219 4955 457 6028 9705 686 9453 6770 9234 460 7824 5928 2793 9609 7157 8111 5707 313 1556 3598 6672 6403 751 4078 8028 617 492 834 2735 315 5721 9310 9157 2970 234 4986 5760 6684 3068 5879 7800 1861 7281 7439 935 8265 4204 3262 5871 5067 6030 2234 2734 7472 4556 4328 6096 9163 3735 1672 6060 3303 3635 6975
96 3467 3661 9383 156 9791 3571 4047 4819 3785 1919 3104 6666 1946 18 7016 2116 8708 517 4494 8173 9330 6529 4541 8070 189 5044 4851 8941 6285 4759 7379 2767 9154 8605 1761 4025 7613 8979 5492 3806 9780 2441 4954 4860 1019 9662 963 6301 4100 1811 2934 1132 6149 3721 9478 1984 2020 9078 8781 3264 5889 2389 5758 3516 5220 6421 2209 8726 9299 6658 8779 2601 8711 1545 7760 3702 6998 93 8607 1403 8296 5791 2795 6267 7085 6836 440 9521 5966 7247 6129 3245 8641 3118 989 2846
92 4228 3082 4561 7441 4039 8567 6694 1826 4748 3279 9857 9415 9956 7816 7030 6246 6644 8704 5377 6482 4281 6942 1255 5414 2118 1450 378 1679 3411 366 7674 87 7165 2500 3253 7418 9448 9260 1983 7636 1250 4313 2615 3172 2373 8876 9062 33 5561 9997 7951 6475 9870 5514 9379 7144 6193 4868 8108 2527 5595 6161 7459 1722 2412 9849 5124 99 3176 1707 2345 9021 564 7357 8752 2927 400 4182 3174 7699 310 7198 8459 6987 4668 6383 2925 9315 892 5039 4085 1584
92 6593 8977 6494 7154 1681 3223 9458 3273 817 2751 7601 4290 2319 5870 9796 3530 6921 3788 9772 2692 5423 5676 7659 8904 8715 8844 4606 1422 7813 1093 1336 6248 6490 272 9986 8892 858 2639 8712 3274 1466 1342 7777 3683 5191 3152 7332 1683 1631 5032 8955 7502 1186 5241 6876 8242 9083 9397 472 2910 5938 5933 7996 7828 5334 6300 3153 494 2758 1578 1124 8610 3725 9689 3757 3566 5886 4590 6038 4206 1183 9837 127 8034 6094 9188 8240 2968 5488 2185 7227 2668
91 2005 4921 1053 6486 5976 755 4569 7432 9789 4531 8418 6681 5259 2146 2066 4130 5211 4667 8344 6164 4536 229 7994 6290 662 55 6560 3326 9767 5188 9647 9990 1532 8042 6174 1507 4682 2848 4991 1972 7799 4977 5164 3075 2768 300 5016 7161 541 3170 8372 967 6394 6855 8611 4637 8010 7005 5418 6765 76 770 5566 1009 8125 4033 1407 945 2656 5603 2696 806 5473 6953 9829 8094 7297 3259 9671 9025 9628 9432 9417 9088 2332 2168 2843 1055 5500 6357 2128
90 5623 462 3043 6153 2526 3700 6583 8820 2215 5344 5497 4783 2931 2515 992 980 5303 7955 1579 9914 8772 5463 9189 7830 6446 332 2966 1824 1709 408 5687 5951 7788 606 4528 9592 3015 3668 3459 1798 5723 2787 1981 4263 8057 6395 4389 9115 7306 8148 9112 3958 642 1691 4918 179 8899 548 3367 6701 2028 9617 1442 7487 2287 1555 4738 8874 7416 5077 4196 8099 5066 2238 2619 3805 5655 1574 8889 2690 7957 350 3464 8222 6816 8612 6026 4780 6279 1575
90 2076 4274 6990 4385 2841 5932 6813 2555 8681 3821 1412 4438 9116 7640 6539 2047 4279 8213 1616 8748 2856 8852 5861 8983 7909 9798 8334 7817 6430 7419 1728 7243 1506 4346 1075 5526 9294 3313 191 7365 6663 643 1974 1660 8575 3652 7142 2957 8321 6288 4116 226 1521 8410 3278 2166 4060 3353 9927 3750 1267 7273 607 5075 7210 9730 2182 5481 3748 5438 9978 8528 8988 8964 1580 8398 956 3010 8428 8307 154 7907 252 1100 9809 6082 1930 4721 4495 6612
95 135 5202 1542 9222 3055 561 7562 7370 961 6207 5982 9702 450 1963 6524 6111 1059 1535 891 6561 6053 2493 5343 7211 6917 9180 8379 840 2742 7669 367 7624 5103 84 7694 7208 12 9861 6388 1103 553 4404 7782 7220 7191 7526 4768 5545 4523 1131 149 1742 4317 2899 5522 9457 4498 8484 8323 3695 7000 5596 6341 1699 5076 9380 2794 3845 2583 3737 5115 5844 4686 1105 2484 370 7900 2377 3927 4828 2039 8316 3948 1301 5289 5107 2570 5722 1655 8740 2082 6346 8415 9538 4402
88 3590 9368 5542 7259 842 3866 962 9134 1568 369 1917 4712 4038 5912 262 8697 6326 5614 4575 1564 3522 5802 7083 5789 8074 4938 5381 4049 8167 5551 5700 8847 7119 414 7665 8825 8609 4642 8350 6588 2197 2124 9540 5342 4992 6012 797 1622 2697 6401 4683 2439 9147 8861 7239 1547 1887 3584 682 9296 1940 2889 9574 542 5399 4191 9972 9859 8893 3886 3993 2979 307 7739 5406 5511 6058 174 9378 79 5779 5409 1942 2811 1137 4379 3041 9287
90 1316 3096 1012 589 5884 5359 2078 8853 1237 2592 6408 4874 799 4415 3963 6239 582 7896 4200 5290 5583 4122 549 431 7889 48 8918 7954 5794 2360 9878 7175 1601 1550 5483 361 7138 6037 7733 1201 990 5028 6622 5337 8448 8286 4742 5787 9393 1175 2482 5111 1190 6517 1248 4560 5833 4052 2810 5221 8016 2311 4183 9031 4064 6345 4925 6036 3150 6123 8860 4681 2299 5605 3124 9143 7751 7814 6080 1068 4178 4837 5704 9823 6692 7048 1039 3366 4762 6186
96 7946 3237 5865 9024 5927 5788 8463 3497 9902 1779 1849 1156 311 1847 5254 389 884 7501 8785 7549 2366 7687 7625 9984 2674 8364 5872 632 3711 5755 9504 732 1926 8383 7521 4481 2942 3023 9928 4625 4201 4975 3545 7793 2737 7784 6122 3778 1745 8332 4458 9351 5266 7769 1452 4601 2941 9359 7924 3331 8629 1956 14 8235 874 7471 8626 6487 4754 6272 590 6563 1938 2663 1062 8380 981 8886 9395 6062 9182 4113 1671 9551 8181 7881 7757 2364 2729 7042 5866 4069 7556 6017 103 7995
83 7328 4951 5439 8151 6947 4506 3243 2814 854 2338 6390 3315 861 6344 3443 4658 9036 7641 5313 3130 6655 2532 1501 5262 5244 4181 8219 9366 147 2983 4861 7903 5295 5815 2673 8837 1405 7003 2591 2598 2419 6477 3482 1461 4496 6654 8953 9635 2404 394 2393 7724 2873 5094 8269 9055 1700 790 3873 6342 4165 7981 3602 8387 3978 5353 1363 6132 9322 8518 4935 264 2984 2171 2480 9107 3902 4114 7482 249 2025 7849 2573
95 72 7860 2860 7503 8916 6551 9996 1689 9491 8076 8128 2988 5589 3340 6104 6468 2219 1914 9262 6092 2049 9548 9864 8266 1964 2490 7376 3343 4900 7701 730 263 766 9281 374 852 7093 1640 5863 9591 9461 5057 1525 8186 7136 5331 5801 8160 2728 1750 1880 47 7185 9046 4595 7963 6686 7461 4276 3377 4892 9725 7397 4054 870 3770 4669 6382 5073 5441 6247 7908 6291 6503 3779 2347 1045 1129 8830 9611 9293 2721 8814 5171 7433 4945 223 8153 1344 9587 3819 5799 4289 5885 7905
93 7960 9367 3997 8907 6957 7428 9519 8592 1634 570 7004 3080 1287 5974 2831 5859 7366 2705 6625 5212 3387 6743 8393 2296 5601 3462 2130 36 8857 1864 5849 8747 9060 9323 9093 6935 1298 477 7975 3275 1309 2032 1304 1818 4781 7402 2820 5920 4558 6402 667 5410 8986 8130 6427 1703 6172 5533 2586 4254 8292 7528 709 3763 3221 862 2975 2670 7477 8129 2571 7639 3603 2427 692 6456 8764 7762 1205 1439 4348 4587 3020 6100 720 3299 4316 3622 6334 5009 6059 9697 8053
94 8189 8004 9044 4880 1490 2946 7424 7531 1965 8262 7096 5198 6156 2828 6956 7355 697 8762 7790 9922 5989 8273 1469 7939 6823 4608 4547 775 4043 6367 8939 555 5389 1619 572 6075 9311 6084 4057 6525 3916 1184 8214 6640 9988 9125 7520 2939 9795 772 1253 901 2357 6869 150 4943 6492 9027 7450 4199 3908 5832 2791 5619 9720 355 8202 7235 9082 6347 1483 2566 7785 3136 2999 9477 8767 8650 410 6569 3088 978 7875 8846 4534 8447 9539 8723 5734 3672 2861 4310 1380 5624
86 2220 6286 1863 6484 157 3021 3949 3089 8821 3234 8949 1947 5271 5615 2774 6647 7982 8871 44 7395 7224 7169 539 7095 4550 5356 9499 2356 1480 1386 9634 8595 1076 9879 8865 2310 5288 3662 5851 8135 5532 665 4988 8994 3838 3290 5937 9017 8982 2948 376 4775 831 2483 8193 9468 9851 4321 5880 8499 3227 254 253 2703 4741 8875 6543 1349 3036 7150 5315 2075 8402 9579 6374 1951 1222 2752 1635 5239 7409 6157 953 915 3358 2258
99 5925 1341 3843 5738 2502 6881 4090 5031 6986 3990 1217 2700 9338 2686 2618 5898 5792 4103 6130 648 9610 2358 8494 6727 7697 381 1361 6032 5841 8164 7275 6384 4105 4109 8877 3147 3162 4436 1000 8732 1292 9672 4829 6949 2699 7775 6152 3531 2997 5819 8803 9308 9348 508 1786 8630 2708 5233 184 2194 821 3538 8329 9881 9766 8425 6257 2477 9633 8663 3950 551 4205 6904 2579 2144 3768 1765 9594 3934 6434 2392 9159 4302 8807 5914 290 6115 1516 9096 6325 2589 8961 8890 9401 747 2823 5081 4852
101 1868 195 2807 2161 7672 4484 4687 1049 2675 6238 5341 5099 6773 4018 5800 9473 9752 2233 9249 8009 2045 1462 1376 2647 5306 2851 1606 1726 7988 6029 5234 2142 6757 8170 185 754 4990 6541 1448 2265 653 3619 511 8215 9585 5812 5088 1876 506 2433 2460 6667 3141 247 4073 6725 7029 3489 8018 7238 8896 4068 1071 9105 9786 9369 3193 7803 6970 1896 6429 7811 7584 9710 3641 5008 372 8514 3655 1886 2321 5906 815 2514 45 1791 9794 7054 2098 15 1916 5127 8819 9683 5590 3740 729 4816 4352 9411 9158
90 7168 8438 7523 246 4800 3793 2153 5602 3121 4193 5218 3453 2504 37 1986 4272 6202 1275 5907 3258 8283 4839 1276 3430 3171 5549 421 4733 943 4752 240 7019 4326 6373 445 2506 3004 5182 4746 7070 2440 2298 1832 7009 8923 3844 1529 5333 9913 5510 1117 7804 7140 6198 8017 5798 4855 7351 1438 4789 9026 7546 3586 3347 2805 1844 5224 1410 598 6591 3575 5309 721 1641 6196 8951 2664 4187 9885 3827 2010 8532 8588 330 4172 5086 435 9576 802 9130
93 4970 211 8036 5301 2327 2796 3059 8348 6273 2594 9804 2990 9232 685 4278 6135 3005 1470 2224 7221 3499 2173 6195 1840 1370 5764 9924 493 8674 5462 5671 2218 4517 6724 1245 128 5519 8385 1836 9042 1899 230 1882 8881 4508 6585 4041 3179 6087 5361 2562 5276 782 7594 5983 373 5940 6997 1064 6799 5994 4602 8989 3402 2340 7533 6833 932 973 1577 3339 7615 9472 1467 8671 2836 8793 6871 2063 1046 7620 4711 6589 9552 9309 1269 9549 1011 4354 9008 9513 687 3338
92 7610 681 6506 2676 2456 2610 5823 9247 2467 6863 7919 4679 4230 9625 8356 4325 7947 5207 1517 5730 7883 7628 2857 4878 6398 9620 8133 2738 6832 8868 1648 5029 4380 6818 9072 9133 6050 2671 2973 1770 9556 454 2466 4478 5174 8429 1799 9206 762 4888 2890 3471 4482 8069 1411 2629 3985 7393 7602 4287 398 2510 6521 646 6751 6310 2062 1109 8932 6349 5893 3865 6409 880 9288 3117 8088 3693 9524 6705 2689 8804 8946 8959 3681 2368 3265 6043 5068 2229 6758 603
97 6299 2804 1154 6243 8112 8143 71 90 8510 8376 3160 3436 5318 4065 3511 7823 5332 7792 1526 2706 5904 2907 4211 913 7294 6596 3311 5000 7530 567 2245 2471 8110 3613 8792 9108 5293 4340 3478 3220 8083 5903 3527 844 3928 7149 6788 8555 9712 6849 1693 4806 7548 8359 6929 5176 7386 7806 1831 3960 7058 2693 9389 7342 8797 5330 5237 6504 2292 1757 9246 3982 6407 5069 1767 8947 8308 8362 8686 3542 902 7977 453 4207 1170 6731 5444 9650 1441 4269 3077 722 8655 5102 8701 8305 8586
99 1493 6714 4950 2606 380 2614 1967 3083 5558 2799 7325 9506 8054 4645 3024 6176 3092 3894 5490 9746 8500 4840 8264 850 833 9053 7413 8006 2280 4579 7116 2522 3378 3509 8724 7861 173 4071 9362 3767 7729 8024 523 4469 8526 178 4357 8619 9649 9895 1394 2750 4672 2174 2495 3706 7289 4308 8549 9660 4831 4158 6674 6783 9893 803 6748 7834 4262 1283 3884 4169 4618 7362 9372 7892 9865 214 8481 7966 8901 8358 9210 9266 3206 4349 4538 5134 3268 3577 8194 112 5151 4420 5393 2213 4771 7950 2027
94 9352 1468 1257 568 1669 6025 5005 1209 2451 742 3270 9434 5756 4670 3112 1208 866 8891 6476 4392 9622 6281 1812 5681 8096 4540 6580 8451 2067 8713 8978 5929 1425 7574 2496 5575 6007 5640 6210 2584 543 9900 6348 7887 2417 5024 2972 9679 7035 7352 5004 1650 9891 5936 9788 8808 496 8811 66 6189 3161 6627 949 3481 9536 8914 5737 7162 4053 8987 6540 7589 9039 6803 5894 3680 7945 4446 9187 7494 8226 1006 6616 7020 8627 7195 3390 8185 1871 5778 4197 636 6653 5015
88 8216 4572 5189 9431 9285 2530 8046 7089 5142 442 8766 4363 3403 1912 6412 1246 4607 9162 7164 6796 413 9280 8247 1140 5365 7479 168 8089 1810 1260 4021 5752 4597 727 5899 3093 1420 5990 1948 83 6332 6249 6047 5120 3178 7307 6308 8404 1711 1696 2923 9951 6057 3028 3558 6824 2442 1509 9892 4369 1364 4844 3219 4294 3723 4270 3867 8044 895 7341 7491 8375 2150 5538 5007 1305 9063 8497 7060 7992 7879 7018 3026 7182 2308 3704 9814 3393
91 1571 8502 4042 1531 364 182 4808 8516 7076 7403 4175 2916 9059 8472 4817 7651 1754 2560 6879 3239 4605 1141 2552 7415 7693 693 5543 8635 1061 5235 4695 6316 1434 2253 597 176 7657 1047 3094 717 4063 1431 9733 6870 8878 5557 1783 9749 924 6399 7466 1297 5850 7310 4442 8786 881 1746 9230 1337 276 8180 3422 3512 4627 7455 3536 8604 6276 98 5297 3392 1782 7642 2193 4376 9646 1111 9959 5177 7940 5848 5430 4148 5642 7968 3804 4996 259 5060 9822
102 4013 4910 2894 4134 3069 8078 9471 1108 2201 8062 4264 7176 2969 1334 8015 8228 7067 3128 5347 3373 1718 7104 5154 748 6350 5197 6607 4277 2528 9325 7236 599 9489 1717 4243 6618 2747 4296 4690 6369 1097 6769 17 2000 4639 8913 6570 7237 1658 3814 2623 9167 6875 2286 3970 1628 9410 9909 5470 800 8667 1790 9522 7460 4338 9975 735 7680 3658 1725 5806 5230 1560 6786 1458 8962 4451 1626 9012 3437 7600 2149 418 7105 1084 2978 5512 7024 251 8498 777 9608 7735 8539 4161 3235 952 1773 3639 7962 2465 9264
88 5046 1159 5856 8209 8521 6485 4378 4823 6473 4641 4539 6538 6685 4467 81 9621 3232 2725 1391 455 6886 7261 5776 3608 2694 3551 2055 7369 3947 420 4149 5780 3911 6826 2780 3973 612 5594 8174 6689 6508 7452 3410 9317 9627 5278 8041 8966 235 1907 4433 8769 5720 4004 562 7836 5350 1005 3159 2761 5980 6789 7034 7597 7911 2290 2718 6046 5992 6696 1670 5398 1271 3825 1869 9663 7998 5261 6274 2469 560 7572 5613 6393 2687 4483 1721 1118
83 8433 6106 8011 7308 1589 6557 5546 9722 7262 6002 4947 5163 6302 368 1848 4070 3376 7882 9245 888 3578 9040 2251 2141 6897 2981 6595 162 6471 7244 1664 5647 6706 306 6423 4414 9518 5941 3673 9836 985 2269 7152 9687 6121 3056 6162 6251 3777 2815 1203 5268 8352 4795 6703 9903 7827 9336 4229 1101 6728 1902 886 2425 8060 9619 8534 7660 3126 9337 3230 1050 8707 2195 5961 250 4755 9312 63 2081 9119 9821 4437
93 3495 9839 7027 2858 3891 3472 8337 626 3710 1682 2136 401 8179 3784 7991 78 32 9636 4907 5493 545 9335 2060 8354 1939 713 4418 3824 5953 7771 3765 4315 3229 1228 8657 9773 7229 4373 5457 2406 8366 7743 6143 6221 9328 8002 1041 6315 584 8126 805 1729 9193 7662 4168 8386 5422 5349 5523 2924 7179 8030 9090 6277 9906 763 9149 6200 4662 2938 4035 7499 4585 2875 8038 4843 2595 434 6356 3663 6809 9939 9684 7435 2760 8598 1326 6912 4827 1127 5267 1094 3115
100 9364 3988 9353 9707 1935 3074 9236 7510 3383 8288 9381 6450 7485 7387 5079 6284 1960 1163 3823 411 9020 7774 604 6606 3790 4983 3956 3862 3016 9915 1372 6802 8967 1941 8196 6237 5981 3416 8413 1737 6379 9148 3042 6366 2315 7417 6474 9326 1234 3560 6109 3199 6610 4106 7505 618 5521 946 134 8798 9541 7347 7408 3627 6166 5222 1491 3893 27 5489 5644 5411 7490 6635 7527 7654 8203 4813 5887 1553 61 5797 5902 9566 352 809 629 2420 8317 1593 6520 9561 9614 8252 9846 3998 5019 8815 6537 2754
97 2554 6351 1872 3035 9271 995 658 7976 9463 8050 7819 7878 5105 789 5675 3361 3817 7606 4592 7765 7582 5713 2716 327 8246 8381 7492 7013 5593 6982 3833 4544 3071 1666 6054 6776 7271 6192 5633 1768 7498 8569 9408 5090 6049 2575 4061 1515 6441 5657 7904 1182 1858 4324 4984 5660 2264 8014 4400 3334 9211 898 5767 9441 3678 4167 284 1270 7873 5534 9698 9531 1614 9037 7488 5680 668 4198 3939 8776 5485 2943 5924 5874 500 4375 3247 6416 475 7423 7279 9685 6554 5181 298 1652 5258
98 6715 867 3905 5826 3752 6491 8020 4080 393 7160 6231 8335 7609 9003 5187 631 9527 5173 7051 7736 7032 9680 9693 8561 9265 2091 6353 7075 1645 8172 1530 4674 1167 2374 896 6534 8509 2838 7863 5611 3829 3769 7017 9118 6211 1197 2558 7611 8394 6447 416 3582 6737 7090 5231 1368 2089 914 3952 3427 921 6750 8677 4739 595 3137 2724 388 6165 8013 5452 5882 7467 5097 296 757 3191 5477 9194 7249 4062 4862 5129 8330 1744 2912 8854 2148 848 2217 169 9831 6339 4422 6755 4301 855 7219
85 7842 9295 4383 666 1774 3717 5480 4111 7569 2223 6547 9768 1268 335 2536 4865 8885 5617 5599 5213 8175 7653 2326 4093 9867 5984 3333 2472 2305 8146 5900 4972 206 2110 31 9775 77 4922 3386 6735 5006 807 9525 9908 4654 4702 1743 6673 6811 7021 6311 6756 7676 9799 4214 3364 3428 8198 9430 796 9854 6801 4521 8389 944 1551 2314 1187 5402 6424 4132 5132 7953 7810 3063 7987 4820 9209 2665 812 9460 3440 4937 8477 8378
99 1382 9843 7938 6677 5695 1078 5654 2644 6133 8649 8365 5243 8908 1588 3014 7716 5574 1710 6098 9743 5796 1113 9099 4635 3271 527 161 2524 2634 2202 1751 849 9732 2457 5193 133 2695 0 3569 4958 5080 4413 1424 4760 6458 3122 2301 9152 9467 1016 6461 6806 2479 5139 3007 6914 6294 4108 3913 8679 3111 8858 502 5284 491 3209 2106 2826 9676 1153 878 4722 1332 6088 5116 4118 26 7581 7837 6113 1514 9076 4798 9121 6236 7278 9200 4549 700 1581 2415 5119 8935 5204 7146 2630 5499 4811 9516
92 4929 1079 7983 1676 1998 40 9092 7894 4311 2757 7902 5273 2057 8887 137 302 2556 7250 7251 1706 3064 4815 97 3205 4430 8542 3810 7364 6208 7637 9343 1482 7217 7509 8087 923 9604 3415 1035 4626 3935 7852 8743 2652 4154 8559 268 9947 476 202 2242 6171 293 3354 1637 7456 2115 6103 1206 6840 8703 6126 5773 125 3539 2509 3782 9363 1034 9934 3034 9313 3483 7155 100 829 7595 8621 8169 8234 1360 4224 9932 1164 7264 95 2447 5407 6254 7768 2426 3236
95 9555 5768 4912 1505 1708 3969 5062 4864 7647 3371 5993 5476 3851 8652 9558 3954 4743 7392 1378 3535 6139 5689 7766 7401 4019 8204 1496 6269 7661 1572 6945 2030 8791 339 2001 8903 9783 6660 8424 3442 1762 9421 5215 4849 9145 8589 151 6637 7170 3450 3360 6853 2625 6874 3251 5739 6023 9250 6948 3061 1365 7874 1446 897 5501 2162 7937 6822 1274 4136 8113 9876 9263 7618 2545 9969 382 8435 2798 8177 8201 8005 7815 7372 9967 1231 1552 1705 9129 4323 1464 3242 2935 4128 7910
96 7670 4763 3626 2100 689 5828 5304 4776 7480 6698 7268 3135 1740 9070 8956 3799 3642 6864 5185 5319 6775 3079 8095 8285 5845 513 550 4271 3346 4799 8444 676 7120 3883 6462 3494 425 6882 2200 5027 7912 8879 8142 7851 4074 9562 6572 8863 4966 7592 2131 1474 8000 1738 8999 6559 4697 120 7317 3818 5469 1223 7616 9883 554 5059 4555 1787 291 8784 9217 2276 4956 585 4814 9537 3701 143 8757 3955 5634 6044 2179 6404 4303 2031 2395 4766 5256 9508 1893 1841 9781 3321 8517 7717
95 8072 2203 3540 9459 2568 4251 4964 4765 1982 6966 7805 3989 403 4285 535 8669 2741 9740 3533 6363 8022 9517 9208 759 7252 765 883 1211 6887 8067 8873 8468 4515 8132 9601 5503 4239 4510 391 1894 524 8464 6507 5386 8722 1415 7577 9933 9256 602 1087 1043 9155 6993 8047 4291 8689 6039 7412 7684 139 569 1846 5047 4580 9502 458 7948 1353 2582 8660 6834 8744 4258 5662 5918 2677 6241 8407 5674 2628 556 2551 3633 9673 7848 4246 6252 3634 8773 623 3904 8678 514 1282
105 320 1567 4186 4764 124 7407 5317 6324 8585 5168 9216 1324 1756 8998 7122 456 9156 181 3796 6258 2285 129 8239 1839 6255 9218 2884 6013 2261 7707 9825 480 7285 4441 4176 3909 7436 9377 4659 65 704 1890 9276 4337 8960 9390 1665 4503 1830 9911 8357 9512 2015 88 4143 3456 8570 7111 7754 294 6091 7132 5346 3099 3319 1338 3922 2876 1459 8673 1390 4192 7270 9286 8788 8417 655 8032 8411 2867 5366 9333 7965 3739 6650 7914 9826 3166 2776 2550 8505 975 8237 9820 5250 4663 282 6322 3564 8441 4372 7617 5931 9756 5035
101 8599 1792 1587 1104 5382 7174 3113 4624 8157 5942 1229 1748 5269 6312 3143 6442 8318 6154 2731 4177 3198 741 521 9292 6565 4405 8700 427 9132 6333 2371 1416 6932 8026 2753 2631 3835 6256 6918 3773 9123 8995 3317 7429 5876 6793 1306 4615 1070 9261 3592 8473 5763 4001 872 5392 9365 2317 3086 2954 1225 7205 823 4987 8992 2962 9051 5416 6690 2228 4692 2295 8304 7880 4419 9221 8471 278 9437 5285 5706 5635 638 9964 614 9711 6787 8915 8073 4673 9993 3981 4417 5264 8751 6061 9728 510 929 3601 8658
91 337 481 2397 1296 2812 1413 1320 6262 6771 8990 4322 6352 4548 8638 1219 5166 8396 8984 1602 5040 3408 1494 9485 5697 7391 7959 5790 5741 4356 7039 4115 3477 8680 2605 2073 8200 1015 1892 2429 4655 6280 8220 1148 8579 1522 9931 7337 628 728 3139 1335 2989 4895 9475 3965 9716 6233 6263 2042 4715 9479 7465 1778 4979 3753 5436 6190 3120 5947 6510 707 3212 6712 2531 6522 5248 9289 5314 6212 8936 3363 8714 6469 4905 5390 4194 8363 9278 6266 7740 3674
96 1809 9925 1200 1624 9360 6014 3724 8742 86 9884 8488 261 3562 1013 9937 443 3280 8920 1627 5698 5731 5227 3594 9847 3688 3177 9765 6600 8594 2604 6076 983 1212 7621 7335 2064 4212 2559 7443 771 3306 5761 1828 5153 706 6151 868 7087 3816 9545 3022 8104 2538 1024 4745 3263 1303 7007 1897 9101 8841 5520 4725 8309 5708 8075 2322 8628 5751 5491 780 4857 4877 6337 1429 2953 7133 5087 7984 8144 4834 9007 8535 6898 2782 3870 1688 9856 2367 8501 4012 3518 1475 4866 8668 4081
93 3597 4007 8805 7870 6819 4598 3189 3457 3078 6338 6573 4209 9612 2588 1169 3651 5339 3355 2164 723 7026 610 8952 5279 5169 8578 7068 4906 634 6361 3394 9465 9192 5383 8406 871 6924 4353 1850 987 3698 9613 8682 177 317 3764 6931 611 3918 468 8898 520 6125 6741 3155 6762 6649 988 2739 7046 3528 1524 4872 2222 3690 1978 3289 4804 8 3114 3932 7081 7930 5970 3314 9868 426 654 860 6847 7348 9603 5648 5748 8957 4457 8230 4651 5774 6205 1741 1172 5564
89 1823 6631 4981 4416 7043 3233 6905 7002 546 6837 1943 5978 7171 6163 1854 5530 9568 28 9544 5834 4477 853 3726 3587 333 4511 9606 7952 2325 7091 4974 857 3691 810 7862 1523 5420 3795 8684 683 2355 9120 4195 1123 8208 467 5782 7776 1764 3400 6877 8672 2896 9872 1358 7257 3801 6184 5328 6710 6134 6526 8452 794 8161 1149 3 7961 9011 1638 9358 2294 4509 7388 9229 2921 7573 343 8560 1599 9800 663 9511 8933 1479 5712 9963 3425 1979
91 3832 2259 6890 4793 4084 600 6908 3215 9329 105 756 5670 1934 8339 8184 8068 3557 9665 2930 930 9490 6742 3062 5785 9787 5486 4967 3766 6808 8280 9481 6835 8178 8872 931 2007 5999 4518 6443 2580 8466 515 7231 2017 2712 9231 6070 8100 2877 2557 4155 375 464 4728 8931 2852 2016 4740 3667 8613 573 781 7145 5625 6001 738 2255 3300 6719 5479 559 9753 7216 3596 4869 9955 5214 4545 1929 5985 3600 7778 5684 9103 321 5012 3352 2602 8117 9074 9515
91 2178 7728 4144 9004 4565 6358 1636 1161 4526 89 6439 1881 6974 4894 3418 7405 5058 1256 6515 8552 9779 8084 6033 3505 3746 2521 5540 1625 4879 2513 3840 5539 4023 5873 1443 2120 4044 7033 6665 9802 3914 25 9029 50 7708 438 8900 1822 3369 5919 6617 3266 53 8639 7410 7356 5913 2175 6928 4120 1758 9715 9370 3553 5026 7795 2170 3722 8661 3476 9966 4241 1920 7737 2021 3607 7844 7319 2235 8025 5374 4171 5666 74 1354 7295 3157 6581 3802 2713 56
90 6967 9669 3460 7876 8675 2359 6550 6940 8735 9414 3666 6851 7536 5316 1285 2845 5025 3142 7857 6571 9523 7137 9190 6933 7414 8374 5506 8324 8541 6124 6024 3609 5292 8919 8106 9412 5957 4646 3250 4059 8300 9385 3109 2827 4333 8188 8293 6452 9514 9420 5524 2183 8924 2351 2388 6021 1115 9435 6142 637 3224 248 3696 165 8710 9757 5440 6158 9057 5691 4474 7839 575 5209 1179 4810 9559 6127 993 3210 4622 7932 1294 1598 1454 6662 920 7700 1827 7872
97 2986 4424 390 9128 1780 9954 4665 2002 4620 1173 5656 8912 1393 465 7645 3194 2418 5714 8770 621 6215 5621 7635 8833 3341 7041 864 4359 9818 4647 2565 6411 8926 5362 3920 6907 3431 3033 7623 3716 6282 8624 5745 412 5955 4807 5133 2680 3474 3583 4156 6959 3728 6594 4098 8190 7899 3830 6105 3423 8739 1056 7464 1044 2038 5021 8409 8816 3073 4432 6329 9191 4729 5054 5944 3736 6372 6410 5367 7079 8806 9416 8504 3976 7209 3974 1720 7167 46 4055 7276 3185 1673 7200 1690 2903 8818
87 3912 9151 6785 8614 8554 1098 8085 7627 8437 4256 2436 1445 108 3617 1644 3284 673 3351 3216 7644 8943 2926 7315 726 743 9341 5274 9009 808 495 1026 942 2596 160 9030 3686 3310 2727 1609 9962 3751 1359 819 29 4242 5114 5496 7187 2029 938 9253 2717 6378 3874 1795 1366 2307 9581 4543 5693 6145 1392 7389 6297 4497 8422 9484 8823 6501 7578 5847 7725 6936 2331 1678 2399 9945 9066 7749 3991 2172 8217 3116 9373 9834 9741 8950
95 5686 5504 1395 7071 3972 365 4859 225 4423 5939 5300 6307 2401 9170 7511 4797 8551 5838 8071 1204 3294 3983 4664 5515 2297 4462 2190 5095 1180 9045 7767 6648 3921 6391 8312 2650 4525 903 8519 9095 1284 2109 6828 4145 3792 5682 1463 7316 6708 9863 244 7655 9423 7489 7901 6505 9013 4088 9980 9469 1308 122 9135 841 9097 2955 6722 9600 8717 7296 8482 273 5372 4896 2797 2802 9642 2354 4440 256 6858 9324 5881 349 6422 7796 2785 4826 5311 3876 8882 1002 1038 9816 7038
93 4247 601 813 8888 3017 1808 3733 3924 4339 7631 3458 3822 7677 5692 1794 7622 8721 8921 9094 4911 6884 9688 80 916 7213 9882 9532 2254 2723 5911 3349 6938 6340 1383 9682 8341 594 9080 1657 5562 9164 489 7212 2636 2685 5429 7538 301 793 2745 8971 2381 9226 5100 8299 2422 6913 2069 2435 6110 4220 22 1293 1244 9041 6500 1194 1249 459 3715 3610 4913 3181 5465 9935 1667 2125 3630 9356 3863 1536 6620 158 5194 1435 9952 395 8580 3719 9150 4153 9918 9215
98 7752 6313 6380 8176 9507 1793 6511 7922 484 2726 1210 7506 3859 9923 4124 4476 2093 3961 5128 851 5324 5453 6360 4299 6516 8206 7097 5609 4842 2879 2991 1226 2065 6169 4723 8199 9584 4150 7927 3895 2246 2396 6759 2951 684 974 9664 7313 5117 2085 3730 4030 969 8645 6225 4573 5074 716 5071 6795 1788 2897 3637 1800 6901 241 9006 7567 1291 4217 4657 2704 7923 2829 1299 3606 4092 9455 2818 7809 9899 5958 1685 2888 6781 5063 1817 2563 9696 3101 8683 4959 893 4077 6467 6604 2837 9306
89 1330 1968 4327 9563 4703 1120 2250 6845 4319 9035 7712 8340 3382 5299 7449 6444 2773 4677 3812 3760 4708 7258 2260 6964 8716 2956 2766 7507 4730 6613 2268 2018 2343 9723 2147 2416 4821 6064 5260 1612 5468 5525 8449 3090 7025 233 2165 4609 471 486 144 3938 4174 1994 2672 6071 1220 2505 9852 5631 9943 6089 6107 323 3987 6234 3903 6278 5547 8765 271 4915 5572 3547 6846 9801 6078 5627 9220 4250 6894 3244 6183 4676 5312 3305 8227 7022 9535
95 1265 2134 1346 7421 1189 8328 6170 5072 7926 7495 7223 9184 8656 7107 7682 3175 6675 8205 8832 4630 9016 9750 8360 3288 2710 2659 4222 936 1074 5208 4802 4881 8272 7049 1233 4571 2590 6535 2667 2365 6118 2535 8343 4388 9272 8648 6187 3102 3567 7822 6552 7077 7015 5408 8855 3854 4488 8730 7638 242 7406 3470 9240 5456 6906 7373 7514 1243 2337 8225 2387 3657 9866 9068 7080 6590 9084 2157 2143 5217 2350 3573 2736 5556 2789 5555 7605 2050 5726 4127 4628 7304 210 1166 4993
88 384 6962 3631 3523 6815 7127 591 7028 4408 7974 7519 5305 6736 3498 4471 6827 2866 3756 3165 4710 3432 3919 132 4381 761 3813 3787 1561 7098 7847 7596 7634 4300 7360 8836 1834 6009 7515 5251 5626 4347 9334 5065 7534 5156 9745 342 4119 1485 1771 7196 971 9652 4075 4934 994 9812 7542 3134 5017 2210 6180 8493 101 417 2578 8033 4000 2117 6923 7283 1776 1489 7218 4706 8800 9948 8902 8571 9880 6664 5995 6431 305 1518 8301 9598 4848
95 2929 2864 198 2617 7483 6688 3260 6645 1769 1126 9886 199 1451 499 5498 6632 776 1165 8331 9010 2666 5223 6259 2485 2152 6499 6438 2023 2378 1734 705 8001 448 5718 2904 7730 6314 2626 7890 1878 622 405 8831 7280 2733 6778 1802 1487 3466 3103 357 7579 9719 4203 4822 2893 8687 2376 9181 228 3486 5385 9578 3517 6177 6283 7371 2949 7353 1633 4792 6437 7378 5442 215 2830 118 8574 2637 7993 1533 939 3589 2835 5669 3182 4882 7462 5586 2158 577 5820 5232 1473 3374
101 4914 5122 6643 9402 845 1936 885 5727 8556 5358 4870 7681 2681 9033 5070 814 5175 2394 6629 9942 3000 1106 1594 463 6891 4305 5612 6638 8267 2380 8420 1777 2300 7322 5852 1142 1789 8980 8783 3636 9136 3356 2771 3712 4026 6766 7497 1409 3682 2643 6960 7199 269 7330 7989 4104 5507 2192 2982 3446 7999 979 7715 9227 7934 9480 5242 7898 4923 544 6843 566 3461 8048 1600 2079 4583 4978 69 9487 8470 2546 9301 519 4737 9589 9275 9347 4963 8253 976 3923 1143 2334 9946 4727 3734 7040 522 1604 1534
95 3146 787 9853 8137 6420 7404 4017 7 3344 2678 7915 1356 1033 9339 5986 2274 7555 9225 3889 1993 8692 6577 5875 267 749 6371 4568 6519 7558 3067 7756 1908 4027 2822 2041 4705 2470 3370 2046 6951 7153 6885 7845 5962 2872 2909 8432 236 516 6343 7206 7738 1247 5421 8737 2755 6574 5281 8207 4675 5909 5890 4962 7232 222 5113 6745 6065 9462 6911 3623 7284 1508 6584 6377 6066 7986 586 9977 918 8895 5658 7331 1031 6883 1976 5663 2151 3048 483 2640 7473 2320 3532 701
94 4022 6448 24 5417 5140 473 1775 2278 3951 4486 5531 3414 9141 2914 1991 5853 5701 3581 9251 5996 2129 4700 4985 7245 7323 877 6611 7266 933 9595 4208 2206 1677 4578 9970 1605 5451 2391 7705 5822 647 8695 8985 1418 9838 8156 4166 3506 6509 6292 4331 3072 8123 7298 2137 6173 1025 5598 8159 9396 470 737 8531 4916 1842 1239 5683 9644 5969 5425 3749 104 4223 836 712 3490 3110 2363 4735 1028 3514 5793 2902 8777 5158 960 7129 9451 5892 2887 3977 1805 5877 616
90 2186 439 752 7197 7539 9321 1995 8345 4056 2825 7374 35 6734 7564 167 1747 1955 1714 9630 6530 7550 6498 266 4135 4002 1241 6067 9449 1862 4318 1610 9498 4434 9910 1760 1697 2871 6687 5711 1138 3534 6707 3858 4612 5150 9926 3149 7106 5135 9203 2646 9588 4398 8845 58 377 4487 6597 9567 1295 1668 8927 2205 1925 7074 8027 9428 2813 7128 9771 7242 6068 2444 9175 7240 7184 4371 2633 2108 6020 4516 183 8884 1375 107 8706 760 338 9736 8434
94 6433 5846 7454 5379 2008 2284 2092 1362 827 2461 4435 6527 1992 3295 9058 7714 718 8223 9629 8749 4734 9968 4112 397 3228 9912 9729 4976 8557 2517 8007 6807 7841 7425 6927 2611 4589 6668 2006 2438 764 4355 5265 2407 526 2339 702 3595 5548 9950 4644 5527 8775 986 92 5743 2945 7422 9708 525 9703 4529 3541 3256 3213 1970 7173 8192 3811 5777 6045 1898 2655 5952 6389 5784 9297 3868 1092 7390 5482 5765 4390 8423 8632 3257 4997 3732 4231 419 3203 7732 3758 4107
94 9758 6892 1766 424 6436 2709 733 6319 9572 7115 6095 3555 879 8431 9235 2272 2074 910 387 1235 5092 6805 830 846 8512 7990 6721 9166 3125 5732 8799 4887 8397 4809 6592 1052 9602 5835 2499 1254 4863 6320 609 4037 5560 4364 461 9599 3412 4999 2885 8377 8141 7895 9805 9828 2191 138 7838 9929 2920 1661 8171 8019 4249 7123 4034 1018 5085 811 4824 7770 8367 1716 6518 773 922 3591 441 8976 2651 7178 7226 5948 2379 9569 9048 6296 43 783 8313 2058 3368 7831
92 9971 9445 5252 3293 875 694 4072 1921 1753 3217 329 6646 9529 7438 216 2607 8938 7603 4344 7588 4694 4370 7692 8478 8543 2627 804 9860 4394 7529 1433 911 5454 3375 7979 4152 680 8997 1107 8303 3389 798 2765 1048 7678 5839 2928 6005 6406 2516 984 5104 2097 9764 7305 7345 9999 8796 4238 7177 4514 7943 2423 9701 7972 4524 593 3076 2503 3625 6899 7761 1944 9645 8538 6659 9898 106 8839 6512 4726 1331 1168 2455 123 2850 6435 997 82 1312 9998 1453
93 7936 5808 6549 9403 4066 6216 9643 4998 2123 2654 7598 9692 7632 1733 8453 9177 8080 7973 9547 4586 894 8753 4656 9424 8426 9091 2370 1408 207 136 5432 7172 3066 5505 1763 5180 2645 4899 4753 3396 5869 4343 287 9034 2995 9015 9077 1596 1090 3563 4643 9439 13 825 8659 784 3550 270 5905 2622 9065 7576 3755 3521 4409 6963 324 837 9615 2140 3877 9142 9422 3475 5584 4636 1739 4361 9014 9106 9022 5754 746 3404 5817 1546 4295 7333 6178 5960 19 7794 9639
97 7204 9345 1843 4610 580 4599 8870 9832 5725 9616 5144 7451 8097 1857 3605 2012 3451 6693 1069 3454 8922 778 6457 7888 7580 286 8640 1162 565 7734 656 6608 1715 2488 9575 2330 2348 5628 6716 7008 6680 5446 2304 1286 2112 4452 30 2998 3420 8486 4957 3081 4867 5121 4749 8065 213 2271 4428 5910 1566 9354 5728 2806 9751 7722 7720 3291 6636 7344 3255 4680 4468 3786 7608 8290 1371 452 2226 3154 6364 4719 8371 1273 8051 3872 186 188 6968 4631 3708 3441 5475 9032 7047 578 7124
84 3995 6764 3384 3248 3164 4454 8909 5149 3049 9657 1731 3561 8691 6260 4395 7300 6919 3500 7532 7282 5998 3638 1675 6980 791 289 1815 3040 4884 5729 6621 7222 4933 7869 4634 8319 5868 2730 698 5148 7563 9976 4028 8079 3196 3849 4083 54 7516 6375 7786 3624 3029 5620 7113 1759 9171 7311 2919 9429 5916 6639 9833 1621 7679 1884 16 6137 4960 6245 4157 7044 8768 6168 3419 1877 4202 7885 9001 3857 1321 4350 4513 6676
88 4125 5203 3316 6201 8245 7512 194 4365 7755 1073 649 2599 4833 4982 3671 8728 4613 116 6072 6695 4936 863 2090 8282 3677 7560 3669 9404 4731 4387 6903 319 8287 7780 4788 3504 2252 1736 5160 9069 474 8905 889 4835 114 8733 1910 3747 348 865 1906 1188 9464 1081 4293 6011 2977 9185 7112 4048 2077 7193 8058 1444 5413 4391 8758 8147 4886 5360 847 7741 5770 9938 6413 7825 6944 9054 5428 2244 518 8416 7942 8940 826 4261 7312 9179
100 9979 7643 1558 2507 9398 6414 1927 7293 5050 1735 3231 2932 5638 8195 3491 1663 2819 2263 8894 304 9770 3487 1430 6531 7303 4139 9590 5283 1119 660 6528 7544 7329 5736 8183 1343 2009 3933 1397 4045 5643 3485 4920 4456 6400 9161 843 7525 6116 9991 8346 8165 3045 9391 4961 4611 9905 5478 1032 9907 1207 2501 6385 9183 3330 7557 8869 8382 5810 4698 6825 9442 6000 5302 8187 9318 7470 5152 7263 5842 9081 8750 5604 4233 1348 9830 5201 8608 2256 3192 2133 8238 4596 1856 651 7658 1022 8445 8091 3046
97 7045 3328 2952 6839 7543 8774 3907 4838 8685 2135 1630 5364 5216 5336 2279 2121 8880 4360 4384 8548 695 928 4718 5735 6016 2448 6739 4332 968 1950 4577 8224 2994 856 1583 8527 2335 4266 6159 5972 8780 818 9050 3107 110 6147 9655 9987 2403 9763 3156 9212 5394 7871 2414 9957 6753 4 1481 197 645 6599 3660 4225 3520 239 1155 9047 1089 7801 9737 2714 119 8623 2854 3119 1067 2803 5238 4444 7189 8729 1017 8720 218 3645 3417 2922 7702 285 2624 5471 736 5106 9436 5450 7552
