97 3796 6060 4956 8313 6813 149 2364 5973 110 9849 5356 7874 6820 6904 322 3018 9246 7895 180 4653 6057 250 5291 6876 2713 2022 9947 4064 6122 2745 1112 7218 2935 7941 9907 1664 7911 4801 4758 4522 6302 1343 6307 2644 5425 5866 3368 6591 3185 7367 2640 3129 8768 9871 7414 7404 4568 4740 8814 2309 9270 2407 6442 2503 1040 3689 838 6174 4480 9638 5698 3948 7898 6008 457 182 6589 5115 3154 596 9188 7376 3731 3631 5450 8726 5733 8676 855 397 8955 719 251 101 70 1009 8420
88 9353 4335 9725 9187 3900 3979 7151 6251 1309 3306 3274 5921 9867 4061 2133 7817 3613 620 8095 8582 1010 6021 5252 708 5718 1960 5787 652 8622 4689 7406 7368 2959 7904 2977 2688 1019 8023 1776 8477 8664 6425 5177 5348 6965 4047 702 4537 125 7423 8318 395 9542 7323 8693 8212 1526 1755 6716 9195 7562 4880 5595 8169 1826 9433 187 7871 4710 8345 1432 1242 8752 6819 940 4219 3282 3320 933 2712 9223 816 6846 517 4274 8530 7516 9363
93 329 1639 4063 1568 1262 4389 2969 4323 3621 3797 412 6188 4775 6707 15 9205 2755 3059 648 3430 212 3404 5863 1679 881 5641 8849 5984 3682 4835 5495 7673 479 9293 5723 7593 869 3871 379 7966 4454 8803 4882 5820 5324 389 7588 7792 4933 4441 5868 1820 1911 9399 1793 3426 8320 724 5914 268 7617 3544 6752 2854 5911 9517 9209 8031 716 2464 8641 8389 7424 7131 7608 461 5189 7533 7903 9546 668 678 2826 6271 1766 9245 8094 3098 2711 5580 7442 7315 3958
83 5366 7828 6932 7837 552 6838 7100 8716 5948 7799 4397 3533 7389 7303 3021 5953 9526 1137 8358 9329 5404 5434 1389 2390 3457 4741 7802 8957 3899 4185 6598 9968 1114 431 6848 9474 4079 8689 4752 7649 7919 8701 4519 1411 6301 8497 7669 9255 8696 7697 3077 502 7507 8938 5278 9064 4344 4723 7687 5847 6186 2443 720 1850 378 1720 3893 218 1823 2628 749 4174 8706 1554 5699 6858 6315 1426 2948 8356 5488 2994 3602
89 390 7081 651 3412 4386 4416 8462 600 3561 8636 3808 1797 8428 6276 2783 2791 6927 5969 3986 7198 4334 1580 2276 4764 6300 5913 958 5230 8436 3998 8405 6822 9434 4829 8907 1570 4541 7980 772 8261 7737 7164 4529 6064 8841 2033 4818 718 7729 7161 8069 2682 7511 1511 2241 6540 9670 8884 8656 9180 8452 5033 9905 5234 7331 6278 4319 8176 5001 5978 44 5054 2837 2660 7398 2517 3438 2125 9374 8686 1624 3115 240 4248 5950 5372 3305 6352 7859
94 3175 3424 3091 4896 1336 7880 3292 3880 7236 5406 1093 3226 5568 33 8470 1364 5331 2663 1354 7938 8355 5873 2638 8969 4463 2588 4034 7965 8501 3780 1863 6794 3374 9175 5679 5393 6720 209 9678 6711 5439 3670 7005 934 6934 485 5239 4177 138 2788 4806 9563 3211 7660 965 765 5224 2584 6621 8414 7487 9594 5105 2616 4210 8045 1630 3112 3394 2734 5042 3037 214 5320 4917 9523 9321 8545 9104 9150 5317 5795 6644 9381 4608 2938 6956 287 9291 1472 8575 5519 6046 885
100 1782 5785 6801 9889 8944 7050 9574 6623 9844 5442 5780 7120 5136 445 4726 6100 2473 7339 2108 1758 8973 9124 2914 6362 1464 5728 5706 4362 8798 8984 9484 4991 7962 9790 1463 8526 1069 4148 8987 2728 5748 7253 2043 39 8760 9984 288 500 495 694 6071 4145 1945 1434 2675 2136 3528 5060 1923 177 797 3489 4207 8102 4592 234 5019 2458 4226 6032 8876 1765 2099 3082 9097 8130 9446 6483 4730 2312 7439 4759 7672 2942 3657 7011 9504 2662 3674 385 1495 7271 2630 8120 9581 8713 3722 7978 7361 4643
93 6054 7733 391 6601 9297 1907 258 2434 370 5410 447 7787 9885 1791 7600 7480 9217 2671 3097 4428 1344 4204 3020 5081 5172 8122 8160 2211 2343 2971 2286 6978 1468 1671 3811 4570 4883 5768 7972 3611 1133 3073 9043 6139 9075 4718 1208 7006 3403 5941 155 4370 4525 3840 3698 1381 4427 3383 9549 3137 3143 1745 1976 8411 3516 676 4942 723 4821 4792 1436 785 7109 6642 1659 6422 5330 8771 6028 1592 753 1217 7741 4444 6580 9258 8531 642 4756 3237 347 1417 235
94 7232 901 1885 9372 1751 656 6566 6935 4680 3855 9158 4527 5577 4053 2514 7362 5005 1575 5392 3187 8307 6269 7768 8228 4785 5897 9332 7977 363 4179 9818 787 6722 7725 4870 825 6725 3387 4585 1490 9190 2860 6605 5626 6704 7897 9847 7190 5750 5139 7421 9411 8825 3318 2531 7926 6178 8621 7482 7062 6313 9857 6921 6696 8763 1990 1943 5530 4468 7051 9274 2730 2194 2159 7191 1602 3523 7708 1673 8417 2425 3049 7384 2792 4576 8893 2478 3967 8585 4659 7514 7976 3951 9535
93 5981 2765 9521 7057 4471 4141 6181 3632 448 5214 902 8668 9133 2161 1707 7550 9391 6548 4705 1469 6551 8179 1730 3095 1304 2258 3348 5683 2054 8187 9413 2890 4988 285 3634 7306 5007 4892 429 8294 2717 3534 7076 8172 6508 897 6573 1033 9302 6597 527 2306 1789 204 7058 6611 7090 2427 6484 2394 7231 3758 6815 8519 2056 3552 6697 591 6364 3961 7206 8137 8516 3973 7901 6633 1260 8177 4383 5894 7908 8753 4356 8003 298 4607 8790 8475 5280 7462 6537 3569 2613
94 6990 8410 8052 4514 4948 8738 9567 6864 4828 444 6279 6920 1480 9824 1687 4437 7357 6989 4161 265 7182 8911 4088 9395 8502 6640 5989 2392 3170 5510 2841 6993 9989 5015 2444 9029 5196 2970 5900 6767 828 849 1322 4359 6047 7747 9716 2326 8881 8482 4037 4478 2812 6263 3725 3100 1709 7790 7283 4584 6467 8127 6649 3110 1916 3515 6220 7207 6839 9345 6031 4888 6019 2777 307 9076 2359 1831 1462 8966 8276 6629 2456 4921 4394 567 4415 3537 612 3469 8940 3649 9785 1367
94 6473 4603 1827 7234 7801 554 402 2553 6884 1772 8628 5360 2723 7585 6732 3521 7084 9673 9206 4839 281 3640 93 8096 4567 8221 2335 67 9780 8500 5616 664 8967 3726 3240 7939 8550 2384 2658 1667 9306 9227 7857 8010 8494 6492 8722 7761 6370 7598 7227 5162 7703 1254 3121 8407 3605 2330 5335 7070 5582 6262 9296 3471 4875 2304 1250 1215 5352 1323 3687 5487 9878 2239 9956 957 6627 9085 8426 5965 4614 6780 4024 6366 7829 8926 9131 249 4886 3847 3068 4658 6172 598
92 3701 3853 2573 9105 6966 3389 2586 4192 6985 5003 3033 9745 3476 275 6600 8562 5254 2776 9471 7922 8449 7951 3080 8192 7448 8988 788 5992 564 2200 857 1443 1631 7261 562 2999 4661 5314 6010 5556 6625 205 9617 7726 4698 3183 3373 1453 2287 4495 9664 6967 5212 8038 1763 8835 1038 5262 6216 2846 2356 7878 7734 5192 1870 1536 568 8570 3176 2305 7249 8175 1035 9056 8789 2460 1593 3386 3749 9340 9586 7640 2493 7795 6079 2009 1762 9987 7169 5618 8379 6942
87 5166 5025 3815 3195 6429 1606 9643 690 7225 1224 5731 680 8924 8474 3945 1167 9292 6378 6991 8729 29 3167 5677 2102 6386 4993 9271 5881 6742 4255 1510 9541 8186 9937 2939 12 5724 2237 729 1690 9295 8682 1193 7388 8901 8624 6149 2569 9826 4287 6152 4333 5341 6886 9183 7219 9220 6726 8508 1047 86 5168 2557 8450 4816 4073 2087 6395 9282 1221 1873 7944 8511 9833 2111 7048 7950 7224 2574 9001 6814 3581 5673 4474 3841 9545 3878
102 3835 3744 4572 3646 7778 503 5376 8249 6136 6902 2137 7122 1812 9660 4674 794 9990 9320 3459 8872 9038 8765 1585 2878 799 9458 365 5817 6265 2793 3452 1527 1004 6053 3846 5659 453 8718 1005 508 1395 5739 8081 3478 4208 4748 4493 3767 9415 5987 2112 7685 5922 4890 244 2406 4983 2794 293 2029 1504 202 522 5928 4269 1425 6121 9755 5183 9336 4093 5515 5020 4268 8170 8775 4960 3319 4844 6283 5021 6516 4714 810 1843 2445 3525 6900 4470 246 8612 9598 9754 5535 9861 3941 4158 7413 6018 8591 2973 3763
98 4737 4236 255 4 6693 7203 1784 7970 9647 6001 1558 4313 4846 3491 7986 2677 1016 1272 8150 8734 3495 8554 8818 8608 2084 2506 6134 9776 7663 4743 4712 7553 9304 4782 3296 6158 1257 2439 1531 4675 2525 9149 8934 9779 530 5998 2076 2096 1116 5374 3496 4845 1349 6554 786 4898 1980 8700 32 9201 9897 7258 2291 3364 5929 6659 7014 4887 1841 9244 7696 6033 5259 5761 4116 4934 3152 7098 1883 9488 4046 9482 3511 6253 5176 1919 9679 5315 9510 2600 8707 5431 5751 1313 9906 3654 8434 8699
96 5910 9811 735 3107 8755 9591 5462 8858 8961 6480 253 5218 9865 9579 7155 3369 1450 4030 9388 1903 9518 1953 5145 8288 3980 483 4928 8538 6570 6952 8678 8644 3713 7809 4734 7458 2539 9971 8843 2063 7645 1935 4662 7745 9568 1650 270 9117 9319 1054 8638 7091 337 7626 237 7171 7503 1871 5855 5469 9134 7582 3870 58 3513 9377 5889 9903 5132 7391 1493 6020 3548 4697 9129 7007 4422 8578 422 7202 9969 3290 768 3668 7953 1125 805 4955 9628 4984 2225 7141 5960 8181 9830 7882
95 6244 1163 2100 9917 1719 8958 7165 7858 242 1961 5452 30 8481 4666 8204 4171 2992 4692 3875 5365 1780 2463 5542 8740 3932 1663 737 769 3531 5779 9770 2095 7136 3911 4175 7031 8877 5649 2587 5917 4516 1509 5573 5966 4551 6496 3582 1142 6195 6166 5848 7150 8650 5982 6618 6535 4720 2345 1429 1901 682 3904 3023 4311 3139 1676 9404 6741 9197 442 1854 2130 9862 9010 2558 2004 171 6896 4380 2900 2110 295 3397 9621 3153 7490 7552 5124 5632 3485 775 5942 6539 4857 541
96 650 5433 6303 7702 8239 184 1578 9657 2789 4129 112 3819 7397 1280 2468 1753 2735 3606 2018 1937 1944 6104 3223 2011 6980 3954 2643 6363 3146 7274 2692 4264 5918 4535 1252 3075 1337 1136 3633 2543 8053 75 7491 1595 3487 7539 8804 7263 5802 795 4706 827 2485 8381 1150 1824 7400 9690 1515 8209 9543 7108 9272 2093 8964 6208 966 2138 7176 9846 4549 610 7577 6914 8991 7891 1941 8776 5022 384 5035 2703 8977 9469 8057 2705 9397 311 609 371 9243 3672 2962 516 7587 599
96 6506 2642 1829 3624 9262 7714 4251 7776 1398 3693 8147 1408 9417 9500 3863 3942 6590 8834 3398 7779 2648 9560 2150 3484 7467 2215 7954 5833 3035 8523 4947 3793 5158 9376 8997 6785 5687 7947 8852 8039 4668 9900 8408 3760 9481 5231 2377 4732 5534 3276 5103 454 4914 5628 9514 8216 1330 5381 207 6242 5337 9748 7386 3992 8352 4594 5596 1279 4098 6744 7958 6610 4452 7632 6894 9250 9301 6170 6078 9836 8205 1815 6004 5459 7160 8390 3628 2752 4686 662 1178 3071 505 6918 7342 5468
93 6694 8359 468 3007 3798 8939 4827 2535 6963 9491 4091 9240 1573 5400 6875 7766 8685 817 2319 2189 5813 50 2741 3612 7659 1206 6403 4233 2519 8759 2515 7847 8899 5944 1872 1685 4181 5274 630 4424 417 4985 4414 5057 5692 8797 1011 1187 9747 6113 3161 2167 6030 4487 4013 428 7894 9645 7989 3466 8189 4477 888 9508 2594 2762 1158 9487 3775 1195 5701 2813 7002 5101 1409 8005 6264 7181 9452 9072 7193 603 8289 6895 2839 2796 3321 7320 4962 5743 6916 8215 5722
93 4407 9065 5220 4117 1311 2145 998 3957 5946 5283 8388 9960 3210 939 1939 2847 1790 3156 4790 5522 6857 2454 2698 7975 6039 3504 6155 3885 6953 2307 2175 4858 4015 8748 4763 540 4293 3609 8326 9055 3092 1449 6544 8123 8447 3229 1386 6497 5181 1925 5732 3785 712 6688 7820 3536 5106 1666 4949 2786 6774 7004 5747 496 6413 3502 1948 8036 3470 557 9709 1703 6553 8744 4084 7568 1700 2000 5470 9098 6743 2172 2494 5409 3556 3232 5844 4173 1866 1564 8870 5814 6977
95 7706 9775 3889 7489 658 7170 1423 8661 6090 6334 1094 5197 4131 8785 5646 1781 6027 2381 9165 2798 5146 4540 1419 9817 6549 3854 1697 470 9646 2290 7125 8472 8976 6379 8560 7641 8750 1151 5370 9489 2367 375 4149 5464 3446 6634 3905 5882 4757 6764 5563 4620 5143 3329 3974 7788 4055 8492 9084 7396 2375 4808 2667 1633 4347 6206 9422 3475 5026 7378 9615 9450 8371 383 6852 4544 8155 9582 8859 7662 2316 4469 5850 9305 4094 7265 9003 7337 3375 1199 1559 5729 3201 510 4604
94 5757 1920 6393 6739 5109 3837 2432 1974 248 2552 1577 4282 6487 9162 1029 6437 819 732 6652 8138 550 7402 6824 932 310 2716 5869 6673 5241 2149 4346 3437 6897 9730 6637 3771 6286 5465 4247 6129 1308 8117 3377 1200 4263 341 2674 8994 1946 5226 4503 7121 2528 5251 970 3041 5122 2115 8258 722 7998 3703 9547 7194 2420 3866 459 7454 6721 4531 6126 8687 907 1387 3204 1471 1232 7554 2874 6297 7643 163 6282 8496 8960 4089 548 4366 6275 3172 9888 4259 3418 7273
88 1479 1317 2092 9002 9400 6045 703 6349 6588 8305 6043 1363 6211 5861 4779 4951 8727 2550 9385 7762 1194 880 2499 864 9724 3173 5559 9249 4126 6261 2821 7751 4244 3514 2187 7085 1922 4445 9601 9729 7093 2896 847 3764 7449 1146 117 5269 2754 8090 5508 581 1681 7240 8695 8917 8196 1896 704 839 1340 3553 5039 7373 3072 1140 8590 871 8751 2461 9832 4446 6445 1726 4773 2963 9658 4571 3588 8085 7805 1235 7838 5945 4360 6338 9886 1563
94 2208 3747 2694 6648 9913 1061 7590 6734 122 1932 9778 4610 9094 3194 2060 4166 333 7627 7469 2148 5390 3652 6865 1523 8604 1807 5260 3770 3800 7525 5851 9005 8691 4231 2209 4168 9788 4943 9749 1227 6643 9157 1145 2143 5151 220 8341 9014 2863 8267 2105 9737 3882 5654 1665 1018 6863 2520 3103 1365 6799 7813 7913 3988 3779 7867 8446 4611 1281 1338 2545 7340 7418 4811 3615 835 8795 5742 3881 3246 7549 5361 6630 5538 7465 9419 3486 1076 4375 4345 5964 2853 8923 1050
98 4180 7268 8868 6167 9472 2264 1818 51 7739 5811 2057 731 3604 3174 5389 4075 9880 7885 4543 5369 1056 4678 8588 7728 8714 1729 3526 8491 2013 9135 6412 7101 9821 7264 3663 358 7960 3423 6773 1380 1680 3659 283 5188 9285 8118 1130 1621 6595 4826 3598 3728 9596 5227 1795 7080 1658 2625 473 6713 4182 953 8365 3297 7350 9600 6465 1334 3594 6372 3639 921 8153 4547 1301 1904 5541 4589 8108 3943 4564 7390 963 3949 2657 3005 5167 7984 5430 6439 5402 2795 8304 1083 7266 8300 1176 7092
97 3761 3920 6462 9051 1643 2772 9327 834 8028 2226 2070 4200 6692 4408 5586 8152 3664 8367 844 8213 9069 9614 8506 2127 7995 3510 7330 2173 3563 4920 5606 1474 8878 9146 2119 1727 8017 2253 9331 1845 3772 4241 7945 9130 245 3648 8764 6351 5238 6609 7096 3241 9722 8047 3303 5533 1553 4986 2438 2554 1246 3678 7906 5540 1970 3355 9096 1696 7446 7279 7570 6840 5385 7899 7056 8929 4923 7907 3651 6510 3247 8236 6328 387 4634 9712 9829 2369 2472 9801 5719 553 5075 5592 5658 2770 4317
87 4982 6733 4916 4159 3924 4052 8121 4436 3064 9338 6157 1604 4912 3270 9595 7053 7964 2641 3213 5564 7530 895 2007 9942 5937 6809 9771 5831 7623 7374 4102 5479 5749 4302 7634 7024 1037 3562 7771 1052 7757 3766 8891 7238 8780 7210 2823 7154 4508 4899 6388 2867 7616 8616 9632 972 9303 3163 5202 3807 8311 569 1975 6784 7584 8855 8166 2905 5085 1266 78 9970 6231 3291 7798 2623 6382 2259 950 7622 8600 113 8731 1377 7518 3481 8640
91 3158 3333 6992 2038 7742 4085 232 9842 9874 5885 4596 5363 6154 6455 4968 5437 6647 2417 8245 6458 5397 3572 3315 8626 7063 6051 3742 9235 9915 8517 9927 8116 5886 9102 199 5784 5800 116 4297 8895 4629 8136 2877 5006 7301 3379 8107 2764 2822 1213 4280 5079 83 7280 8697 2052 7846 7994 2144 7655 5933 8826 4935 37 2429 6418 2207 2265 9828 3981 7013 1882 2654 7275 3047 6215 9289 8915 5804 1927 4561 3712 8195 693 9794 739 7248 9070 1285 49 5449
93 7740 4771 4472 8922 4665 984 6556 7520 2030 2121 5905 6103 3750 9587 9648 9701 6576 6502 8139 574 4685 968 2927 8894 9354 7020 5604 1828 7066 4656 4485 1292 1341 5384 899 8373 9789 2526 3102 6808 2416 6796 8996 1898 3887 2633 7694 5650 6626 5308 3009 1467 8231 2120 5938 4000 2353 5305 585 2803 6469 6044 3054 5854 2714 7148 7316 5344 631 1376 7205 3972 7332 5027 9323 1702 296 350 133 2527 7318 6118 1173 863 8505 1405 8921 5435 5693 4332 5883 393 4786
103 6532 7807 4791 8099 8459 5256 4083 806 8823 2355 306 9997 7381 3295 2385 4143 6636 2224 8364 8184 4671 1894 3894 830 6504 8415 188 1543 4077 3917 2243 7348 8226 2001 3577 8197 367 9622 9652 6311 4742 2575 2012 2091 6565 763 2179 8679 8376 1742 2894 9650 1590 5493 9835 5523 3795 6173 2805 7652 6165 7567 5611 2761 5980 6728 4443 5730 3044 5657 5074 6217 2559 587 7044 1865 4290 4593 1160 8995 8675 419 6017 2888 8581 1165 9860 4482 3040 971 9952 4099 1269 1517 4783 7321 3238 8708 9634 289 3417 9349 5676
87 7033 6628 325 1075 7602 9940 9236 8456 9758 3410 183 9752 9366 2396 2758 1637 3751 6883 3787 4781 2936 3597 14 7257 1734 2162 9996 7624 1372 4526 9539 135 5421 71 7755 4788 4687 3456 9580 1851 5205 7163 6023 3963 8845 5077 257 1300 2583 8193 6337 5574 6233 1267 3890 1259 4071 6498 4502 6342 8998 5503 9955 6893 9726 916 973 929 6450 176 6472 6731 1414 6557 9529 7555 2210 8050 7693 2322 8391 6997 2797 6431 3359 2122 5899
97 7302 4057 890 4670 5349 4253 10 5325 5603 2046 706 6184 3828 5303 2446 2833 3741 8993 7996 5310 989 2401 6685 4910 546 592 6176 9078 1706 3593 2325 5396 8105 6213 5675 3074 4363 5206 1028 4996 6833 4609 4695 3118 8366 2980 4926 5371 5532 8101 5353 9717 9822 4072 7718 4507 7927 8527 1358 594 1956 7942 7456 9337 346 2995 9494 400 4198 2612 3256 2537 7430 6937 3218 771 8423 167 3016 5090 7988 930 3298 3454 3545 711 2188 9986 6266 8596 8846 5996 6322 2548 7948 2800 1584
95 2564 7223 9276 9674 2129 272 618 4134 5567 6724 9418 3309 7286 2236 7481 206 5072 4944 8398 3575 8076 4261 223 4396 7679 5958 9782 239 6665 9207 841 7289 4074 9186 2678 5423 2562 3622 6800 6444 4399 1635 9852 5755 6227 7188 8488 8836 3558 3422 4992 7360 2738 145 1256 1798 2954 9369 1401 331 6797 6138 2078 8524 6520 4453 4836 5037 6101 4111 1656 3658 8873 6335 7137 2068 4027 5492 5985 956 321 314 9616 3595 2561 577 5576 7992 9178 5537 3461 9926 487 2567 4249
102 2681 6258 7394 8397 8974 3573 438 2481 8262 6559 1627 8709 927 2868 224 5135 3093 6330 2871 53 617 7646 5454 4019 1610 2747 3050 4022 4068 7831 6464 8066 8437 3623 6955 1840 4725 2151 7905 7422 1445 1071 5590 6459 4056 1239 4316 7845 7472 4423 2008 2825 4142 6930 9527 9191 570 2808 6088 7721 1984 767 677 4307 300 6981 3788 9629 6310 2219 5738 6645 5004 2182 8044 5302 4893 4371 2706 9364 1447 1240 8602 7179 7222 8509 1528 641 8931 6256 8370 9522 8821 7293 1138 1053 2231 56 5099 151 5734 773
93 2448 9324 9949 3799 5717 1936 5544 2589 1657 6827 9344 2887 6478 3069 3036 5131 7106 92 4045 8698 77 7379 2523 2021 6238 4041 4206 4865 2336 681 3164 9463 4654 1735 8431 6919 1683 2602 4559 9637 9578 7523 6679 1082 4812 1164 5164 9803 3683 7112 8312 2968 509 2338 1438 9774 2066 2577 1915 6941 9841 4391 2759 8896 1699 5476 3724 5792 3060 2897 4136 9769 960 8165 4028 9061 7477 4110 8412 1172 5884 2998 1599 7473 7412 4039 2373 3441 5050 2217 4012 216 5120
92 7060 573 5727 486 8448 9693 6142 8191 7059 449 3132 6792 7928 1278 3233 7783 5484 1994 9122 1264 3896 8266 7250 9142 161 2414 7758 1394 9461 2317 5046 8897 8393 4115 5334 9107 4364 6401 8720 1226 5485 2437 854 1533 5215 5040 362 1181 7625 1947 2040 1938 1874 7214 1030 9557 5319 3494 2727 1670 3447 524 2090 3474 63 8576 7104 4588 4894 551 1190 1316 3171 6677 7959 3284 5292 5872 7457 7310 5118 1345 6681 3858 1914 6675 128 3119 354 3892 3116 142
97 9589 6521 3952 7043 5927 9103 4630 7767 1722 190 9421 6501 8310 5962 2988 5294 1981 7488 5222 4566 566 9588 259 8280 6528 263 84 1646 2830 8368 9007 8217 657 7246 7500 481 2536 8809 8555 2809 5967 3264 317 5413 1987 9339 4338 3679 892 2402 2284 1744 9808 443 1760 7887 523 1623 352 7417 2346 8989 8983 793 9177 3493 9684 9224 7107 292 8220 8263 1520 1070 2301 6890 3144 7973 3969 1996 3506 7856 8767 3134 511 8999 2288 542 9559 3147 1971 488 5082 4950 8173 6273 274
90 2465 3950 766 2965 1714 3344 6872 935 3413 9959 9764 7067 4373 978 1612 7461 6493 4498 1263 9661 8445 8816 9099 4711 1248 7501 674 158 7796 4183 3228 3432 4222 1521 8913 868 7574 7957 619 4460 7036 3003 1500 4458 9403 6447 9982 7304 4457 290 5312 1032 9081 593 7287 6009 1013 9538 528 6451 8665 3984 2391 3746 8037 8856 2731 5472 335 9127 7546 8504 1518 9047 6983 6110 5489 1808 9602 9386 4417 3257 3685 3058 3739 9499 9018 9390 399 7209
93 3356 3263 4565 734 7772 3002 5662 5232 186 2360 7961 5293 9480 6475 2947 8444 3252 3019 6816 9943 7431 4649 6323 6117 2580 2017 5812 8956 3326 4745 9763 9287 6638 4331 5276 8885 588 7683 5216 2920 8317 4716 465 9479 9281 9352 9241 8093 1692 9609 441 9756 2269 6092 6125 976 4941 2311 3579 408 31 8115 9052 6899 5625 1046 818 3769 4704 6318 1251 9800 697 6933 7689 6296 8293 6187 8021 3907 328 3934 6359 2668 9444 9066 2840 7684 2482 9853 2518 9939 2775
93 9058 883 7648 8306 6961 1430 1668 4573 3127 5180 466 4283 2991 2267 491 5637 7216 9738 1273 4906 193 8949 6946 5289 4367 9606 9967 4119 5601 4813 5880 5865 8819 8535 1406 4262 4418 995 6853 4690 5546 4025 3166 2997 2953 7471 1455 4863 6325 4426 9686 6517 1628 2294 9448 2193 1586 9868 359 118 8574 7015 4795 38 3130 756 3498 4205 1757 3209 7230 376 1258 4719 4517 4112 4153 4562 4621 7921 2097 6581 3477 8112 9685 8327 2475 6970 5358 5822 8242 9702 5560
97 7496 6781 9625 4616 3465 6097 6612 9021 380 8774 2749 5000 8198 6922 777 5457 9998 2271 8839 6434 5463 7578 4862 4484 7370 4768 6712 9145 455 9475 2250 778 5474 7780 9934 432 6375 1539 3813 6582 9172 8778 4392 6210 8807 8384 9941 8337 1055 3192 2850 5030 1275 7180 1143 7933 3669 1103 2721 271 8704 7808 1605 5550 7453 8951 55 5297 5107 7292 7841 3565 5821 2695 3390 2560 8199 514 2782 1099 6511 3337 9159 9176 6851 1849 5878 8178 6204 9710 381 1306 69 4664 4095 6635 1473
94 4350 2435 3338 7387 6708 8813 2742 7505 8633 6284 780 5593 6622 5919 7297 967 3709 2592 2895 230 8736 2488 629 9210 5064 8681 5834 6111 2154 3199 2881 2779 7235 143 5521 9603 6519 4309 9858 7527 7272 6285 2126 8942 5174 3026 7010 6512 9113 2293 4353 2774 9911 7909 3051 6578 2886 8532 6945 126 9023 836 1382 4491 3219 5480 2945 3910 5088 291 8113 3711 4523 7770 8004 8648 1331 3735 4747 3376 3518 8043 7129 6012 4727 9490 9269 7395 4433 7974 6250 4922 361 1154
93 7278 5949 7436 351 518 3644 7854 1233 446 1276 2323 9948 5968 6112 3850 1857 1750 8559 1952 3160 5268 691 7628 1608 8580 3136 7982 3408 1492 4606 5473 2617 6524 6324 9922 1895 6277 1166 5993 8743 4640 2042 4647 8831 48 6653 5997 4924 5860 6938 6340 4853 824 2516 3736 3331 9151 8211 9168 6867 1452 1589 4636 5494 1724 8460 1214 8332 752 1205 2186 2324 6175 1931 7712 194 2538 8163 1170 5513 5223 8646 922 3705 4803 3650 5296 85 2174 952 2073 6037 3236
96 851 8487 3756 5932 1718 1654 1041 2760 3614 9200 621 9242 5340 8063 7991 99 4419 7346 1017 3473 9030 1162 2065 5963 2934 5412 3926 4178 2421 8986 2229 8148 6836 9610 7535 744 6885 3580 5587 2701 6074 4412 4619 6346 2 8756 8089 1836 7611 9548 4554 4405 6419 5841 8282 276 407 1431 8799 344 6798 4118 4672 3610 7288 3084 4425 6056 3278 3307 4005 3975 5367 1759 663 5247 2751 373 9553 40 3903 5613 9358 2941 9950 3467 8353 3439 2993 5460 94 2787 7517 2382 5041 5935
86 4618 3868 979 3131 8012 683 7200 8425 3399 8617 4301 8649 8903 3873 2370 115 7117 6698 2300 2328 6430 9734 6891 3085 1104 8615 1139 3030 9485 5477 6236 9558 1675 9449 679 1852 7438 6701 1148 1168 9031 1299 2911 7411 3436 1632 6414 4848 2606 8385 2656 8533 4172 2131 8534 539 6083 9666 9597 436 9139 6515 3729 1886 8593 2280 7619 8518 4320 5840 2670 4286 1705 5775 5017 342 5149 3316 9908 2036 8035 7126 5417 9704 5147 9916
97 2904 8952 96 8844 9605 3200 6682 7466 9708 561 2645 3135 6973 7543 8954 4273 4673 4520 6765 717 6225 7870 9931 1775 3230 8372 2308 6024 1373 8645 6903 1879 802 4897 9757 5591 8119 8429 4794 456 403 8006 4728 8241 1556 169 9373 5071 6687 3468 6795 7295 4626 3935 3635 1144 2918 1501 6602 2177 7483 9751 9938 1856 7068 22 5957 26 1991 3636 4830 1107 5843 4977 6183 2810 6061 7848 672 8323 2039 7311 7580 2686 4218 1717 4724 7614 9656 6042 5862 2238 6662 8721 9593 9804 9961
89 3740 2632 1147 4749 1814 7769 7114 6426 3804 4635 7334 4291 784 8030 5746 4413 4579 9740 9536 8480 6974 3109 661 559 7749 3455 8018 3925 5059 2855 8950 5443 7433 4270 8611 2691 2450 3915 4107 46 6489 7372 5581 1096 3346 364 8222 904 4534 9909 327 6759 7564 7452 764 653 3025 3251 7803 1929 1113 4546 1626 8 9876 5776 6421 9057 1802 5329 5467 2865 2006 9193 79 2611 8324 8666 5067 8525 8770 9091 9879 2757 6383 2919 5461 687 1774
93 3427 9714 5799 5758 3852 1090 2354 5879 8788 284 9723 4929 9 2246 9805 413 2597 9427 2737 2232 1202 2457 9359 2733 3371 451 1876 9840 1940 7021 6670 9119 3574 5316 3897 8982 8979 4388 4842 1733 5058 7152 1399 9577 494 4387 2031 6729 1357 4755 8075 3874 8654 6533 6034 2790 5694 439 4489 9156 9604 5458 9706 4512 5845 1204 3125 4849 4644 7383 3108 5281 1244 3462 1063 8918 684 6086 7816 9856 2750 5170 2599 4569 1887 179 8145 9356 6778 2615 4402 6971 9264
92 4851 6082 7644 6398 624 7038 8592 923 7356 6190 9229 7089 1507 9039 1212 1560 5235 3061 484 2982 3488 9519 5213 3692 9496 9744 1924 9552 988 5798 7636 4542 582 8473 7657 460 9042 477 8745 1044 3463 8250 8854 5204 986 6855 3876 9746 8710 5715 5572 5704 9219 6972 2532 840 9877 3396 5333 9498 873 5514 8114 9166 4868 5062 2085 5354 5697 6738 1969 409 1370 1092 9073 3842 9954 9985 1012 7128 9447 1653 3148 3929 1470 6950 1942 6719 7569 9649 5032 1648
94 7441 8143 2951 5740 7269 7221 6193 3708 9402 7642 8325 7804 7282 6491 580 2903 1995 6457 5130 8463 5896 5645 4679 427 1191 2926 7167 713 870 1767 2321 8275 2270 903 9198 3913 7366 3277 2049 5373 5307 3254 7822 4078 4881 6887 6373 1159 3065 8440 8335 1219 8011 3334 9110 1686 5282 1682 5874 3930 942 5242 1484 7630 4767 7095 8489 1079 312 8208 9260 6384 543 3217 61 6898 9256 4252 6417 6543 4462 5939 9286 7936 9932 1388 213 8297 2218 655 6786 7213 5250 4379
92 6168 7195 6507 8919 5186 6747 1694 5526 9185 6561 5767 4557 8042 2906 6651 9290 3055 4018 2181 8512 6522 2104 7208 5258 8287 3508 8225 5157 1921 7620 1822 4580 6400 9590 3762 173 5047 9727 7079 4866 1684 4406 876 7881 5388 9457 8158 837 5716 2624 4652 9713 6959 3859 5414 4442 9613 3113 6962 5806 1360 1179 9814 529 8210 7531 628 1483 198 3001 3434 8026 24 3216 2740 1545 8214 3381 2409 3336 6948 499 4211 7963 1541 6944 8442 5663 4998 4772 1475 1333
84 6939 2195 9884 7746 8536 8014 3354 8338 1421 6608 9022 7419 6831 4799 2595 635 1 7003 1777 4700 3367 6699 4029 1677 5483 2298 5187 7528 5193 1461 2621 1241 2570 1678 3453 975 8354 8594 2500 6558 9432 5614 8674 1371 3145 1906 5819 1156 3752 4322 396 5351 4048 2504 743 1562 6754 1175 6547 1893 6058 3206 9263 7547 1315 3586 119 3867 9825 7291 515 6979 2408 9268 770 4729 3342 9095 6485 104 2260 3738 5415 9136
92 1134 1813 2383 7506 8801 5087 4798 9428 7509 6835 8791 5028 5686 6109 6826 324 5084 4140 9464 7653 8027 5092 4038 7723 7722 5499 1486 4289 2329 1983 6761 1620 3557 5408 2146 9152 9393 5110 8568 4524 123 2132 5445 8552 9851 5764 9311 8883 6218 2487 4124 644 9173 9524 8786 8853 7138 5142 9053 4448 9620 1992 4409 3939 9630 6344 262 7341 7935 3982 1110 9681 8773 4843 5111 6133 9182 8627 4953 4459 3989 6882 7130 4139 7864 9466 614 8243 267 5708 4284 3990
90 8659 4285 4234 9994 3820 4476 8564 8154 1740 5830 6879 3568 6013 5660 382 8029 7610 4169 9735 3366 7629 6055 8965 2376 848 1325 6214 3120 6314 3440 3956 3862 4814 5507 5741 6080 3157 3656 8084 5594 7915 2946 3829 4578 3360 4044 6169 4605 639 4969 6072 5999 4632 1862 5093 3311 3460 7704 4224 415 6066 5752 2289 3244 6686 2334 4354 3286 4390 3802 1481 3801 9636 9509 4970 5571 9026 9859 6847 8274 2689 9430 924 2498 6295 9898 2709 9705 3922 6954
94 5432 7682 5249 4352 1237 1171 8669 926 2646 4744 1356 5655 7719 1964 2118 2275 2449 8863 1023 9715 4501 3737 6700 4193 2299 1002 634 3817 9977 9315 5681 8363 7686 6861 7157 6572 8543 5846 9101 3564 3347 5190 3250 9009 3576 5983 3816 9807 3339 8067 2883 8741 9855 7842 2815 6620 1756 219 2618 9384 6390 5688 8058 3707 4434 6059 7581 6737 2203 3313 4410 747 714 3048 9318 1638 9806 9929 3414 3768 2340 833 9564 3501 4623 626 5380 6727 489 5684 7763 3627 5954 4097
96 1728 2155 1476 9901 4800 3304 9611 4627 3608 9753 1837 2028 9739 2234 3330 4840 6115 5666 3053 9034 6943 6613 5161 6593 2103 2411 4847 9037 9777 560 5009 7765 1792 9875 1888 6936 1289 3405 5930 2652 1307 611 4708 7833 6772 8719 5782 3944 6615 1535 7548 645 2634 7153 2512 7502 19 9662 7824 5826 5078 9382 377 4003 8935 3076 398 8647 8561 5014 5772 421 1537 4395 5350 2913 5153 4310 3784 1532 4837 7445 25 9802 1649 1786 5842 9087 4778 8247 4250 2168 5244 2631 2152 1710
92 7276 8971 7872 4135 3083 7930 7087 9928 2303 1889 9677 5309 21 6783 3272 6771 9792 1268 5630 2252 1225 3451 675 1731 2882 6567 8486 467 1597 3865 3970 3490 7886 6162 3546 2661 803 5579 6632 6538 6702 5133 4760 6040 5391 3248 6407 8110 2511 7612 1651 715 3540 1435 740 1603 8086 472 8238 804 4533 2665 4329 878 7072 7267 8963 1613 1617 646 7810 9316 5705 3547 3165 3991 282 7819 8725 7883 8441 1312 7609 7183 3916 132 8218 8002 1817 316 4096 1236
97 3208 792 7607 7189 5255 6381 9945 9394 3999 8248 9435 4601 5916 8098 9046 7949 1428 9703 2469 2697 5827 1926 9266 3931 8303 1025 2412 9957 6877 2549 7 6354 3022 5864 8762 9453 6680 7251 95 545 2978 801 2333 1062 3680 9902 3827 7392 120 1859 1433 9503 9827 1498 9786 4558 2680 8270 3993 5208 3287 556 4856 1547 9571 6957 9288 944 9019 1619 538 2872 9995 164 980 9054 2032 7494 6292 8684 5908 8833 9093 3946 4040 9688 8597 5451 3732 424 1642 8932 1557 9891 8072 3090 8888
96 3937 2363 8563 9838 3079 7407 7052 2763 7025 8847 2626 1530 8461 2389 5286 5774 9120 6448 8739 2915 774 5924 2683 3599 4187 5382 2214 8694 6672 7990 7631 4314 8443 506 8167 2979 4784 6463 699 5137 6684 736 3388 6326 3029 261 2410 7016 8529 6049 3978 3996 8421 8962 5934 4065 4805 74 7633 6255 7140 3583 8351 8824 3843 1197 2719 1287 686 4657 7917 6756 1201 1908 7027 7217 7589 5200 2123 7228 583 4393 5475 9799 2590 1491 3078 8761 4464 8933 6128 3901 6249 2366 2849 6526
95 9809 826 6304 4104 8321 5504 1497 7542 5140 4324 4062 5815 936 8251 9585 9225 917 6923 127 9870 1693 4499 814 4160 4189 6015 8567 5029 6281 7971 8796 5906 2113 4221 842 781 8749 9279 9750 7782 1788 8571 7752 3362 8542 7541 9633 7594 2767 7713 8936 4973 3755 9216 6196 2002 928 8378 5547 1761 3541 4682 5810 9368 1465 9873 247 3535 2302 5159 5343 2221 5551 5416 8499 2596 7875 9919 8322 5570 2685 2483 9067 7147 2666 7437 3503 3994 9912 9930 111 5253 4574 8842 9068
92 6905 3754 2058 4770 5246 5127 5870 5441 5052 7560 1917 9251 7814 6592 6438 5287 5502 7329 9798 798 8828 3114 4176 6070 2501 3444 9537 7576 5056 2230 2342 6525 5152 5500 9815 6108 9184 8343 6624 4230 4086 2423 948 9194 7536 7519 9011 8382 8875 7946 1587 9423 1496 6523 1393 7041 9946 6252 4650 6287 3193 9438 305 7149 8316 5182 1068 7983 2502 7773 8149 6114 2756 7444 3983 7497 9668 6087 8970 80 5505 2023 6562 5073 8513 5902 3953 7606 1522 8383 3921 8595
95 1743 5318 8451 3322 5225 2966 5332 1544 9569 9999 4688 6940 3603 9426 7668 148 1169 8232 6094 2332 5179 2724 616 579 4776 4715 1609 2109 4552 7326 114 5119 5629 8265 2368 5553 471 1437 8273 3169 6871 5940 5737 3717 9773 6735 1704 7537 8812 3267 2814 4645 1877 4190 8361 4080 4874 1645 9008 2005 9525 6065 3149 304 9493 8296 4300 1723 7731 9882 7262 1867 5395 2413 6482 146 4121 3101 4987 6237 8457 606 3914 5080 4465 8394 2178 759 7055 6790 6319 7047 536 4451 3662
100 5055 9118 3570 475 5877 9049 4936 9442 4201 7532 8109 5856 8256 5923 3977 8162 1868 139 2422 4051 7635 3328 4701 728 3401 8292 8953 5619 7710 9299 2337 5555 9993 9144 9228 754 2932 7187 3886 6358 8422 8134 1460 6928 9975 7656 5096 5043 6432 5685 695 1928 1270 8142 8737 3300 1101 5796 6146 7333 4326 2996 2083 2859 8466 9248 2807 1048 5763 9887 6976 9787 450 8079 5578 5401 3524 6456 9247 2141 4651 1736 1407 3409 8782 6730 9694 6911 2199 8566 1689 1185 5786 2455 4802 3647 168 3004 9820 9231
91 6150 5114 4590 9000 6495 6488 6555 7115 3538 1118 2075 742 6639 9028 6975 9700 2348 1207 1973 1986 1752 2088 3393 1485 5173 8159 5569 3249 6577 636 6294 5876 6096 9766 6353 3517 189 3699 5680 3317 6143 6766 64 9979 4683 8400 8479 6207 4133 7352 6571 4479 9819 318 884 5236 2192 388 3549 3716 8144 6333 575 9761 4966 6427 7715 3694 2107 2851 4797 4696 91 8800 7405 7322 6355 1884 7605 4432 9257 8900 5700 1997 8577 7177 3043 9848 4288 4834 4822
89 4076 9456 4014 2901 5086 3912 3512 3499 2134 8360 4240 5295 7338 1853 6209 9793 1126 5597 8662 5828 8667 7144 3066 5049 9687 2486 7868 807 196 5008 846 1615 7012 6594 7237 4398 7244 8257 6280 4162 640 3442 5903 9462 7459 1800 1161 437 3052 2820 4521 2707 4919 5091 2470 3560 6787 8357 1846 7435 6420 72 6579 3965 2614 7022 2603 4976 761 3099 3012 3782 8569 9843 6241 1966 5651 4612 9410 9460 5636 5528 7701 659 27 1084 1711 3745 4238
94 2436 3411 7955 6102 2283 6041 9733 3985 5794 8546 1042 3402 6825 9265 1128 3877 1796 1825 6371 1027 9944 6229 1353 59 1001 1198 906 7999 7197 2729 6832 3395 2094 3117 2069 121 9106 4913 3449 8406 7566 6486 4150 9346 8190 3168 8467 1332 4769 7892 955 8484 2780 7884 8652 1803 374 7382 1661 1290 4106 8916 1957 2885 5890 2845 808 90 1189 3719 7347 843 9048 1799 8392 8174 5272 1502 9921 2037 4804 8070 4245 9375 1441 5150 1839 8253 7123 8395 5668 8132 1320 8892
94 3178 5407 3845 2507 392 7618 8054 3507 3268 266 9335 5689 2933 109 9437 8631 8182 812 8034 2856 5638 9080 7127 4902 5160 8333 6913 4545 4306 9894 5045 9348 9451 5148 1274 5263 4505 2476 2404 5531 7212 1039 4067 7479 755 18 6095 5602 178 5066 7661 877 6221 4155 1978 4103 2086 7967 4538 4321 7692 2176 3017 6947 4939 6091 8671 6411 478 6038 3923 6951 1188 1034 1582 8286 4125 3281 7313 4667 3285 8783 8820 5607 1057 9624 2848 2235 4381 4467 9215 2838 3235 3966
90 6192 5653 6089 8135 2704 996 6268 6683 6530 586 9566 7775 2581 405 9237 2459 3542 9439 7862 147 5306 911 7586 4156 5702 8556 7434 60 1958 1026 2491 4209 3774 1701 9074 5858 6481 8342 6776 2216 8471 9396 8660 1184 7199 4295 82 3370 7204 1594 2153 2080 8959 6811 7345 9839 6996 6272 7110 2010 5288 5248 2466 5156 7902 1810 4105 4365 4838 2365 7344 1955 1375 4965 7647 6202 9143 6909 6664 1374 430 8905 1861 1834 4151 3585 5707 8278 7364 7559
96 8413 2835 7143 3688 6862 8254 9222 3936 9599 8016 8902 4070 2983 3269 2766 1293 8246 7166 1688 3857 8252 8350 9528 6423 191 1396 8985 1819 2166 7215 8827 1892 1880 66 416 9189 3666 5038 3155 3864 3806 5386 4777 6235 2227 3429 7065 4188 3056 6999 1335 482 1220 9333 5643 4318 7037 8339 7196 294 7468 9027 3340 1695 1972 3275 2732 5270 6461 7736 6631 7134 1155 1223 3630 5336 4930 1634 6144 2676 5959 1008 6723 5970 5664 8244 8817 9492 9556 1934 7851 6534 9896 4021 3150 3341
91 2261 1255 4496 2866 2362 106 5714 3616 782 7789 9854 5512 5199 5871 865 3684 5155 4466 5138 2639 8606 1641 5682 7119 8808 2547 9572 233 1152 1741 6075 6159 5128 6036 9837 6586 3349 5144 2718 3382 254 3221 7695 2647 1778 700 3555 670 3372 4031 5016 7832 9641 2799 9550 3351 6575 5304 1878 9424 308 9254 2147 9973 1074 1494 6376 2555 8362 7844 8805 1482 5753 1478 6348 8059 6141 4004 1412 4833 8912 9962 730 2212 3299 2862 3596 1000 2736 1119 3601
99 8156 776 6818 7674 3435 5211 4132 9691 7116 1457 8068 5525 7676 4349 8346 7139 7563 8861 8498 5975 1614 1672 2659 7175 4002 5615 5803 2433 9813 4504 8948 2907 9736 3902 225 8019 1499 1999 2055 4058 6542 7794 2331 9669 1410 3592 8609 9312 3500 5210 8620 8040 9497 6081 6267 1351 8399 1835 1549 5345 231 5207 4368 1352 7561 5557 867 6130 2929 7474 5506 1662 3027 366 3665 8688 36 4553 8416 6968 3851 2244 3314 3327 3626 7724 9791 5427 608 8091 1505 9783 9233 8514 9277 1222 5926 9203 2816
90 3809 1327 9409 7017 7159 6085 2480 6757 1131 9365 6746 2223 2540 7385 7705 7784 3289 8344 1721 9090 8375 8758 6205 9405 2296 6768 7476 6246 894 1900 6391 1801 2081 3578 6969 7255 7298 129 5797 8601 2255 4296 2372 9760 4751 5313 7524 9695 9816 8183 5808 1555 3681 6239 8439 746 4114 4260 6964 9502 1059 2351 7861 8104 9121 4017 4855 3067 815 3 1652 8886 5647 8041 2964 5171 3940 2720 9083 1565 9230 2245 8146 7499 9483 2804 3908 8733 1899 7443
98 2902 9698 8655 2254 4660 5907 7312 2016 6428 8171 1121 9627 5383 4128 7046 6789 9259 6305 2956 4905 3087 134 137 7296 8483 2653 2489 9024 420 3551 6907 9575 3879 623 8850 7698 2949 8302 633 9036 302 7427 5524 6312 726 277 2601 692 8200 2629 6161 9294 3015 4488 5588 297 7440 5279 73 1020 3836 3587 1588 5783 4228 501 124 8549 269 8732 6874 2627 7601 9174 2361 8603 1228 4750 1442 1596 6212 7034 8728 2585 6260 7142 9330 875 1238 5710 5271 3789 4602 8772 2053 8625 195 7852
95 811 2158 2247 2447 2843 7639 41 5428 9361 7515 4877 3727 7666 7162 5552 2958 9696 5793 563 355 6574 4676 4308 1106 4972 2864 6661 8811 369 1127 6892 2696 701 9343 2635 9544 9505 8680 7968 2591 6762 4001 3660 9893 16 6958 7579 5543 3618 7997 7512 3872 823 6870 153 6655 2492 4854 4739 7211 7285 9899 4214 6068 2352 4990 3088 4975 3231 3714 4361 5527 1111 7415 8309 5100 3826 2829 9781 9516 2184 7681 2295 1569 7573 7242 1806 6676 9401 2893 3643 5219 1271 2981 208
91 6329 8867 6441 2395 8925 7860 8692 7893 8206 1451 8757 6926 5010 1516 411 4615 5378 5068 9812 7744 5671 9406 1286 6062 6137 7173 2781 6226 7510 3203 790 3271 6703 3258 9983 1422 914 6107 8623 4232 5117 6518 2771 5275 7256 1572 6003 4613 4869 4707 4127 9682 9059 8882 3189 4069 4600 6888 7571 6606 7086 2380 4633 9425 9412 2870 2546 2061 4946 5605 9635 4911 2582 5766 8396 4227 4456 1415 6153 8898 4281 9551 5013 5104 4954 2831 238 9478 2277 7937 7393
86 1177 9631 6850 6802 2170 6123 9077 4932 3419 5209 4901 666 6219 3673 5257 6505 4997 8438 7786 9810 4243 886 2931 9214 8000 4225 8515 6901 5801 2497 9234 1024 800 9025 4820 578 2462 3010 2702 6531 3720 5405 8672 2773 4931 256 2128 7028 2975 6203 5048 6998 9795 1003 8810 9163 3445 3655 779 7475 229 8347 6657 4550 8133 3407 9626 4016 4194 2610 260 4978 4449 9383 1230 9278 3933 1007 8787 4342 433 6356 5217 1089 243 1444
96 1397 1123 8928 7239 3641 5098 8495 108 8851 7113 6775 17 2222 3645 3928 9325 4374 7979 6793 1712 2541 8111 2169 2484 6560 2196 760 7923 7797 2876 5053 7526 2898 1551 1203 1534 9923 7557 8705 8746 1402 200 7759 4872 3335 7353 192 7309 6288 469 1962 8904 2274 6812 1314 918 5095 227 7650 9767 526 7534 6099 525 9991 4789 3786 8380 7877 4256 2892 2778 4050 6529 6667 595 11 6077 8308 8643 3207 9100 1805 9141 7317 3142 5612 4761 4699 6823 874 6345 4054 7709 9443 8203
89 7981 3186 8334 5754 6160 3927 6368 4092 4876 6098 2651 7675 613 2684 8020 638 2160 5712 8613 6917 7855 6807 7032 2135 2722 2858 9731 6454 8013 2098 7743 758 7354 997 8386 872 1091 4885 2273 8978 2471 68 2739 2578 9389 3964 9128 6779 3182 8077 2164 7658 5261 6828 5633 8605 6289 4157 7118 7793 4403 4197 4191 3400 1087 6151 5466 8087 738 8454 6185 6052 9881 5112 9965 5837 8272 6674 4787 654 7993 2984 555 1933 961 315 1847 8299 7061
97 7008 5947 1842 8062 9371 2834 6805 5102 5652 2726 7575 1985 820 8572 211 6131 4999 2477 3332 7690 264 9148 8945 7075 3629 7918 9692 9170 5201 174 7665 2827 8468 2566 5744 8673 5566 1117 8240 5342 4271 7800 9699 1538 8349 3803 6389 4904 2908 3294 6374 9532 8507 9470 8419 5061 2891 853 3567 4186 4646 8402 7756 6584 1218 7738 4560 7247 6854 2909 3008 5672 8548 8007 9974 9275 1636 2263 6106 2672 1583 1579 2811 7074 5346 913 8579 201 7363 4199 6749 6198 4859 8990 8131 7827 8418
