101 7964 1791 6897 8550 7279 7466 2052 5795 516 4540 1924 834 4394 870 2369 1718 9402 8365 4343 8597 156 5856 1998 5224 592 8760 5408 3893 5227 8072 1776 3726 1290 1934 8279 6215 3821 6307 9566 9762 4792 6924 4825 1460 6549 9147 1465 6718 9702 8267 389 4720 3767 4096 6900 6487 8692 8477 292 8504 2590 6730 6877 1906 4729 4655 6247 9092 6024 4277 5865 3282 2558 9742 9026 324 7509 5540 4173 7666 1315 4521 5192 4642 3274 5216 6820 5119 4966 3007 5420 797 367 2466 8717 9137 6696 7076 6999 6243 4451
96 6204 1376 4038 6073 9447 1779 1018 9293 5139 7662 4013 4517 2835 1227 7859 5771 8688 40 7606 6673 5639 8771 3754 3984 1321 4862 2990 5900 5937 8256 5353 1001 6061 1494 5184 2869 2048 7431 9681 179 8890 3776 7178 6613 6231 8919 8796 1505 4814 1174 4419 8310 1483 3230 7807 4116 7148 6145 4239 2285 2405 7070 8695 5437 9079 5375 6164 9560 7291 3097 9015 5346 9041 8434 3053 5317 2719 1930 6347 9415 4124 640 8528 8667 6962 9372 7808 1075 8970 5329 8634 6375 9267 7099 6949 2810
88 360 6982 1634 3049 5909 5698 6980 725 884 4554 6582 4672 4799 2216 6419 949 1364 1213 8144 5733 5743 1080 5303 2341 4919 8218 5391 2659 7203 539 2563 8017 8311 4206 9221 6248 7993 9806 9661 5955 4147 8546 8112 9923 1898 5624 3335 2013 8621 2627 4205 2175 7402 5121 3307 8513 7368 4613 673 246 357 1732 7680 8694 4214 2084 3844 6951 1638 9229 2676 6910 9824 4238 1769 7599 7278 2016 9294 7710 4673 3312 6612 6037 3325 1554 4483 873
96 6399 7425 3183 5171 1782 2902 662 9590 1856 3585 1956 2055 7759 923 2093 8684 469 1962 2560 1479 2753 3327 9579 3877 9793 8194 106 6786 1576 5108 9917 6888 2384 934 8409 5692 7011 2072 8116 7558 9003 2246 6155 1004 8681 8886 6555 8929 311 3442 1218 1762 5451 5427 9282 2962 7886 6844 4110 1514 9530 1841 9516 8668 415 6984 508 5721 1531 7856 743 2261 8562 2424 6678 1826 6249 1147 8589 8930 3708 1085 1665 3528 1894 8395 625 8713 7117 5604 7016 8774 7110 223 5904 3814
92 5659 4135 3038 4086 1508 4638 5941 2651 2995 1668 863 5826 133 421 9978 6935 5436 1655 1697 3771 7914 7003 9569 1296 7980 3076 7384 8856 9842 3802 8892 3055 4737 4867 1246 1551 9149 2709 6168 7154 4489 8603 5476 1756 646 4991 6316 1792 3480 4355 6368 3558 1928 615 6103 998 5365 4106 5164 5197 7259 1070 2446 5701 7365 1079 3941 3200 2076 5438 180 827 1804 172 8141 9671 993 4432 94 139 2078 7616 7828 6075 6112 3382 3759 9909 8227 2462 7030 4933
85 3132 1463 9693 7873 6708 7686 1063 4035 7928 859 1163 9069 3070 1687 4573 6873 4092 7609 9139 582 601 3861 8792 2984 8535 8096 7256 1533 4622 3315 1021 561 4700 805 264 9123 2471 2875 5761 7864 7372 5486 8453 6253 4652 9867 6921 7528 1331 8747 4341 3288 3912 8662 2853 304 1940 5021 4167 6601 802 4572 5173 1114 215 155 5643 5851 6057 7397 7491 2317 4833 2444 3328 5447 1866 2926 3094 8610 1566 109 2847 2502 9672
96 2765 4027 8512 2722 1062 9772 8326 9291 8333 6533 6584 3134 3022 8173 6286 341 4628 1047 7583 8051 8625 150 5539 9195 4703 2999 2667 1480 4578 8518 8415 1875 825 3446 6818 9717 2991 9892 5059 7442 9971 9490 6740 6661 5596 3250 3425 2569 8709 6638 9058 5389 7369 9065 6227 4886 7385 5087 6697 4735 6862 9268 2100 840 4574 6059 342 6655 438 4824 6559 4894 6998 7268 9795 4532 1813 5709 2434 4815 9841 831 6513 1859 4902 7837 9095 9132 550 8343 7322 2786 4254 19 3160 5468
93 3579 6538 2399 5100 5018 8158 7758 213 8655 6047 6560 3784 8542 2822 2977 2180 9016 9356 9606 9122 6611 2374 8323 5070 7059 9658 9391 9021 1887 3228 6932 1716 3534 5631 9773 6486 4515 8773 602 5281 5307 4466 2363 6579 4942 6577 3524 5532 5557 7550 4711 9599 1991 8755 4259 51 8971 5948 4830 3306 9630 7498 9493 7888 3273 8712 8036 666 6234 8656 4252 1112 6683 6315 2983 6512 4262 6987 174 1252 316 6586 258 4071 3151 3761 7281 4971 1402 7299 2498 2531 5090
84 8288 4287 1600 5025 8424 7142 9623 4539 9707 4335 6769 6803 9121 7615 9776 5487 8089 1601 7855 3341 8403 9074 1028 4590 4171 185 6992 5386 3117 5987 1113 6811 3901 3320 6766 8287 4075 2550 2339 1215 9301 2110 3366 329 143 1915 9753 1993 7166 4750 605 4656 8206 8289 5153 3372 6587 958 1274 9144 2790 4834 3261 4006 1130 7380 5242 4219 8132 4548 5808 9618 4066 4103 3964 3363 3210 3727 4255 7883 7678 5946 181 8502
88 8832 1681 4443 9140 5648 4185 47 3936 197 1534 7735 7988 3284 686 6972 6321 7304 5113 8271 3209 4211 8380 1538 744 5026 4322 948 395 9043 4908 7567 162 9638 6261 7135 3980 7513 4511 8705 7398 8707 5502 8665 6096 2149 1714 6480 1796 1707 5096 5028 8679 2521 7349 2097 7532 1963 3706 2652 9084 9760 2326 230 4605 3723 8083 4976 2585 8408 248 6794 6605 2140 9063 5444 902 6639 7723 2841 1847 2729 2276 6181 9393 8142 1353 5050 995
86 4485 3937 8291 3739 8483 5300 2819 2344 9407 1966 4768 8324 522 3015 6302 45 504 6003 2720 5488 7835 8027 8593 4064 8845 9575 9160 7113 8285 5469 8752 9683 8558 2966 9066 4479 8620 326 8539 9467 2994 9305 8055 2758 7661 9463 8804 7133 6040 8437 5175 4073 1944 167 6377 1896 3692 9866 2981 3023 918 891 41 2820 5967 221 4847 3242 4526 7632 4163 8489 2762 4031 3195 3511 7801 4650 7190 6723 7900 4677 8937 2477 2222 3396
91 9277 3835 6102 8263 5388 4298 1059 8354 9684 8451 773 6725 6682 9167 276 9552 5432 4660 3548 4159 7627 3949 990 8797 3460 5291 8390 2814 9317 9347 1407 9329 2187 7866 7689 9640 6314 7462 6828 7820 5253 5006 3913 1210 9659 2453 4560 1404 6312 5898 9949 3046 7508 6212 8195 872 1819 2549 3961 670 7452 1424 2352 2740 4535 2432 5944 1643 183 1183 4670 5425 2231 6706 7179 4708 370 1526 7612 5588 1254 3653 3620 3606 271 996 6421 3129 7393 8854 5885
86 5354 842 4102 8994 548 6698 6210 6216 3909 1170 3775 9663 8530 6246 4625 690 9812 2968 4563 1903 4725 4413 7258 78 5527 7734 4012 9937 6113 393 2802 4183 2663 450 26 8905 849 4932 2096 4969 7974 8697 6528 2373 9703 7000 7097 1854 4336 7921 4786 5207 3966 4623 7531 6761 3399 2532 1727 610 7039 8399 9265 8090 8725 969 89 8658 3765 3622 2829 1757 5742 8047 4935 9255 3785 8101 8986 3143 4516 813 4695 9610 2003 1822
93 7150 2732 9537 7522 5073 6400 3625 4898 1474 8435 8659 3006 5518 8164 2512 9468 3040 6392 9903 8757 2358 3443 6488 7134 6866 8210 3388 3587 1208 5378 4733 3137 3755 7038 4747 463 8400 1794 3681 7153 3906 5409 6578 2390 2850 3651 4632 4236 2465 9644 7023 7214 9887 6293 9525 7027 3150 9344 9408 698 9057 2029 6536 1010 3688 5094 2350 546 4162 1202 5764 8412 9794 4523 6714 657 4657 1552 3386 913 9313 1492 836 7149 4194 1345 8358 2724 2103 4767 7090 4188 1169
93 7917 6896 955 6274 8872 8631 9790 2157 6937 6272 3111 8582 6826 2583 114 4917 9905 7707 6952 2153 4247 1275 5501 8215 6859 5470 303 7132 6945 2925 4220 2996 6690 322 7118 8135 5031 5790 5478 1806 5179 5257 6510 6965 1654 3159 6583 5929 2519 7625 2445 3410 2082 8618 2368 1388 1447 4387 2325 4522 5848 2464 9761 5834 3346 2759 4057 5949 4500 3734 505 5676 6522 5272 643 3247 7588 8652 5855 8938 2412 9192 8908 7175 4128 9893 4635 1830 6430 9834 6005 91 1688
89 3351 9843 104 6139 480 6506 6535 1340 7399 3266 293 2992 8869 3514 6525 2743 5037 8119 2492 9974 4118 1921 9019 3093 8020 5495 3628 1815 3745 8861 4544 5754 5787 9514 5613 5568 7600 7007 1051 4257 6747 6845 8592 8334 2211 9777 2385 189 1137 5924 7889 8383 9129 9564 7755 7610 2079 6129 3462 7834 665 3449 1074 8318 5914 3852 3406 184 2971 8578 9788 9869 1753 6279 7566 6393 9546 6773 2184 3713 1014 7277 5704 3176 4900 8616 6127 7540 599
97 1287 7708 6544 3224 5060 9315 2749 491 641 2608 4053 6760 2809 509 3263 2455 1391 6523 7196 9647 3804 5660 2008 2227 6226 9405 6930 2700 8790 1513 6285 7545 4297 4091 4478 9929 9940 2202 8236 1670 1838 1145 5418 4645 9485 9075 4723 2144 9913 6361 5845 4739 3623 1914 4132 8596 6443 4160 4502 2147 5978 1328 9999 3963 4784 6732 4714 7790 3453 1507 6762 3072 2658 2176 3701 3204 6890 9854 7931 2286 3052 420 3858 1410 9861 3417 7481 8177 8331 5756 6953 2965 5852 3797 2891 5205 5928
98 7383 1931 7676 9711 7102 2954 3669 2316 9982 35 9056 8238 9198 7029 4762 830 195 6509 8341 6183 5160 9031 4665 9461 3484 5962 1661 4892 8306 832 1008 1812 2584 3801 2426 5882 4671 2575 7838 9482 5861 2540 7121 5309 2617 3517 6140 4486 2308 7051 3311 4988 517 1615 6359 5112 6042 8587 9143 3171 6923 6282 1117 3662 8801 7200 4365 7591 4857 5893 6001 7161 8566 1148 5084 7945 245 4056 3503 1720 3402 2537 4241 6556 6986 6200 297 423 3825 7724 4122 5802 9417 4808 5163 5143 7690 4614
93 1482 232 1312 1271 9895 2185 1110 8391 8734 2844 2910 7907 1809 6543 1377 5890 8014 4639 1864 7124 6385 1216 4798 5124 3786 9239 823 7428 412 7544 8866 5246 3031 5333 4104 3146 7821 5591 9451 4271 7763 3430 8759 7589 4306 1983 8481 4944 3879 4174 7709 331 1134 9995 1610 7948 8921 4827 9471 6981 6906 9736 8320 3571 2846 2783 7898 5058 4143 9010 5241 2151 8200 609 467 206 9352 3178 1451 7120 6751 8370 4873 3051 9072 1115 6815 1889 6081 188 6977 614 4552
95 6475 821 4508 5881 9694 3954 5651 3253 2923 1565 1609 1755 3680 2166 2116 5297 959 8046 8907 3981 9088 8600 6449 210 2559 9733 6836 373 5131 828 3975 2220 142 4986 8087 580 2792 8632 5348 3193 4050 446 938 4249 511 6542 3991 3163 9798 39 8393 9950 6457 595 7244 3028 2006 4190 2143 6095 5919 1303 4509 8009 1151 2938 9174 7733 2452 9581 7033 4881 608 5520 4706 6771 8149 619 9278 7221 4626 6348 6618 6054 5007 2479 416 2897 5292 1103 4557 8703 9153 5981 7714
94 9114 4269 6182 3019 5390 1824 5872 1636 898 4647 3753 1740 7176 3059 8330 7018 930 3888 8906 8035 2933 5577 1588 4633 7869 4051 400 5749 3570 8912 8746 2042 8533 846 8405 4748 1007 9119 7255 1403 9586 3271 4377 6651 3772 3060 7079 7555 1645 7250 267 1142 2348 6033 2441 6495 3919 2161 5531 4842 1035 8166 899 1342 7773 749 5029 8602 7240 9979 371 2562 3068 6914 4637 4293 27 2044 2900 2889 8729 981 8145 7270 6456 3867 936 3114 1081 7276 2141 8459 866 4651
101 1761 4854 2066 5905 7881 4832 490 8628 3071 5784 5349 617 5921 2115 2120 8392 6645 3165 9120 2704 8828 4065 9413 6008 5185 6904 5682 2504 7143 5640 9276 4353 3305 1098 478 4270 4207 6750 3932 4841 8209 5155 3632 2203 3515 5047 1737 3916 212 695 9720 7006 7246 1839 2248 9401 8891 7396 8398 4861 2427 747 3915 8159 1067 8768 982 8867 1489 2646 7490 5965 3957 6435 3426 7104 9320 7094 4029 5213 1971 2423 645 7892 5736 5481 2200 1900 2905 8402 8224 7813 4806 3216 5107 7347 8798 9506 113 257 7370
99 6148 4290 3047 9046 8213 8359 5844 2973 3457 1965 2322 7685 4996 7098 2845 9203 2707 9749 7562 878 8958 6633 9028 585 2859 5454 8385 1631 8863 1240 8328 4008 9418 6961 7261 5846 1211 3768 8397 1808 8375 885 9849 1434 3435 6823 6640 9194 2060 253 1644 5063 8340 1561 278 5057 3262 973 1672 8475 7822 4127 3899 9106 7719 7699 1429 5866 1748 7991 5765 6118 110 796 7905 8732 1886 7324 3255 1313 8184 488 6801 2228 376 8836 2204 5972 2692 1176 7693 3521 7050 1865 8519 409 80 2780 7328
94 5811 5887 3917 9364 4947 7145 7809 7330 6055 4990 9190 5751 9220 5528 4773 1239 1066 7342 8525 7096 5200 1626 6868 8362 2123 2612 7233 2657 5049 2083 3676 7603 9354 5565 237 5208 4467 7158 7934 2457 4820 9653 7334 632 6562 667 9565 6372 8273 4585 8972 4361 1618 4197 9168 3173 9444 433 7447 9398 881 4949 7815 8555 4818 8497 5065 8284 4320 5693 3995 1189 4636 9524 2761 2313 7798 5431 310 7080 1016 1891 9732 6939 2330 5035 2279 3657 718 4216 6960 396 6656 4304
95 7373 4740 5612 596 9047 9441 32 4421 7984 7570 7048 5996 9318 4172 437 7745 7966 4273 7082 6080 9038 4753 4788 8335 9068 7697 1253 3537 2748 1150 6413 3763 3119 3420 3846 7272 9628 2694 1651 3666 3397 3870 5715 261 1704 4321 2825 9583 5473 5102 425 7325 2433 1916 3878 3788 4286 3748 3614 8237 9098 1746 4757 5912 9745 4001 5376 6299 7956 6588 9331 3811 555 8097 5446 5316 4456 346 1045 1064 1497 5 494 6756 5110 963 1952 5521 6366 2413 2598 5290 1572 5838 5301
97 6379 8874 7557 9188 9346 6241 1318 3352 7602 192 691 4459 1267 2528 1650 8229 3731 5183 6748 3978 2240 2834 4589 5677 9891 5111 4492 3891 8307 8802 5367 4588 176 9831 2937 528 3920 888 1690 5899 4751 799 2648 2904 2380 9479 2776 2038 9958 9378 8247 5097 4800 7101 663 2711 1876 3270 6938 5072 7359 3164 4439 7345 1990 2588 3401 8973 6720 589 2930 3180 8745 228 4182 2090 3188 542 8277 9631 3910 4906 4580 7851 5109 3268 782 5824 8543 4959 2215 4021 2934 5357 8109 5086 7882
90 4985 5777 6074 5439 6702 4109 6402 399 4429 2254 5320 3090 3869 7129 6814 3693 9297 3404 9738 2493 272 4741 685 5457 837 9096 3427 9523 8884 679 2065 5011 6619 6996 6305 5215 9325 8595 3096 2364 2345 2265 5959 6863 3481 9361 2769 680 8660 6434 5048 9033 6729 1381 7766 9585 2944 7506 2193 5068 55 7422 6666 7548 9679 5472 3506 2448 4420 1942 5250 9756 8932 4545 1417 7072 2542 4710 431 8070 9695 3339 9425 1337 4473 4666 95 9044 4009 9339
99 908 4142 5778 5517 7841 926 4078 4396 2561 149 3044 1367 1772 5445 4848 1542 1675 6092 9337 4107 5174 6333 6681 4512 2872 6489 299 3865 8819 3779 1395 9163 5151 5993 8879 7684 2237 3977 3525 8853 4920 9934 1890 4111 9145 2958 1884 4093 7024 2224 3617 3321 6114 9232 3098 1825 2970 3564 6020 8744 8281 549 8007 1477 1995 2195 8969 9013 4893 5013 5774 1532 7089 8207 2411 4034 461 681 3278 3269 6507 2641 8730 448 8147 5435 867 7415 4699 6228 5582 4718 6637 7843 1470 1046 1763 3238 6420
88 2686 334 5030 1107 5984 1033 935 768 1422 4561 1656 6649 1586 3214 3526 925 5147 3791 2306 8139 8363 6573 5193 1736 3853 2634 7010 4978 2619 9735 9616 3857 5793 9577 6136 7990 8903 5132 479 820 3088 7187 8784 5560 3663 5925 9945 6496 1831 5573 4853 1639 1728 306 628 9933 5512 1546 5342 9261 8623 6451 9077 2289 2885 3013 198 1754 8638 732 1909 8127 7791 7543 5168 3922 635 4829 6568 4452 8753 3661 2194 1648 7587 8456 1789 5361
94 4592 1726 9224 7044 4472 1635 8212 6963 5923 8701 9383 5177 7367 3705 4098 5654 1251 1326 8985 3370 1658 5092 175 7232 6014 3674 4055 5034 5806 8941 6442 6349 9920 9086 5483 1203 4565 8954 4275 4869 1842 3552 5609 2518 9368 343 4328 2098 7078 3649 9183 1693 424 7818 4925 4221 4148 8474 8203 5853 8988 2960 7472 1330 8871 9965 9646 3337 6501 1359 3225 6679 4176 3997 1960 2282 6178 9826 487 8219 8353 2606 6395 8677 5056 2673 5552 7806 518 243 4209 6644 7128 1144
101 8098 6852 7502 6491 6106 5760 7962 5323 1805 1162 6345 4170 7308 3077 3532 5842 7512 4743 3572 8003 4208 2171 7644 3642 7160 2706 4112 8160 1569 2773 6617 3123 6564 4481 3513 3387 8241 1044 7563 8469 9157 2747 6867 5809 2797 4525 9039 4690 5797 7285 9266 2049 3694 1263 8758 3375 7775 5293 4318 8106 2942 2181 6032 9568 5000 6251 8062 734 3116 3361 8386 7787 4354 9918 408 3979 7456 4777 6331 6851 482 8013 7776 7081 6346 7008 8268 3828 2943 1784 1800 3207 5578 9612 7317 9838 3885 1421 5534 9622 4284
90 7902 6267 4049 485 5679 5971 2728 6802 3722 6319 4441 3162 2407 5170 1986 5799 7168 9134 1430 1015 9786 4032 4983 6327 5343 839 877 6309 607 9674 5649 676 716 1154 4817 1941 9480 3596 4795 5895 8789 5331 807 9988 8818 4200 1385 887 2388 9460 4229 6281 90 7165 9805 5189 5858 9737 2178 6288 9541 8615 5985 4519 4279 6026 6235 9264 4534 4434 4961 3560 6927 429 6376 9135 9743 3398 514 6174 723 545 9223 3061 7520 7638 2553 3145 5051 4541
91 2837 4948 648 903 3728 9064 7298 1836 4040 3976 4097 2717 4717 8601 3942 2410 7816 3429 4010 8786 2361 4256 6643 4496 1266 4899 5982 8387 7982 2304 3008 3609 4253 3967 5961 9686 132 6713 3063 1853 108 7290 8297 8527 312 6120 1647 59 7340 2582 4582 9270 1054 2833 8526 4514 8579 4965 4234 6776 8114 755 6041 3789 1441 4349 2849 4856 6396 9445 6950 7333 9230 388 8698 7436 5689 591 7619 6373 1579 5452 3868 3684 6581 7657 2688 1540 3911 910 2398
93 9604 9202 3205 4567 4858 3562 3340 1258 6063 3310 6885 2664 2463 1802 4480 6884 4778 5433 3894 8322 9885 4464 7629 2130 7293 9472 4058 6198 8877 6759 3881 8767 141 929 9321 118 9481 8466 402 8436 8345 5137 9499 2681 7518 8534 1715 7405 2640 1996 1801 8653 4878 879 8723 7263 3454 6791 4924 5511 7482 2296 6830 8841 355 5884 7309 4885 6263 692 7597 4356 8685 8148 4687 669 7280 4019 2860 727 9757 2133 3559 5289 8607 3992 3719 1037 3889 4732 2592 3569 7682
91 284 5493 1116 6856 9289 205 5093 202 5198 2754 8134 4230 5479 5666 758 457 6428 8508 5889 916 6236 1339 9886 5319 4177 368 3849 339 2890 7830 5186 8111 6532 5244 3412 6313 9601 8337 2599 4764 2468 1509 9048 9271 8313 9570 2062 4918 8663 7416 220 5821 77 6715 8427 119 9410 9725 3809 9166 8275 6623 1444 9770 6447 9036 1954 9667 3862 5794 9430 4405 8235 5480 295 410 865 6409 710 3190 1723 5638 6090 8075 6819 7407 4882 7287 7767 4469 4571
90 9340 9193 4235 8188 186 1835 8361 7971 2421 3993 5623 6184 8809 9087 8476 7665 6625 3272 5411 4755 8545 8260 5817 7239 4260 3540 1096 4250 1175 9580 6978 417 366 1172 8880 6770 3211 7853 9796 5545 386 7146 4383 379 9596 7040 6511 8567 3960 5017 3711 2160 1522 1606 53 5380 9288 3067 1803 2791 895 458 377 4212 193 3747 9922 9657 2511 8619 5870 8852 7131 4664 8498 4344 9862 2713 8381 9403 6099 731 3654 1357 5969 1468 481 9504 67 2763
97 5405 5906 8155 5737 9763 1121 6925 769 4152 4771 5772 5525 75 5404 1223 3201 3392 7885 6296 6908 1017 3126 6839 2046 1355 3507 9124 8441 6091 8837 9518 7303 1394 8294 4338 4705 8171 6835 1412 9227 5886 9332 4004 613 9545 6452 1515 7784 2334 3182 5315 9180 9848 7494 9563 668 4781 4166 9457 4099 7969 2001 1603 5976 9598 1009 4967 4324 7458 9108 5564 401 5619 5278 2986 7464 8431 8754 1127 7353 7485 3477 6883 7112 519 8699 2570 7590 4583 9899 533 6158 495 2520 8847 1438 5579
99 2739 6009 9878 2721 1000 1698 7730 5763 4427 9632 5015 660 1899 2221 7596 1598 6179 6328 6029 1559 309 9863 6317 7056 534 5114 795 129 1092 1366 7392 3798 157 9963 6677 536 5078 1556 5606 2547 2226 5181 83 9925 1760 5710 1389 2112 2017 5847 9101 7744 5382 8737 8645 300 7130 2318 1349 682 7192 3140 9027 8761 3127 6192 6089 364 8690 1820 7935 6754 5311 3816 3245 9712 9448 6872 3461 745 9716 8176 380 3041 9311 9008 2974 2402 9926 4347 8095 270 7913 1319 3659 1564 2823 9729 5304
96 7871 4292 1957 5498 298 4752 1973 1719 4329 5194 2781 1607 961 5796 3112 2868 4907 6445 6516 9231 2811 1649 3929 1310 5668 8377 6043 236 942 296 2252 3567 6812 1129 7573 5735 3714 8524 493 4138 2088 3289 6151 2525 3033 4299 4649 4812 6979 9426 4384 1454 4844 6124 4964 5091 6716 9272 1547 2249 5849 6565 1155 6711 1895 1073 8909 7628 3935 6352 3373 4175 5618 1449 8065 3730 8568 4378 8351 9492 8642 7186 3280 9310 8749 510 2170 7560 4895 8765 1922 5566 9452 7235 352 3716
94 8661 5803 5994 9259 8063 2867 1584 3749 1351 587 4855 8956 9549 5653 7756 5789 8425 8126 3408 2460 2927 9211 9557 7942 7732 738 4263 2607 6380 1860 8572 1577 850 6049 2661 3790 2848 9597 8873 6019 50 8379 6162 3677 9855 8053 6752 2854 6518 1568 148 439 2440 8778 2626 3832 9300 1281 5725 7581 6570 7622 2670 2614 1122 3144 3032 7947 5130 7663 3769 1939 8223 8538 5499 6213 333 5141 9916 2332 337 6122 8321 2613 4654 7722 5748 8816 6291 8926 5576 8750 8315 6524
89 780 8378 1511 9542 2760 4393 4433 98 7389 9865 8452 3243 5412 1590 4973 1773 1471 8998 950 3354 3394 2529 5494 694 3376 6163 9366 4217 6196 649 227 4155 7565 8893 2172 281 7264 5190 5542 1929 4742 1525 5219 9819 7191 3202 5686 7371 5773 4955 6615 7467 8470 8368 633 1879 1947 1685 5456 8304 1974 9295 3054 6531 3154 583 6418 3795 8849 1228 2036 3611 2230 9127 2264 4667 1084 8426 5766 6416 2594 8878 876 920 2377 3836 1398 6944 5129
94 5691 8570 9767 983 1350 8199 2263 5464 6548 9676 7361 226 5430 7036 527 8467 1521 2949 2165 1475 9052 1332 1596 6011 5377 8751 7601 757 8580 3300 3855 315 6881 8202 1111 4261 2936 6684 8993 869 2490 8965 4074 3050 1807 6083 6369 512 8942 372 6778 4618 3854 7887 7180 7319 8902 9162 1106 6255 5683 9287 7213 1501 3522 8205 2023 3089 9643 1851 6142 6132 5522 5165 5022 793 3 7193 5642 8900 7049 9152 6603 4702 2510 4430 5617 788 7315 556 6388 9464 6364 9811
90 1943 5610 4424 2587 6534 5271 6797 6397 3198 3897 340 7617 103 7850 8011 6976 7529 7749 6173 5318 9656 4258 9509 7861 7476 1192 9724 7925 7215 3737 8948 8838 6394 4994 6077 5661 3256 2321 6860 659 8290 7574 762 2609 2669 789 9915 3782 9204 703 7729 1786 5138 3106 4213 9670 8410 499 1557 3452 2650 8649 5800 9874 9531 4337 1450 6737 7066 3196 6795 1393 1268 1679 1503 6188 268 1362 6338 9662 1060 5940 2030 2534 5523 8964 6208 7533 2355 4363
99 3594 4274 9327 4936 4054 283 7876 238 3581 4331 7376 1052 1821 8446 54 9179 8978 9099 586 8573 3319 9130 9007 8461 8440 2915 8463 8099 5562 8295 3735 125 7497 4325 211 3142 2696 2051 2329 138 4379 8812 1262 7071 9908 9115 5857 9954 3990 1414 5450 6567 8531 978 1677 4 8124 3902 9619 5398 2406 5958 875 3721 7321 974 9696 2778 4610 4839 3986 9349 7996 3135 136 940 2788 8253 8172 9406 1307 5221 1205 8044 7648 2190 7438 2138 2458 7633 9488 4123 2863 4566 4198 9943 4061 8499 5514
96 344 3509 1397 5980 2993 554 2489 7377 6203 7312 7796 7260 858 9582 4100 9050 8107 572 1593 4385 3333 3189 2541 9508 4020 3843 122 7301 7302 9821 3082 5574 6653 7720 4487 2275 7760 1453 5831 351 7199 6 1595 9962 5225 8775 8388 1524 2604 61 2952 1309 2057 5368 1926 1020 1132 475 4488 5675 9125 6647 7788 1346 7492 2755 700 1689 954 3675 4094 4891 2635 5266 775 6311 1032 9249 3073 6190 4843 3026 8251 567 8356 2831 274 8262 9414 6367 191 2574 3109 5299 3887 7794
88 8088 7306 29 2787 8911 6165 5650 9818 3599 5636 214 5298 2824 987 6365 9906 5270 9196 9615 3833 1745 5563 1456 7495 2370 675 4311 2808 6115 6668 305 2855 6964 3124 5862 9238 1972 8983 7390 6928 5046 8300 7650 1335 8704 9070 1304 2533 5275 7577 6983 9169 8536 9382 9944 9559 6357 8569 3470 9335 145 6064 8105 8102 4007 5670 6997 7973 7229 3416 9730 3948 515 2800 7484 7959 7747 3318 9990 713 6468 1713 348 8505 4940 6082 1674 7335
85 8414 5879 3580 3101 5854 8776 6171 1354 3665 4619 4871 9486 1581 1502 6827 3553 6471 2386 574 14 3251 7031 3687 336 5012 4191 1248 2796 3357 2340 7505 152 9820 3994 2311 9248 2813 3729 2638 2894 3999 4305 4184 4577 4375 4793 4041 9553 2247 9437 3004 9539 9850 9594 2059 1669 9983 9815 2015 1197 3276 5727 6437 9225 2277 5807 1244 7659 2125 2611 5287 5103 8949 7381 6069 772 6462 8669 3672 8509 6094 5255 325 9660 1146
98 7677 7743 8887 2969 8782 5841 9677 8327 6006 2683 9102 9791 8963 8769 7929 5915 1913 4728 1100 7231 5441 9607 126 3924 9381 49 2662 1242 6477 6707 5507 6401 8865 3237 8002 4870 5988 6088 6616 269 7621 6763 9621 6572 60 9744 8563 7712 3664 4011 3934 7656 6415 8169 5462 4330 1190 1535 8050 5415 2365 219 927 8516 4676 3988 912 7440 6809 6387 1730 5549 6144 451 7004 1076 8979 7210 4301 3770 4389 8943 9685 7897 4876 1299 3557 7339 9458 1846 2982 1282 5251 7105 3710 3218 5204 1979
99 6768 3824 7716 506 7362 730 5657 753 9977 8825 5366 1671 8217 8428 2956 6423 1869 2838 7460 2415 2513 5394 551 8738 4131 8181 1452 7419 7424 1408 2884 1660 1439 4952 1767 2071 5544 4475 2342 9785 781 2376 7189 3612 5658 860 3440 2351 9629 503 4062 997 7930 9636 9713 2053 9876 8977 6941 4146 6988 6116 4084 4987 7804 5273 7950 9783 5045 8319 3883 5036 3928 4562 7012 8928 3660 4621 7922 6855 5079 8041 984 4370 6191 9307 1888 2396 5950 218 5218 2538 7667 9535 2527 6012 6504 5263 8726
101 7857 3466 4180 9935 8609 9037 4193 1837 570 3925 5832 8614 472 4218 8843 4604 9362 9947 1043 3589 2188 9833 6591 5991 809 8022 6654 5196 3704 741 3624 4264 579 1204 7139 8286 5233 6404 9881 9250 3104 947 25 6919 2032 6242 8067 5133 7757 4285 8966 6070 8245 3297 7814 9860 5239 812 5932 2094 8364 2842 6079 6201 1003 1392 1158 4712 697 1491 2218 1446 9611 8794 4504 8137 2494 9054 1119 1594 1327 7297 9771 4313 5595 4974 5587 8982 4828 8338 3149 1739 1031 7067 2111 6594 4026 1628 8675 8473 9989
94 2300 2623 4028 1140 2876 5516 1055 1128 8201 2408 2253 2349 3871 2618 2418 1917 3783 1570 3550 3530 3347 3016 5116 5897 523 8806 1539 810 1419 3618 3847 6038 7845 8803 1817 234 1361 5740 4600 7891 8999 683 9189 7911 9931 7141 8923 737 5785 5815 2887 6956 4397 1011 5052 5541 8303 5115 9690 5584 2629 5154 9032 816 6727 7833 6710 6000 4831 882 5561 9639 8274 9880 394 9778 6072 7477 5294 4309 6030 5535 5632 8314 8269 2354 7123 5957 7978 4611 8650 9178 9103 6207
93 3591 4934 3939 3286 382 2416 2454 4787 1624 9528 2989 8252 6779 2735 957 2449 6031 3998 1751 6634 8420 1961 6917 7163 6143 4816 7643 2033 8817 2335 1735 9336 6840 5152 2223 7147 1765 3736 5637 8672 8575 1857 2839 4596 7534 9376 9091 9483 3989 5262 6189 1527 3166 3419 6290 8016 8783 4846 2381 7582 8 5762 6767 5892 1778 2703 9959 6283 2037 8552 3121 9470 7793 6159 8031 2478 9253 8081 8927 7230 1234 9912 1495 9035 151 7977 9078 5626 785 4003 2087 9187 8860
93 7746 8896 3520 8058 5274 7204 1139 3501 9775 8571 169 7288 6627 9558 1694 5282 5145 5258 468 8640 347 4598 1613 7417 945 1265 9910 5413 7739 4634 217 6772 7849 7225 6918 5407 7846 3697 8332 4449 4607 3290 7364 1574 1023 502 5891 4716 5622 9502 6244 1120 7594 1999 8503 2375 5620 2633 2578 3630 7068 483 8486 7237 557 9534 5053 8955 6991 7736 2092 6240 7764 5731 4913 5269 6278 6362 33 5005 85 1199 8574 9459 1125 8001 7854 4992 6664 5453 5920 8248 9215
89 5770 2666 1850 7207 3139 8033 7252 7013 6482 5922 6256 8974 6886 5414 4822 2068 5646 2828 5647 6206 8091 4165 3080 1416 9752 5911 3308 639 6271 4905 3332 1427 960 3541 4553 2918 616 8975 7363 5455 2242 16 2526 1160 5360 2009 4529 1231 2430 7017 841 3875 8161 3777 8396 9333 2294 465 1797 3516 7238 636 3752 4884 4095 5083 2544 933 1091 2698 4201 1249 1101 9682 87 4366 8764 2916 975 5814 2303 1138 8590 8916 3699 170 1071 2603 7005
101 2979 5611 34 6990 7486 4017 1663 7284 4048 647 763 1090 3469 6632 6931 6969 4245 8261 7556 9993 8283 7674 588 7645 2817 939 9797 497 907 8376 5575 9774 868 7493 9006 4401 2004 4458 8859 6571 8021 7057 6658 4912 1580 4409 5286 6734 4108 2397 7549 5652 71 6721 4691 7904 8588 8496 3953 5558 5671 6220 9533 541 3588 8540 1232 9244 2567 4243 9956 1964 4133 4158 3021 1378 2580 4359 4680 653 7932 187 3221 5424 2737 8389 2305 2691 9246 4411 7874 6156 5135 8492 684 5061 2515 6521 8565 8553 7681
94 3380 3592 4880 9835 9938 5288 1423 8150 9856 1057 6589 254 7884 9322 5694 5358 8018 7224 2655 2980 3120 2680 2295 9155 6280 9883 3459 4225 4810 922 2714 852 7668 2568 9822 5571 815 8278 1946 4068 4887 3285 6876 5634 8423 8532 8258 845 3510 620 4746 2456 7653 970 3258 2229 9847 1978 5125 8005 8772 5312 9792 6630 7052 1523 2401 7608 7527 7275 6490 9269 3921 208 9573 1766 7965 644 3479 9045 8997 6405 3147 3244 1905 7125 8309 9262 6021 7162 1858 3265 8770 1832
99 1768 5966 6441 1721 6324 7546 8179 7504 3700 3330 7289 9477 9428 4754 2212 8204 4423 5645 6959 6687 2674 8239 5228 1143 1591 2290 4157 2757 5146 8931 7753 3056 2621 5580 1179 1333 9422 5410 2159 6301 7243 4836 4692 2951 2250 7449 1343 9258 8182 1777 1620 8130 255 1180 5123 9857 3838 1217 2045 4653 1997 6670 7797 5864 1386 2756 7386 9627 6098 5199 6320 4617 526 9972 7862 3348 496 6879 1642 7184 2152 3069 8629 5581 1 8637 3212 7075 4246 6699 3940 1877 128 9633 5681 8214 8190 931 2543
98 3947 273 6499 6431 2920 8807 2255 3610 2497 2495 3600 5600 6382 7496 3456 886 1927 3656 3985 8888 9173 4278 1259 2000 7823 1264 2262 7817 5723 655 5010 6553 3475 8418 729 711 168 6942 1255 3342 9675 9274 8624 1384 1293 2726 7093 5016 6202 1390 4520 1401 4113 3549 13 7410 6410 7852 9801 6777 1614 9562 4295 6325 964 2660 216 4390 2577 8691 7346 1191 994 8246 5593 7454 9141 6891 6322 9251 3872 7025 9484 9571 3458 3996 6036 2836 7100 3356 353 3751 9513 7351 4872 2715 6277 8791
92 5989 5161 1682 7868 9544 2784 3324 3170 1485 2064 9825 6058 9704 9751 2576 5868 8577 5243 8833 2067 1297 9462 962 2731 2610 5465 8429 6414 8962 2932 2272 6857 484 3944 2034 7579 8686 9871 2496 3574 2556 5782 1976 9527 8716 678 3536 3239 6384 9600 5014 2946 3369 9900 7810 6265 6628 6985 1747 2391 1425 4281 3367 3744 6217 4802 1578 622 6774 1908 2600 1135 6642 677 2906 5396 22 3434 8815 1843 1742 3905 2244 6455 1207 6237 2523 3219 4043 9875 7234 980
94 8076 9280 2697 7489 4543 8529 7702 9404 6334 5002 1684 5548 7770 6337 259 3045 6561 9049 2684 5939 8913 6266 2548 5217 3220 937 56 3095 5839 6508 7768 8068 7979 5166 6044 8165 3898 1369 2359 4957 8922 3807 1982 8696 4797 7217 2297 9765 1775 2628 900 2382 4436 7742 6027 8648 5020 3533 7669 6736 4629 4761 1901 7880 6551 2644 9436 8506 8814 1448 5695 242 5627 8128 1329 4024 5663 4039 7241 9348 9595 7171 4805 7624 6353 4527 2767 9284 9012 6444 7658 3566 6775 2041
99 3638 4368 4704 4303 943 9555 252 4697 3128 8444 3615 6046 1744 3222 8939 1222 6177 6459 8242 7408 4454 5421 3829 3223 6497 4248 7893 2880 4644 9617 3169 9840 6157 4395 3499 2404 3643 7028 4896 6022 277 2516 3551 7092 7568 3543 5339 9634 8706 196 6905 2645 8829 2500 4030 1992 5172 2677 2467 4730 3257 445 4597 5873 2162 2539 5519 8777 7355 9517 9209 6745 8855 8450 3876 3187 4137 7564 9212 5182 3577 1387 8360 222 7649 5403 4360 177 5979 6284 7411 464 2217 3695 4722 5149 7019 2174 3393
94 9254 804 4727 746 6169 9515 4678 7282 1653 250 5134 1849 5206 38 979 3527 7623 492 5080 97 3826 1680 7219 6391 456 654 8763 4587 7144 2394 9967 9374 444 7262 9002 4077 7519 7077 7341 5335 3275 6686 1987 7387 6269 9397 4682 9809 8657 8799 5738 6669 9591 161 3717 8795 2379 2331 951 6650 2895 8740 9396 7211 4087 3345 4849 6464 4196 3012 1872 6350 2281 6958 2564 99 6086 8594 8170 3873 624 1989 3364 6808 9237 8180 9624 4796 2997 5364 7751 9355 9655 3555
100 275 9740 2643 9877 3156 7222 2903 3314 1488 9782 7434 4140 9411 5482 9478 3486 1985 1710 3563 764 3823 6326 5669 6107 4280 7420 2085 411 7785 1428 2425 7265 8040 9353 8433 9699 2132 6483 7136 3343 2712 7987 7111 5027 7832 1278 3316 8811 7201 4282 9260 8384 4145 314 1925 5598 7451 1039 6920 3359 1457 8557 1625 5238 3423 8189 9442 5074 5750 9210 2624 7918 7254 4266 7802 2206 6412 8924 4868 767 4408 2745 5913 8584 4850 7842 9714 794 8556 8719 9829 8808 7406 42 8240 3283 6422 153 2488 2472
97 9651 6606 9424 1695 4594 8104 6728 9379 822 1400 1795 1558 4482 1863 7409 7069 5434 5935 1711 9520 8133 9186 3545 2730 8857 9421 1030 7394 2389 9957 6575 7459 2851 9235 9206 1827 8708 5234 6111 5986 8715 7553 6967 3590 9666 8458 2077 9226 9389 8490 5589 7251 8511 3161 8004 8347 7660 8272 3329 8862 4593 9673 8748 2346 8103 432 1131 6870 9363 708 5641 7986 9243 9165 9240 3561 1317 9802 6793 65 224 9181 8082 5381 7054 2877 991 9496 6425 874 9827 972 8957 9522 7271 4570 4494
95 9868 8608 5883 2173 1042 2012 7792 4663 31 3240 9817 6336 7311 6194 7469 6629 540 8028 263 6871 3983 6332 1520 3491 11 9576 9216 6744 1793 5341 6289 4242 3172 9750 9884 3538 6250 8654 988 5515 1662 9001 3323 3413 638 9097 7430 9832 3602 6672 4630 4315 4904 7065 6461 3476 6807 9645 3344 9567 3118 7858 7909 5443 552 9110 5040 9207 6947 4546 6262 2818 6880 9420 9511 2505 5603 8910 618 9113 4431 621 814 4707 1589 2091 7701 8515 5810 6180 9071 3451 6329 5397 9951
86 2274 6056 3644 4369 7961 4153 7292 4237 8521 6138 5296 7503 4376 5837 8052 2020 3575 4916 3508 4599 2366 5506 3153 1406 1646 1840 8722 5098 9691 358 5157 1095 7827 1833 4595 6411 1673 7944 6566 1771 8316 8500 2039 6685 9966 8030 4586 7672 9359 5859 4581 4531 634 7375 5629 4984 4715 5363 1893 6701 12 3512 8630 9800 9005 5947 8346 6060 3292 9969 4929 1188 2081 6199 426 62 405 7314 6295 707 5816 1844 2752 7266 6222 2040
98 9023 8968 1087 3652 6657 2106 8220 4059 7604 4669 4168 4302 7654 7951 8674 9500 919 8302 1276 452 4334 8980 3448 3030 4169 1068 1270 3299 2682 4681 2146 8934 6540 1499 1953 2702 4930 5229 4455 5722 86 8646 6926 5347 6390 3331 7537 9495 8981 8039 1592 3542 7754 5474 8243 1233 2243 1431 6270 4462 6125 3445 3970 7032 2422 5805 5095 9446 9512 971 1061 6680 6252 774 3037 6128 9823 2114 3578 9286 7957 7535 4927 7350 3584 3231 4646 5551 9532 597 3087 7086 6039 4392 4803 6550 7014 1012
89 4950 345 7332 3005 7022 6804 1194 7055 3414 1272 9609 2302 4612 3554 1529 9034 8342 5703 4327 6899 8576 8187 5230 8211 7167 3079 835 5875 3248 2007 7908 573 3848 6101 8162 7715 3766 4342 7524 7188 7552 9022 6303 4151 8831 9434 359 9904 4549 2124 3637 4845 967 3395 4537 9217 2117 9326 9351 2136 7915 1994 6427 3851 1912 4865 1241 7572 2988 1701 1541 2207 8482 2095 3645 8445 159 3422 5635 3179 5555 8186 9543 9089 9247 9439 3724 8644 709
95 5326 1334 3933 2898 7427 7912 160 968 894 544 631 2251 1617 2899 7356 2208 8800 8413 8586 8442 4358 9799 2639 5999 3418 8115 9314 2718 4350 4921 904 9014 5798 3498 7631 7307 4601 6340 8687 1868 1686 2119 9392 1225 1907 1629 3415 1733 3971 9551 5400 6386 3740 2063 4357 9298 7107 5127 4047 5711 3529 1286 2109 9191 9455 8641 2572 7761 2571 8742 8151 956 8918 8826 3304 8439 2593 5268 1758 5621 4412 5820 6621 4484 915 6576 4149 9175 6948 2102 5417 6757 8945 7122 1097
91 1487 7106 7926 2746 3712 9789 6817 1517 4081 6688 7205 3011 8406 4438 5592 1699 3174 5009 7194 1201 8064 6067 2338 4765 116 777 5699 7515 7812 4823 93 3473 7218 4575 4931 5284 1702 3773 6492 6842 2941 6597 3177 6117 5395 7137 4082 7635 7576 7061 4465 8266 7906 384 9649 6214 2789 6273 9308 5023 5734 7488 2474 2803 5753 4428 5974 4415 5747 9692 4889 6631 8664 9105 1659 9754 2280 1320 1810 3029 9980 3379 2794 7483 3927 8061 2024 8635 9550 9256 9501
93 6218 1302 7738 4551 705 9731 8108 7155 279 2856 1247 6861 1734 1072 8851 3859 8480 5702 7316 7450 7955 392 7058 9380 4506 1077 1484 2428 6608 4809 3682 3293 9150 5509 3010 3001 7578 5128 5828 3389 9873 7115 513 752 9090 9350 4698 6893 2271 2653 576 3213 2675 7985 1373 1923 2050 6004 562 577 2551 5998 8449 4367 5222 8057 9017 5933 3390 9083 418 4568 8952 1435 600 2027 6780 3411 5142 2061 6436 6519 7286 3336 2019 9161 4866 107 3840 6940 5064 7958 8622
96 498 8720 6865 365 6912 9182 992 9055 8447 652 5792 4036 1780 4022 7445 2459 2772 7664 9851 9432 569 5351 856 3601 7924 455 3627 1088 48 8678 3092 4018 7514 4192 2403 6093 4319 6363 1750 7740 9435 7295 656 8951 2189 2419 361 9890 9275 4498 1243 6053 7938 6016 6048 4453 7968 9365 501 3982 1950 6470 2555 9296 8167 288 9419 1277 7294 7432 2935 147 8935 771 3733 8138 443 1413 5871 4402 7952 2908 6308 1892 917 1187 4648 8953 3607 7641 9510 6784 2343 3689 9158 8468
101 1026 6458 6052 5295 568 2337 1852 1587 7593 6515 8780 3535 8484 7037 36 7046 4178 4471 5995 6895 6268 9813 862 7159 8581 578 8455 1352 7480 115 3819 9011 6878 7703 1324 2723 5067 5264 704 6225 8349 5951 6704 3349 3959 8834 4267 8350 8881 1041 3841 9687 1627 1311 4863 742 8899 8019 8299 2843 2871 3595 6195 6995 9177 8762 8864 4685 8231 2716 6465 2267 1692 6149 2320 6476 6892 8756 4662 4789 1056 689 9872 1604 2647 537 5970 4063 7020 2690 3900 3586 3309 7903 2485 4070 8785 1368 699 9029 4840
85 8034 2233 2775 8191 6847 9201 4837 9780 9133 1883 3267 9635 3793 1093 9450 7401 6219 3640 5261 8008 3086 6971 2284 3709 8249 328 8636 8185 6600 4864 3955 593 3003 7972 6607 4493 1291 6563 6232 7088 1731 1967 750 5118 7337 3605 1161 6424 1177 8196 1209 3743 4231 6153 1104 7403 7586 8946 7473 5089 2774 770 7865 6110 3787 8537 9131 7418 6239 9727 5399 6472 24 1418 3655 7692 8813 6065 6741 8914 7374 8000 4244 6954 3438
92 5256 3492 2260 6955 7706 1633 529 8230 5226 3421 6898 1640 5547 5212 1024 9395 6537 7799 9810 0 5463 256 8464 1988 4689 3598 72 818 3234 2443 8950 952 2998 7639 4877 1516 8157 6221 4804 3945 2557 7002 362 2198 2089 3904 4860 4668 5054 88 69 4564 3834 8564 9968 9961 3365 7310 140 6330 1365 7209 9367 8779 6833 5655 1013 2256 2620 9781 1325 3890 1602 8901 5953 8143 7242 2631 6426 8457 1611 1141 4774 7202 7126 6150 3546 6695 2145 909 8010 9836
97 2508 6358 2978 5158 889 3732 8129 3102 7839 287 5968 1219 8032 3938 7717 5448 5280 8012 4490 4121 754 9718 7559 8876 890 8074 1862 2777 204 6147 2292 5934 5088 1599 8835 7391 4386 1461 7737 5916 2586 1904 6133 1612 8639 7296 2118 7819 5554 1022 3568 8724 10 5597 2258 9779 1338 6975 1152 3958 2238 5964 6211 2708 3043 9252 1637 9584 8840 7936 6381 6733 5490 3334 3148 3313 9067 8898 9416 6108 5529 3799 4463 7584 9708 2447 8967 7671 2210 736 3634 2878 8643 3378 1372 8671 803
89 5356 4643 1811 4970 5687 5888 2288 37 4694 1226 8933 7542 7511 8152 706 3229 5477 6850 5843 7679 3115 7009 9608 3296 5602 3815 5992 8613 9700 6050 17 5825 8374 9306 2469 1657 4926 5833 5567 3757 2896 2245 1171 7899 459 5302 8743 6652 3886 3108 1212 728 2107 8029 5690 5371 3066 5741 9236 2975 9330 977 5880 6479 6709 8056 3907 7174 1790 932 7580 3358 6558 2656 661 3018 7963 9233 8559 4373 1196 375 2985 6796 5510 8739 8728 5195 5120
92 235 1323 1019 6798 8736 6007 1396 1285 9304 3974 2947 2921 6500 3463 4960 8721 2323 5767 3539 8992 4000 2830 135 5633 4307 9526 6440 8885 4584 7181 9941 6641 7041 6205 5385 6676 1848 92 5818 5077 3685 8339 9888 2741 4550 5590 2319 6134 383 6013 5384 4938 674 8858 7435 9503 5372 7598 3965 1256 4005 2367 7313 6238 9668 3368 9620 265 6874 9864 5714 9257 8605 2362 9449 7726 8154 1257 4189 9009 2771 3107 1184 6554 6454 9263 5355 2928 3619 7780 8830 3523
101 6017 3856 2270 798 2287 9491 2524 603 7920 9219 8371 2378 2268 5245 7728 6076 5768 1867 8604 2879 2506 3014 5608 5908 2705 1469 4222 1164 2148 2589 4724 1932 6339 9388 4425 3424 924 8894 8710 5392 3260 8183 9839 3279 5136 8897 5720 7769 9242 1165 5910 3355 9076 3436 1752 5712 5466 1476 8037 9844 5191 318 4215 2075 1301 2278 5769 8673 726 4495 8727 1149 6782 6193 7571 4291 4417 9858 4941 8947 2480 178 4980 7781 430 4943 2099 8136 1544 1911 4536 6494 2482 9469 4117 2695 6816 1236 3918 4801 9574
88 2324 8693 7762 165 6187 7352 4874 6596 719 2957 800 1036 7273 6610 1878 2976 7530 9377 5491 8404 4326 826 1445 3895 5863 6360 6832 6406 9360 7976 6946 1443 5249 4352 1237 398 824 3206 7592 5931 4684 2602 5550 1433 5877 1230 3500 2101 3194 6224 2579 3024 1873 2679 7805 1094 4821 9148 5066 9176 3952 3478 4195 7752 7413 892 4890 3277 2476 5801 9603 1399 6453 1619 3490 1027 9290 7475 5422 911 3482 7500 127 4937 6936 2383 6648 4745
95 6209 3603 594 6781 9213 4134 8554 9497 5601 3629 2298 8325 57 1897 2164 1058 251 6620 9498 7536 4120 3042 5260 5459 441 9902 9816 6275 9889 6974 8805 3360 3880 2214 8820 2668 7220 6622 4187 321 1220 1168 7652 1799 476 6068 2710 543 1078 5688 8996 8920 356 9846 171 4513 5122 2336 3715 3818 7517 121 6438 1738 1426 280 6864 2881 4233 584 2503 2573 791 5188 6746 6502 9505 2637 6355 5279 7800 819 6167 8915 2924 5570 3025 2636 3322 5680 6469 1787 5674 6342 3433
