88 3291 8072 1458 1385 3901 5218 3709 6123 758 239 2847 9312 7285 3344 8926 3821 4355 6031 5454 8495 2510 3895 1943 7108 4236 4065 7784 9550 9561 8721 4443 6947 8817 7401 9630 6713 4945 3983 4305 5494 9123 493 3284 534 6784 6314 4377 1197 5319 7886 6972 3770 6207 5996 7869 8114 943 6049 3406 3238 5100 7871 7395 1466 7235 1611 8829 5954 3649 9598 2989 2497 5619 6359 7220 9354 890 7430 1729 5636 4170 877 9381 2026 9889 68 8407 3140
83 3394 9465 3813 3831 9033 3488 663 1971 4694 5288 4433 8078 625 6273 5757 686 2531 328 8231 1147 1515 5773 9576 7672 6404 9665 868 8564 1768 7088 5000 2430 1121 4033 5826 4640 9528 6958 636 2731 7649 9591 5952 9885 6505 2316 9277 1342 9096 2160 3118 4148 8056 7115 8592 3420 4503 3714 3599 6429 762 3310 315 8300 1920 8010 949 8647 7025 4281 6537 7713 8251 1495 7499 4910 1164 5272 3107 886 2886 8550 4979
99 5812 9097 5079 1892 2379 9747 43 8388 6907 2043 6545 8705 1838 6486 768 9583 1439 9047 7013 2103 357 7960 326 265 1103 8168 826 3684 9471 4497 6685 4661 4097 4821 2428 5750 2372 8785 9995 3014 7688 7530 3782 7930 9903 6144 3789 3065 2511 4657 3668 1341 1652 3484 9132 8466 9488 9764 6819 7378 7793 1297 9482 766 9467 9446 8482 2239 9864 4079 1390 2723 7526 6410 5332 3822 1693 8393 1910 6103 100 1420 2066 5561 2524 8567 465 9930 1407 8279 3801 7304 7578 6257 7036 1244 7111 5285 8260
96 9078 2615 1501 27 6309 4635 7795 9556 6142 1394 5792 4717 193 7642 5432 7981 8138 4818 8545 5077 858 3873 8398 3670 273 1005 2892 264 5421 3646 6513 6720 9603 7465 7439 4873 6547 5130 2855 2848 7105 3229 6422 3773 5493 5248 3631 6296 5868 5390 2389 7708 988 9468 8913 8467 9750 5502 7832 71 4108 279 613 3976 9051 7180 5443 8555 402 6942 4333 5111 2905 5691 4501 4881 7759 7213 4798 9356 6243 4272 7066 7321 6125 963 9496 5614 8325 6377 2753 8932 7529 278 6033 8834
95 6019 1489 1153 1259 2688 5347 7462 2917 8193 2175 5036 1899 2438 4188 97 2185 2581 2929 3969 1651 45 776 4239 1206 9159 4039 5430 9612 9616 9726 7864 1027 5575 8812 7519 6960 7874 4851 7512 4311 5993 4567 1679 4538 4315 6409 6596 5033 8892 2745 6783 3288 658 3769 2887 4755 1792 519 4431 2585 4231 5882 2961 3231 1846 6274 735 8778 9327 2196 2636 4353 6251 6205 8722 704 8599 1199 4390 9289 750 7055 6816 3057 189 8342 6297 4902 3637 3157 6739 9389 6064 2854 5563
105 5191 9914 8414 9211 9320 8790 5739 349 1367 8648 8576 1739 9974 681 8107 3222 7166 1402 8181 5108 460 4383 9441 4515 3457 1671 8320 6477 7272 5740 167 4034 157 7998 6271 9057 3580 7904 2640 1730 1862 8215 8115 7584 8356 1559 7396 6519 5198 1927 3870 738 1802 2177 4527 3576 6659 39 3450 2501 1149 5709 5172 6086 3433 9045 6478 1942 9902 5640 5481 7544 7500 6156 6592 5774 3030 3844 5184 7752 6979 7789 5278 2872 9535 4069 4255 24 8498 457 7748 8496 711 1260 607 6628 3228 552 4303 1525 9617 1212 1464 8068 2655
85 6183 8683 6298 958 3261 1313 1678 8954 3616 9415 3146 5961 2610 9229 9259 1203 7093 1073 6976 401 4599 2986 9563 4424 2825 6883 777 6823 3950 9997 8212 9179 5238 4684 7561 2408 8777 5968 4767 6686 8354 3095 4814 8047 9993 4748 5507 5531 135 253 3276 1062 6414 7356 4811 1677 3898 5440 3582 8760 7158 4906 9852 5771 1831 3166 5462 8631 584 1775 8082 1465 5685 8984 5784 6451 8483 7670 7397 6588 2149 8859 1992 8171 4594
90 5628 7128 3820 8006 7731 3092 8823 3518 6193 7464 3358 1983 8189 6111 5082 1346 1449 9349 6393 1934 6521 288 4161 2810 2020 6472 1710 6854 3045 2764 5525 6876 9011 5807 3912 4711 7604 2118 6502 7468 5138 7918 1635 5890 3227 9837 585 1981 8731 8972 3956 5429 2741 9427 9677 1242 4428 9485 366 7210 1251 9896 9101 6660 9151 6618 7592 2618 3418 197 7982 228 2925 5620 1946 6891 1129 6920 6973 6179 5119 1225 9023 8182 1782 4548 6474 1750 2477 6293
93 5098 4824 2392 7413 3218 7569 2780 3606 3108 9994 9103 5176 1955 1112 6600 9606 5065 4460 9290 1628 5154 2278 3757 801 3542 3927 8371 1805 3431 3688 3797 3381 6886 2040 4807 7774 4354 3313 590 9963 9360 709 1284 8057 7924 4296 4206 6098 3102 2478 3958 8003 33 2705 9163 6523 9342 4269 1800 4253 1737 2461 275 1861 7405 1040 8229 8202 3547 9952 7625 8819 2158 9214 6492 3700 6792 484 895 8584 5699 8478 1391 1672 6011 5815 3132 1557 5024 1957 747 5625 6701
91 551 306 219 9418 7057 5562 93 6306 2322 5228 9674 8406 2468 3145 7816 9548 5761 4179 1082 7736 3664 2236 6487 7718 5132 5106 4583 1975 9961 7489 4053 437 5209 8747 6563 2899 9476 5900 7409 5992 2601 252 7293 931 6230 6077 4976 392 7814 6452 8426 1429 9455 1447 4619 1856 9374 5010 5334 4398 6060 9691 1970 9217 507 6000 403 5725 6533 2693 8339 5793 8285 6638 2194 6032 7456 5524 2121 1093 4350 8334 3726 2662 2978 1590 1857 753 4466 5600 6107
95 3040 7875 6249 7785 2173 1829 4284 694 4716 3533 6775 5898 9306 1393 2010 344 1013 9232 9243 6209 9390 7538 8098 4312 2008 3640 9256 23 4427 3314 7446 3009 5940 4453 6028 2684 5236 7772 6757 3811 4896 794 3866 9203 5114 9313 7776 2241 6333 532 8044 2564 696 9842 2503 7364 2598 9670 7351 6717 3271 3673 5321 5655 8598 3122 5664 4201 7259 3596 9447 9237 3750 7712 8738 1066 8421 329 7276 5937 4862 1877 3396 3412 5914 8864 4564 87 6585 9130 2440 8152 3928 3574 8784
94 3916 3469 3363 2470 9430 2776 5802 3419 6131 6099 910 2398 7199 1382 2669 6067 3536 6411 4063 7756 4190 5682 7313 1796 631 9056 8256 1691 1783 2967 6860 5903 4823 4643 8412 116 5518 6879 7034 4940 8650 9020 8065 9224 5988 5586 1698 6951 3953 3881 5353 6922 8682 1462 214 1751 4019 853 2543 5839 1048 3497 7248 3493 6072 7466 4070 3319 1141 3244 6759 1578 2320 3106 611 1223 3804 2856 7859 4822 4294 2785 3509 9137 6906 3290 4563 9369 4765 1131 9366 7941 9666 6984
96 5474 41 4860 1463 1883 7565 6337 6774 5526 1617 9700 5260 3073 9332 6490 8692 9233 8284 7646 2418 3814 8695 5707 3665 7177 4568 7894 7943 674 7334 4364 3610 915 286 5141 5631 3515 7381 6953 4697 639 4761 9808 3002 9298 8147 4796 9618 5219 9775 4558 9188 6008 5717 703 2312 25 4791 1766 4889 7518 3827 4468 5438 874 7083 2994 5427 8717 6817 6151 331 2102 2588 3386 8500 3348 1995 6347 1279 2921 2586 1518 9834 5246 9142 3987 5521 5804 1534 5567 1109 1470 5787 8473 6255
100 1643 7962 242 1835 1993 8842 86 9633 4168 5268 8427 2184 8936 7808 2034 634 7143 3359 1459 2903 7050 4769 4728 2968 825 4627 8787 6348 8218 144 7898 920 5175 3370 4957 6746 5987 3660 3913 9050 9218 3240 4083 9450 2228 7504 194 5096 6695 1187 4207 8387 1316 5810 9433 4714 8974 5035 4557 1889 503 4400 6278 3208 5038 7865 8966 5830 978 9352 5604 8930 7527 9597 4135 8660 1598 5180 4671 5452 3799 9404 1271 6001 5989 8197 2347 1850 3309 7698 2254 805 784 3405 7631 2909 9984 6658 2534 5147
88 6320 5262 7354 3794 1211 4128 941 4222 5720 4705 2383 3723 7552 5104 4708 1807 4132 4856 3211 5758 6261 5070 2757 5034 8258 9562 5008 6160 7092 3539 8630 1811 6057 1759 7263 3351 8520 6582 3701 5503 1347 6494 6509 1304 9841 4555 5280 2227 4506 6356 1286 5431 3068 6147 9892 2667 1513 8533 4237 2550 6153 7650 3237 6345 6146 4652 2996 3843 1842 3647 2070 4928 1117 8708 6313 5052 5257 3966 7493 7996 8448 5584 419 862 7307 6075 9894 8658
97 6678 8159 3600 3479 3786 8249 3570 5790 9104 4604 2402 6009 2718 5091 5854 7404 2649 1484 8358 2993 6662 8446 2141 31 3415 780 8962 1218 9090 1282 6740 9772 8405 2862 8295 15 4764 8053 3549 3656 6957 7562 3551 1189 7471 3263 1663 8609 7097 8767 7967 5359 5383 2039 4732 8853 8301 6222 5263 1923 5403 2443 4454 8475 9812 5652 547 9829 5346 3179 6366 4470 5340 3423 3575 9886 2820 9154 934 2857 3151 1778 9270 4544 3069 9100 7964 2846 2037 5363 8673 4809 3745 4448 2559 8615 7124
91 4471 3633 6543 9060 3875 9600 1025 6369 1486 3385 1448 6191 5929 4869 8241 3941 2463 2466 9552 6237 5865 4779 6708 6423 2975 7208 8666 7302 2630 1118 8048 1721 8477 7676 606 932 829 7038 5021 1405 8625 7926 9983 9235 345 2108 7822 7936 2499 9337 3904 3250 8268 9105 1756 5680 8331 8944 391 1461 7937 3834 303 6091 6530 8850 4131 7318 3597 126 4261 1075 8917 7343 3829 7383 78 8024 778 5014 882 841 6640 2145 7119 2324 5202 4006 1813 9587 4861
88 7459 5066 1311 940 9223 4525 6990 4008 66 5161 2216 2546 4754 8410 4457 8497 7411 2240 2706 7469 880 9906 9411 1201 4110 6177 7605 2197 1397 707 8680 6642 8855 2811 4181 5519 822 2737 1601 2199 7505 3839 1028 3893 5227 3695 9372 3127 5676 6256 8134 1003 4941 8893 2058 2715 4372 4874 5318 6218 1658 6425 1135 3008 8618 9611 6604 8059 8606 5389 2853 8379 3944 3553 7927 4571 9662 1906 7618 2666 4900 1084 3210 8408 5669 7682 1986 2859
105 5397 3109 1258 6204 1922 7799 7037 3123 4491 5022 2489 4773 2246 427 4380 936 6791 249 8730 6471 8979 3071 4685 6118 5598 11 6128 8502 4378 6216 4958 4632 9015 4651 6174 1507 72 4701 4639 7082 9079 5842 3860 9893 7041 2596 4408 456 4467 8644 7058 2134 6178 3280 3578 7137 9017 3954 8781 799 7804 6987 5136 5864 5466 4991 500 1765 787 1340 2812 6173 369 8154 1261 7831 8580 9687 8626 1214 2541 8230 3429 6062 6267 3591 8239 2736 3005 3712 3374 4412 1010 8075 1207 3226 2738 8018 2360 5395 991 5448 2292 4917 4846
98 496 7743 2945 5833 364 8344 2084 4590 6370 527 8318 602 5732 6459 566 4926 8338 1781 6828 9275 9121 2154 4535 8188 174 4418 6645 6589 3197 3605 9927 195 804 6157 8702 6317 6167 129 1871 998 2385 666 170 6815 9359 4586 1363 9802 9106 2729 9417 4715 5936 4967 7043 9871 2326 1074 2333 6358 1364 9009 6110 6845 2496 6619 2786 2201 4478 6231 7047 3028 7739 2033 4966 619 6573 7853 6501 5016 1795 7858 899 8150 7727 3683 6710 8601 9481 2059 6728 6798 6192 8934 7891 1475 3320 9215
100 7931 7809 4444 4613 9118 6504 3740 4864 7282 9627 5855 8051 712 9823 5808 9022 5869 6420 2927 5698 1352 1621 5357 3494 5944 6517 6239 2282 9416 4879 1701 7596 4633 2454 8843 4490 3589 8480 5723 104 7168 2435 4308 9572 5286 8273 4885 1017 2163 4330 1512 7453 8504 9922 6826 5836 3707 3877 1680 836 9165 2557 9449 8990 4609 8885 8837 3850 6141 4023 6779 441 6007 9169 4119 2539 1744 4696 8272 6903 73 3808 8450 1414 6485 605 3352 1753 5756 8872 7358 225 6438 609 8434 9473 3765 1613 8376 603
99 8348 9624 7988 8015 9702 9642 6514 8196 3925 2652 4835 7228 497 7192 5313 7173 4359 5249 1322 2875 6714 177 3630 4817 2784 9477 1694 6941 8449 4066 9985 9915 1505 4029 782 3023 4465 229 514 1001 8298 304 9156 1622 1999 3391 1727 9499 8770 2076 6846 2465 2265 1695 2277 6993 6680 6735 7599 2681 8637 2689 1292 9178 7624 8372 9198 3138 8749 5803 6992 842 8685 540 2376 1369 3196 6441 6575 8277 8397 5577 5505 8521 1300 8642 8120 4422 7132 937 4167 5294 6811 4274 8607 1758 4498 1584 491
99 8375 1702 7728 4221 6516 9262 755 6265 3772 9176 1338 4061 1901 3084 980 9656 79 3791 898 7819 1078 1964 371 685 8723 2521 7654 3918 4781 3514 4776 4707 5001 6858 8254 9749 6749 14 3611 3738 4719 2229 1867 4036 320 4725 1921 2238 2025 9438 3742 939 3097 7837 1471 2626 8952 4142 1814 5800 4120 9710 7400 5279 5796 6778 9029 435 615 9086 1386 7080 1041 8257 565 6090 1799 3338 820 2476 1639 2060 2174 9645 9745 879 9509 2852 7567 2073 7653 2639 4435 5013 730 8756 6159 7810 4386
95 6282 1200 7508 4298 4045 3626 3554 7054 3868 9863 4977 555 2451 6679 2152 8266 4504 1940 9728 4062 997 7348 8144 9867 5896 1749 6637 7432 1645 9379 5980 9245 5576 7995 4185 3751 1879 6750 2818 4554 1188 224 5829 5783 5834 3477 3643 5337 961 4133 2410 3125 8062 5933 667 2425 1306 8818 5023 3015 6635 9626 8110 8981 1688 6385 6510 891 1785 5556 706 3760 8674 1227 6969 3501 2647 2153 2427 6439 1037 6412 3512 4252 9757 4264 3504 4596 5912 919 8820 1425 3734 645 3577
93 8912 4082 4673 9035 6427 2762 8105 406 7473 1762 2578 8622 4987 3705 9987 3091 2714 9590 445 3340 9407 2192 8876 2091 5610 5643 7214 8941 9171 612 4994 6837 2577 8232 9049 7084 5915 1972 9409 5059 5425 8479 4300 5806 6373 3062 9771 1143 6311 1626 7096 6715 9517 2343 6766 8099 8973 4442 7125 1290 7100 8553 5885 3003 4610 7640 4211 9519 8691 1426 8616 5559 5350 9177 6079 3444 9426 9383 7601 2473 7923 8199 8443 2815 1911 8096 5877 8548 2574 3618 4387 3367 4081
82 1886 1185 4358 3230 2273 7162 2517 8847 8801 6327 4551 6132 1388 1291 745 4852 3964 3548 914 6355 5314 2822 1704 3447 9004 7007 8591 1310 3476 8960 1377 6615 505 3191 1556 7224 795 2203 6536 8617 7018 3560 9128 59 2821 4630 8073 7522 7902 439 4526 695 567 1977 2837 1335 8194 1784 2319 6614 7767 4531 9281 8438 4892 8639 9162 3962 2019 2645 3213 3694 7212 9368 1119 3544 6169 974 7513 4542 1379 4208
92 5217 2165 3692 7070 3292 8768 9782 3445 4216 1537 9016 4025 3878 8581 9935 2359 3235 7154 3676 1979 6814 7240 8476 2514 1636 1990 2054 8014 6226 359 543 3388 7193 5786 2243 3735 5142 7877 393 9792 6307 9711 1221 1499 8525 8835 9358 4092 346 2711 336 2338 999 3356 5688 3978 3632 3805 2735 4857 835 6622 9444 7398 2772 3105 855 9989 4011 2483 8939 9343 3360 4234 1538 9803 5195 9876 4963 7264 2679 3361 280 7818 2691 938 6139 5150 1134 5253 4089 9466
96 3608 4954 4407 32 9884 1132 9260 4667 9822 153 7925 5889 482 945 710 7550 40 8299 7627 4251 1403 9258 1516 4665 5728 1325 3093 6254 8370 5261 3848 3880 2971 5095 8799 3990 2836 5754 8557 5187 4399 580 4280 7167 3047 633 8133 9493 7694 9579 8969 9495 9707 2800 6771 4441 3100 6161 4508 6493 8910 722 2716 2391 5879 8417 7827 9092 521 7451 1099 4165 4374 6428 824 360 8403 6753 5329 5672 7027 9860 8586 213 234 8026 414 3507 5418 6594 3910 5527 5529 2195 6927 2874
100 165 4295 3362 925 6748 6648 4771 4246 1408 3467 3094 5951 6870 2877 2072 2617 4593 7985 132 7528 5697 9608 7312 9109 6762 894 9604 7541 257 2611 2346 2990 8657 6964 5073 4509 2071 9373 732 2298 7060 3421 9657 3552 9406 726 4052 430 9268 6885 7516 2099 719 8700 510 1014 6949 6620 9564 142 5489 5092 8964 1215 1444 2998 9796 2622 1423 1345 8360 4990 450 7576 6617 5183 859 7951 9693 1916 2155 250 9311 7434 5370 9732 621 8894 2589 2807 5495 1618 7983 6339 2460 3448 6587 5368 3612 2834
85 6630 9907 6821 9532 9319 1035 7742 1380 5920 2552 55 4788 217 6914 6671 4134 3133 3911 5049 9271 7478 5126 2844 8246 2380 101 5726 9248 3642 9953 1576 4964 4550 2417 3937 3206 7906 7651 2895 4805 8455 2250 4804 307 8060 725 3058 3874 201 8362 226 5258 2966 4449 9981 4071 774 7539 9779 9683 5862 3634 6024 8054 6120 8594 1726 1097 4204 9646 903 4523 8675 5899 8494 5949 8693 650 5127 5121 6480 6095 7089 4763 9890
98 9505 2583 3001 8363 3300 5596 4434 3247 9284 3364 7202 2568 4595 7246 6403 844 6844 1142 3053 7621 6522 4582 1094 6085 5282 1682 4113 3675 2670 4166 6985 6245 5483 9107 2299 688 8311 785 1968 4751 557 2217 490 1421 7495 7223 489 4770 6152 9671 7079 4072 8333 4712 5910 7326 8153 6950 1144 1706 6463 4002 3689 4647 7449 956 8032 6760 6639 3830 6083 7045 9765 7237 2902 1328 4978 8903 3671 7390 8871 6402 4283 4344 4297 9334 3147 9853 5145 6921 5031 9018 2327 2490 5580 4541 1725 6456
93 3559 840 287 7444 3330 2604 9440 7771 1612 3855 191 4848 6332 9908 9173 8179 3042 9553 511 6365 2584 4496 5897 5522 1843 4146 6691 1497 5396 2085 512 6363 8217 405 1043 5513 8734 1913 7723 8281 6455 9456 6813 3795 2061 1960 7961 8588 4356 1181 4121 1427 9970 7339 1852 211 6225 1848 221 4618 1939 3289 1434 4352 5767 5074 9777 9120 2079 3424 2143 857 9330 6763 7236 376 6061 5046 4102 4243 9355 9250 1719 4895 9287 1919 9475 1496 5667 5210 9766 7932 5391
92 8102 8282 7280 1583 1935 3788 7986 9592 7241 7277 4534 7033 8187 5695 4746 1166 3272 3713 9928 9740 3054 7065 9911 4999 5050 8947 5417 259 3528 9146 420 5123 8444 3491 848 9091 2591 5269 8422 1446 637 7030 3317 571 172 8513 4539 1219 588 138 7261 2633 4257 4638 9594 8741 9234 2768 4332 3924 317 1376 1024 5753 616 7344 7028 3215 4677 7252 4679 1033 8127 6684 1409 1068 7362 8469 1885 3968 9810 9540 9593 4762 6076 9610 5602 7749 8390 472 6180 2797
90 5094 8560 3699 9378 5099 3161 2317 922 1683 3349 9140 9551 5887 5798 8929 6270 5078 1272 7118 9573 1108 4164 9941 6475 5051 8280 2302 772 8517 2270 1954 3050 2271 4233 2889 1511 6027 683 291 6512 2842 1654 3440 1855 1997 4720 589 773 1308 5251 4288 4695 156 2313 6284 237 856 3311 3724 6727 1165 2365 4598 6289 5752 6777 459 8523 9827 2728 973 8484 4084 4973 1833 1797 5945 5441 5457 8955 7895 7909 3131 1895 2896 2987 4513 9019 7582 5967
90 6544 1823 9478 5972 5736 185 9545 7715 8600 1323 355 9042 7031 8748 9084 7000 6931 2677 5135 9076 9231 6184 7632 1366 8380 8163 3960 7460 6726 7684 8826 3737 2682 49 5224 3816 4027 3569 9976 5650 7615 608 2395 8499 7490 749 1924 741 4426 2648 5760 1239 6915 8452 1566 1368 3070 6304 4150 7835 9164 9622 2147 6787 2932 9266 9910 1668 2865 4050 1709 8432 2696 8687 5414 1640 4077 892 1902 7666 8715 2950 6185 5144 4104 4184 1541 3031 9249 6277
93 2833 7583 5143 7510 3350 7966 6187 3748 9641 1481 7546 5298 8089 4649 8233 9663 9978 9996 7340 8265 657 6335 5295 3648 3846 2170 1912 2777 8758 2047 8694 8968 6056 1603 9498 2992 2544 1801 7407 5422 3036 117 3627 188 5543 1953 8463 8908 3761 8638 2829 7152 7972 2315 8878 6312 883 6910 7250 5384 2063 4933 7603 1350 428 442 5436 8343 4971 2178 5490 3948 5924 425 9102 7622 1110 8211 7775 5818 1994 7855 1914 6597 6166 1087 2522 1178 5627 3160 5463 5030 5226
99 9794 7876 2189 6623 5501 3598 7557 6919 8976 8067 9589 6400 7207 541 3620 8330 2660 9297 6655 7026 771 6818 6808 6734 7403 281 3653 9399 123 5365 7114 5744 2464 1596 2537 3204 8207 8901 173 4090 818 8706 3048 6923 1660 7067 4494 2766 5229 9434 760 9506 9533 5093 5615 4414 4106 6971 4458 7150 9346 6851 6595 4058 5428 6092 3651 5608 598 3037 3505 2161 9647 5805 3679 2754 7714 3393 651 2888 4825 923 3459 680 1467 8350 5355 254 2991 4292 4645 2506 9870 9555 4584 458 2508 352 599
89 4489 223 3666 885 9819 9429 3389 8027 3135 7417 1965 1336 9059 6944 6859 1438 2999 3060 327 3691 7391 9979 1330 6241 5186 3565 6696 3233 1870 8762 4787 8174 4774 4785 2823 3672 297 1620 7796 8676 4456 869 7729 2400 4477 199 2826 3306 4572 5484 3590 3243 2832 542 6234 4286 6765 5542 3188 6109 444 350 4059 1151 6199 9811 8262 1483 8906 9887 2067 6666 4943 1457 2981 1951 1020 8809 9931 6038 2179 4918 1445 1816 1083 6484 5799 9951 2864
88 6399 5568 3828 4710 9705 60 7686 8529 1562 6315 7947 9518 8774 8515 6497 6401 644 1157 6570 5469 42 8364 448 1298 1400 6450 1231 575 2424 7788 6569 9689 1146 5149 2269 9470 7215 1314 3275 7329 1533 5456 4343 917 5472 8569 6481 872 6968 4585 6520 2983 8226 4012 4324 4650 9844 6557 9095 6861 7443 8039 4832 646 1982 2484 6842 1837 6232 2906 2065 6909 5358 5156 3137 9527 8132 6029 9570 775 6102 4815 5762 2940 5819 1574 1803 1161
86 3443 4566 2051 50 261 5158 7532 8565 4091 8813 4329 2726 4820 4130 8632 6305 2123 847 1670 4614 935 2219 9621 102 1676 7072 398 8971 7290 5064 2698 3686 3681 8803 7360 3471 5325 4631 1357 1331 5613 3194 6606 2901 6624 3503 7921 6838 5539 4519 3114 6756 6996 7848 2962 107 4658 1589 4912 3481 9487 266 6698 2719 2651 1757 4620 1488 2663 9767 1936 3380 3980 5192 8487 713 3499 4302 6150 4007 4394 3307 4500 4242 9795 6047
93 4259 7061 9643 7862 6689 2448 6202 5956 8836 5137 8833 3704 1588 2032 6862 6627 744 4520 8097 8008 2082 1179 2775 6641 1565 5450 2183 5811 2420 1355 9184 2221 1625 7392 4800 9502 1492 7292 5775 2532 7843 3337 80 385 668 3043 330 6712 5017 7637 8109 8775 451 6004 4706 5424 8167 2894 5642 1707 5825 1699 702 793 1560 6208 5171 6965 5635 7049 4162 3354 270 7610 714 9614 2156 7753 110 6384 7636 6133 6908 5721 495 1398 1220 6586 9946 7081 6788 119 2570
93 1318 9331 1329 8031 1571 7106 227 8255 8205 5173 4617 4 5549 9986 2296 168 4238 7008 4606 8326 731 3397 8514 6488 7852 8759 9402 8291 9345 7373 6681 4191 5918 8462 569 8198 6945 4319 7503 8851 5662 2306 9405 6447 643 2049 8263 2873 5966 4882 4759 5162 9862 4241 8178 6829 8221 337 5056 1128 1653 1817 1567 8352 8185 58 9052 1288 2089 9207 298 3929 1182 8267 1038 3029 1375 1821 7148 1738 5947 5959 7196 2447 4116 6040 8602 4196 3399 975 6394 6100 9364
96 5821 6651 6855 3136 1387 7056 4009 3463 1581 5520 8240 1210 8361 5485 9032 5843 282 4644 2193 9718 3331 4287 113 1500 4993 429 5416 7896 417 6136 9588 1049 2710 4799 7429 1824 7011 2001 535 6116 7249 4682 7281 3205 9241 911 1926 5777 3020 4417 9701 5857 3785 7222 946 134 2914 1054 7758 2924 2602 5394 1337 6731 9508 3771 4317 4365 5716 1171 1776 2211 3496 5267 4573 161 8629 2106 9541 4086 5948 13 3010 6496 7494 294 6233 9859 7146 6331 3000 8589 4611 7332 6926 6809
92 5579 6654 5234 5595 1004 5163 982 8761 7103 7897 976 476 5179 3603 8244 671 9108 5400 1070 485 268 2788 1317 9376 9202 4141 8050 5009 5088 8042 1593 5333 2916 8069 2922 1956 5471 1274 4530 6946 5266 322 4693 9314 8961 6203 2367 5327 5366 2314 7232 5976 3502 7803 1898 9226 5303 9521 4270 4648 9025 1050 6341 9085 4373 53 9204 473 8938 3305 6737 1460 7139 4502 8590 9668 4492 721 6830 3126 8491 7310 12 6039 3327 9283 6571 1411 8157 1236 260 4982
95 7812 8623 3955 908 568 2661 4850 5297 1859 1767 8724 8508 4021 8543 845 8195 610 6867 9152 2044 6602 4601 2913 7286 1029 5415 262 4927 7838 5339 3308 2407 1333 3163 887 6498 1909 62 2231 3462 5651 4293 7648 9329 6044 2453 1202 3628 8870 1372 9055 1332 2255 691 4969 6538 6042 9278 6115 9965 3187 9497 9547 2358 1186 9252 2722 803 2237 8538 7920 8577 7225 1866 2878 4003 1418 2520 9153 6868 3181 622 2828 4268 9367 1604 2650 8011 7716 4152 8805 9717 179 6598 6405
99 94 2357 7608 5290 3223 5112 4830 5657 9038 5823 9924 7120 5729 2613 5794 6650 3378 4224 1392 2805 1353 390 4140 6196 7454 2190 4483 7978 6260 4038 9365 5678 578 5323 4578 4514 5302 3823 1217 8457 8562 5647 7441 1472 6683 3702 6391 7147 3708 6419 8889 3945 8084 2845 8585 9490 9739 2234 6002 1361 9688 693 3458 6865 9472 830 1044 9752 5911 6190 6371 3346 4841 69 9972 3685 520 139 7935 313 9172 6491 3739 2582 4837 692 8993 1216 2900 4827 736 2092 897 1549 2897 2350 9557 6653 4569
95 7807 271 3810 7144 4044 5335 290 833 7575 5570 7701 6291 4840 3312 8516 1154 4000 7764 2164 3984 1789 2122 2680 2459 6154 7387 2159 6408 4275 6799 6611 9318 5660 5411 4536 5002 4122 9422 4836 5488 8366 3736 7309 4641 1417 9216 2868 839 1296 5116 9443 2920 4552 5852 6940 2353 6268 9459 7722 4972 1690 9669 6963 9070 2436 6916 85 3624 9371 1354 6877 7585 7062 4475 1650 6542 8547 682 2366 5103 8733 9773 6442 8900 7366 8670 9296 1170 5205 283 7948 8696 4218 5700 6054
95 8436 676 2055 6722 9093 6534 6048 3963 4950 3183 2870 9403 4524 3975 4175 3832 4172 9303 3274 3711 1763 9684 3430 9631 1490 3328 3857 5241 7815 1277 6108 210 2257 5904 1659 5827 6751 9755 4518 3905 1057 9917 4615 2204 3376 6770 1102 708 4838 1469 8740 1631 4464 1932 5433 499 8953 6259 1804 7052 9194 5587 6668 5157 8720 3558 1021 9227 7899 3236 3339 8884 1456 8726 3812 1732 6449 1127 7720 9919 6413 3246 5434 6591 7890 1718 8216 717 7879 5413 64 2799 9651 2344 1597
92 9273 9542 8735 7427 4884 8396 581 8838 6890 9425 114 8636 8763 2351 884 4877 5997 9577 5769 3815 1056 2224 4750 7075 5107 5621 1884 6389 127 5221 7361 2168 8151 1431 5671 5994 3158 245 6066 6565 9568 6998 5089 7338 4060 8661 5925 4985 8792 5731 5148 7674 1908 2151 8493 3884 8440 187 1233 6918 4540 9635 2105 1878 1155 979 6800 6286 4997 8184 3129 5582 763 2138 9832 3249 4309 5296 5197 6896 5935 3753 2244 4325 2957 6093 4847 4155 3268 7829 9458 8927
89 1554 4996 9274 734 3256 3453 3162 6392 2912 6181 4109 4691 6325 5168 5906 6977 7129 8429 4951 6634 4704 5593 233 4624 9186 1930 5965 7798 4197 1519 3478 9791 3382 6999 378 4533 295 5990 8000 7616 1641 3483 1687 454 7197 9849 3025 7287 8381 3279 8531 9246 2329 8037 6663 969 7165 8596 8160 4922 6149 1276 1532 6605 5883 933 8575 6025 7563 4521 6069 3986 3468 7479 9119 7424 5764 9897 852 5211 9784 1510 2744 1413 727 3776 1966 492 8827
96 6424 7644 7520 7885 7699 9768 1724 1535 2594 1579 8353 6803 9028 924 8369 3965 2955 145 601 6943 9584 9141 3426 4392 4688 1022 9125 121 7440 2794 5055 2452 7317 9285 5151 4176 6531 5837 4411 2249 7265 8582 9007 3142 7881 6407 3885 9325 1646 5326 3778 2013 8439 241 5867 5330 5856 3212 8563 9185 638 7613 3173 202 1086 8303 9387 1962 4018 3902 3923 770 6269 6322 9686 6444 5656 1172 5300 8627 3335 3195 3758 7051 5284 9041 9408 2467 972 462 2977 7256 146 381 2724 7122
98 6970 8373 783 8312 3402 2730 5797 105 112 1150 8274 7278 5322 1614 5412 561 3697 7328 7908 7467 1312 4603 2491 4666 1806 3454 2097 4371 7847 849 2674 1320 6112 4189 8610 698 2116 1081 6561 7794 6711 5858 171 5230 4111 3915 5 7620 2751 2616 6732 4616 4961 7882 9081 5167 9788 4459 9158 2409 1607 5435 9667 2309 8129 7257 5110 8931 8070 1395 6610 6316 6200 7347 7800 901 7294 4163 9538 5131 8535 5476 6905 1931 554 3016 7971 985 3336 8223 2881 1000 9546 916 6745 7880 1443 2952
99 6607 6381 8045 6956 2882 8022 9341 5407 9780 7667 9357 5901 4886 1863 6934 7325 8166 9272 4689 5724 3253 7846 125 9797 6548 3837 5085 98 9187 4014 9703 3134 6705 4452 6812 4686 2713 7380 312 5255 4088 8327 2021 4607 4749 9950 9944 1327 4854 4367 2056 9559 2631 537 4219 5468 7138 3747 2525 7133 7414 8902 5061 800 1205 1424 5215 212 790 545 3128 7507 2795 1819 5928 2083 7374 8736 6374 8323 7201 453 2342 8090 5822 5097 9879 9348 4073 1991 6889 796 669 5169 5060 6397 5981 2876 9660
99 3299 7912 5307 3298 3487 1665 8158 7363 5963 1882 4214 990 3720 6458 7709 2965 1530 2907 2374 4182 1159 8250 2042 2393 9026 9744 6043 6276 2708 3677 8663 5486 9652 1343 7435 9189 1638 3407 2475 9181 7652 8914 2303 4946 7745 9534 4105 8454 6913 6189 6646 6063 6415 2411 7181 1012 8978 5626 5182 3343 5133 9339 8461 8634 2915 665 412 7580 7450 8526 5873 1780 9299 2553 3768 7724 2253 8086 8149 6454 8923 9785 7595 2335 3220 8880 5140 5574 1502 9073 5779 6148 3170 325 2529 1080 3537 3470 9501
91 3800 2969 846 8766 6580 7131 7687 4020 9212 2960 9816 1113 1435 9344 8203 9699 99 2023 6037 422 4017 1399 4934 9840 4988 5040 1162 8435 673 164 238 9865 7949 6893 2923 3039 2562 904 4744 4123 2554 4384 8101 5160 5080 3531 3321 9375 4446 3182 4537 3101 6807 6558 2504 4210 9937 9451 2943 8222 8121 4342 4634 9436 2002 7639 163 2339 5320 2646 8619 7754 5741 8684 122 2817 8869 480 7260 8315 9681 5048 3417 1963 6483 8943 3853 4844 7316 1319 235
87 9799 7581 2018 6302 5354 3792 8614 5554 8672 1887 4642 620 6888 2176 2563 6500 1148 335 6124 1526 6388 9537 7247 518 8126 6694 4421 6841 5766 954 9317 9149 2528 2566 9696 8992 5225 6071 977 1752 5275 8967 5231 111 6667 9805 3341 600 8987 6022 9239 1416 8583 2750 2210 478 8009 614 7474 9746 3852 3981 8492 7570 5069 662 8278 5666 9094 2790 4772 3435 5942 6323 967 9725 5550 4722 7016 7781 5392 1371 9967 5523 7101 1267 7273
91 792 6675 6300 4103 1396 1949 2275 9787 5781 6882 1175 3189 1389 76 913 4391 8001 5120 7969 2694 570 8169 7782 8794 4245 4326 5745 8413 9615 7014 8359 723 463 9205 6021 5878 6489 2665 3077 659 6789 5317 7573 3171 2148 6342 9875 6555 2843 9240 9650 8862 7483 6836 8633 7422 909 7537 7104 2119 7845 9063 4100 2792 2375 652 7590 1508 670 5555 6535 4256 9609 5718 3871 7040 8578 6549 8739 7805 2169 1947 9882 2157 1790 400 7268 948 9510 341 2634
89 5045 8004 9147 7572 2982 394 586 3790 3286 6721 7019 4040 2078 5841 4936 9030 7003 1845 1980 4574 7163 8146 8559 5917 208 2434 2284 3167 6552 3032 5986 1065 7677 7630 6709 1648 8556 5478 6802 5816 3687 3678 3932 6372 2124 469 9873 5692 2984 1432 7155 2081 8419 8667 5393 4381 455 9901 4547 6246 2641 8882 1246 7607 7840 5694 7628 6467 7110 8527 7314 4289 2571 1700 9770 9753 1301 3079 2756 5201 5439 5265 2354 3273 3201 8293 7515 3427 4451
94 7692 8071 7558 3144 564 8465 806 873 1250 5866 2191 8324 1262 4472 1634 2384 4127 1069 4232 7327 7577 7945 6349 9304 1173 2248 6324 5019 5644 3056 7836 8287 9948 3 2936 6431 181 2323 9 4032 1002 2144 9292 6900 1482 9267 2386 6677 7183 5196 377 1232 7540 7258 654 813 1876 4768 483 3864 6975 1967 3706 4341 7888 2022 2858 739 3997 4560 889 246 7291 2941 2721 7371 1433 6894 3178 1647 3721 5941 7934 5645 7746 3977 9574 4938 8271 5214 3879 314 1543 9697
85 6554 1 4461 7298 8765 5971 3567 1373 182 3729 494 6729 4180 1051 6806 3718 3766 299 4816 5552 4370 8341 1351 587 2133 5247 3826 9804 9733 3006 4911 6629 3949 2009 5851 6378 2094 5705 921 8573 4622 1011 2587 8013 9200 4306 9977 9936 4129 3422 3024 9067 6087 8641 1249 4368 9991 4160 927 4203 1918 8294 5515 3051 3186 4914 272 831 3869 4887 8845 3889 6499 3938 2 7839 970 6336 3906 3973 8846 8677 4101 9321 6211
101 3375 6081 6994 3763 9462 9722 8030 9077 8751 6772 7330 6176 3270 2328 6583 2944 7806 309 7349 6303 2017 4834 7323 5654 3408 1644 3899 5041 8624 7331 5589 6318 6214 9881 7905 9225 4095 5730 559 8389 9945 8228 5223 6928 3546 2515 640 9031 7002 3242 395 6165 6479 648 3061 4753 1733 7322 3035 4913 3674 8579 2725 5637 3802 2348 1858 8007 5053 6134 8095 5204 4867 6051 4580 4605 3979 4235 3982 2462 942 2276 8895 3909 3759 151 5406 5916 9769 9323 4909 9934 8572 7568 5983 6213 8038 5603 983 1872 1633
91 8156 981 7386 2419 1998 149 7426 9586 5063 6155 1865 3655 7551 6117 5776 8519 7022 2964 1285 4793 2898 5689 2069 1229 2495 6794 7379 4445 5376 5633 2863 5870 2904 4096 4080 4395 5934 5479 9909 1937 5027 7046 481 1356 4956 9848 3082 2356 5713 9988 6665 3209 3926 6074 5606 5909 740 3583 6881 8940 18 2567 7012 966 5605 9847 7410 3722 1925 8052 5405 5734 5765 5382 6866 2835 6769 690 2181 1436 5648 7833 4240 7389 89 3115 4782 8524 2394 7740 8849
96 9905 4282 4683 6227 3867 2573 3326 4273 8574 6379 3819 137 4385 1777 6997 2801 960 8959 8077 3041 3638 8587 5292 597 8460 2781 8227 1600 2755 9968 4826 4998 1360 3033 2697 91 169 1874 5243 2668 5763 196 7020 6898 9308 190 8409 8982 8645 7574 2381 8603 4290 1550 1106 5351 4178 6584 1453 8707 815 6937 2186 3012 7477 2974 7773 6613 2422 4409 9255 8309 5222 6507 6930 9008 8877 6127 8732 3530 3066 5742 618 407 4959 5306 7076 9569 3732 7346 5973 2003 4335 3044 5281 8998
95 1415 6825 6018 9571 54 1451 6511 374 4806 6364 8542 3593 7854 2659 7863 7365 5960 8416 9706 7589 6974 8620 3894 3921 2301 8442 4336 4278 1834 6059 1897 5194 6780 2142 2036 3168 1585 9068 1552 4126 6026 30 9828 7415 9904 9679 5375 6340 5362 6350 9338 4401 6353 4908 2565 5342 5719 5367 8665 3395 2011 8704 5408 3818 9925 3585 4230 7664 4549 1961 3803 9174 5245 5978 2883 383 8699 8975 2261 8305 5583 8175 9421 1125 9776 4476 9658 6572 2370 4318 1194 8357 7658 3635 6527
96 7135 1904 7262 1191 1517 4028 733 2803 1685 3601 3117 6752 7393 9835 3332 7487 1826 9874 1442 4226 3055 548 811 7117 5274 5237 7851 143 888 277 8608 5293 5379 5018 9809 9286 8288 5876 1944 8612 5553 5891 7548 8058 3013 52 4316 5872 7021 7802 928 8595 6562 5012 5491 6188 8135 4507 4726 8970 321 61 8 4935 9716 7734 2110 7368 6104 4923 8336 9328 7744 6262 8737 1542 7797 8825 6334 2268 8351 6982 944 5849 7965 7778 198 7655 3543 21 81 118 1788 2005 7419 8264
91 7872 5801 4866 215 7501 9899 7359 6250 1160 6143 2368 4919 6936 2643 5880 8148 6764 560 8451 9398 1712 8458 6742 9998 9758 7571 1487 1326 387 7633 2561 1061 7492 4186 4382 6045 6747 4276 1561 4026 7629 6140 5165 9761 384 5788 3951 4174 3456 4975 1137 9491 2377 9898 2926 9001 4049 1616 3384 8382 9419 6669 351 7486 1830 4313 3882 5850 8404 984 1760 1791 5437 7700 2893 866 8049 7695 4992 1293 2077 4789 9821 9307 9089 3175 7300 1348 7227 6229 5090
101 2860 8800 7587 7491 5459 5152 7588 7190 311 4215 207 7883 6835 8810 5536 6094 2910 2973 1615 4553 8302 2656 1820 433 9512 9326 6354 5189 3323 9193 8839 3302 2098 4314 9480 1772 5845 6933 1275 363 7171 4812 1018 7085 5492 5639 5998 6238 9653 9423 5388 4948 475 5984 5404 6902 9813 9474 7130 3756 4828 2657 3644 9021 2432 7959 1370 627 3316 9676 8659 8392 1226 1437 8690 2628 5982 3961 1747 1452 6929 9136 8653 8377 4984 1315 5410 3254 2704 7102 4279 9457 6430 9161 3563 8040 546 6704 6887 3281 4093
85 3139 7039 8088 6576 5510 5824 746 4156 2146 9392 4473 440 7790 7730 2979 6290 2281 5931 9729 3594 1047 4855 2101 8950 6361 8649 5551 5310 7203 4729 7 3049 4921 4351 5343 70 1256 9435 5512 1546 1841 5780 5735 2232 5835 8506 7245 1708 7431 3355 9393 4925 878 468 2404 3934 84 7766 4576 5118 9064 2880 6330 7231 4575 6954 7933 2851 2487 6706 2867 861 678 1580 6532 9920 4415 6201 4669 4144 423 5444 1689 6911 3529
90 4916 8076 2767 8752 8654 3141 6135 742 7942 1176 1656 5985 2918 9388 4041 675 8191 3156 9397 9531 2297 6795 1941 8534 7989 4891 9856 1602 807 1558 4147 2352 3914 8719 1419 1440 2046 7319 9099 6264 5426 2644 1072 2336 5693 3283 4953 8729 2093 7609 2396 871 5447 2274 2549 2627 9575 37 9238 8671 3022 5336 2614 8474 8063 1754 2692 1675 6089 4430 8956 1485 5727 4660 8532 9116 6644 4831 5809 9818 2769 7911 95 7090 536 7763 1362 4731 5498 1827
103 4532 9720 2057 334 8383 2446 3143 4920 7952 1009 2321 8224 2536 4487 3571 82 5674 6625 1034 7678 2308 3936 8165 8791 1720 6084 1245 5399 4299 6106 9264 2743 7095 7992 8764 7189 5649 2095 6875 7990 8005 9135 9891 9182 3266 7668 3690 8879 1761 6820 4760 6754 864 3090 9115 1450 8951 9037 4955 3825 509 1692 5305 1257 6020 7324 5995 3159 1303 705 6338 3854 6114 1030 8447 340 7191 5043 5270 3807 5943 2523 5892 7878 3011 5086 9673 8840 9087 2212 525 3294 8537 3377 3260 3112 2482 4438 1204 6869 3199 4741 3148
103 3345 1551 8753 5081 4740 7514 5514 9709 9730 4986 5475 5039 2695 5308 8332 7367 8170 3428 7266 1764 5271 205 6672 5638 7950 8988 3492 9201 7086 487 5477 2485 2472 8511 8512 562 2325 4337 4112 6863 2031 9265 338 6647 2841 4794 8433 3096 8490 1722 9975 4730 5083 6981 9424 6529 1907 150 2439 4947 176 3609 6758 466 1079 754 1723 3623 9695 5999 5711 3078 1873 2712 4486 4737 1674 2551 3775 5032 8946 6130 7889 7433 8713 65 7113 8655 386 1629 7770 8208 5464 7671 7850 8209 7547 4254 6328 8441 2088 35 5962
98 6244 323 8779 7059 6171 3891 1023 4267 8728 7824 9088 8016 1917 2421 3858 2208 6901 8143 7867 5122 6673 7913 7777 3400 7680 9692 7922 5134 5844 8597 7860 3264 8437 4345 6773 3784 576 3007 3165 4662 7069 4440 7555 2816 5690 4968 834 4727 1263 4876 48 1915 7204 1896 6453 7145 2406 533 7787 348 7821 7710 3373 3897 8536 8180 4512 6437 4447 8091 9916 4932 7733 3198 1007 2938 1822 7861 9230 1237 9166 1473 1177 2519 7887 4808 353 1299 5028 1268 3715 4249 5578 3725 7388 9006 1071 3636
94 3303 3347 1950 6321 231 6426 7303 3234 2597 133 3524 8643 6275 9513 4056 6643 2997 5708 1568 6482 108 2024 7315 1900 1624 1608 6360 8220 7186 4145 8698 8186 2533 7136 3371 1595 9080 6560 1869 106 593 9040 3285 5500 5743 2272 3104 56 1503 8945 449 583 1743 7384 6682 1854 7900 5129 906 8155 7638 2041 5208 5926 9082 9210 2773 9878 8746 8669 9661 4872 1847 2441 1881 8782 3774 2505 5324 1230 791 8948 2474 9401 9000 7681 4085 5446 629 7275 1428 8709 431 5291
90 4139 2369 4672 3046 2931 5361 7269 7643 876 2560 6761 9034 4307 7032 4143 1158 7523 2373 1381 7533 180 8863 7064 8789 467 5782 2488 184 5102 867 6609 1480 5658 4579 8012 2592 8252 1903 2080 3996 9973 5068 4064 7953 1283 524 3522 1905 4202 9400 413 7448 1933 2579 4074 9855 3120 9735 2220 8173 2012 9947 4248 8507 3154 9714 1575 2235 6506 9578 2700 9724 7560 6473 8023 1265 9854 6755 3587 7219 3989 3334 9515 2793 3193 5067 6608 9197 4005 8652
90 3728 3277 4046 3329 4721 5528 1976 6138 2600 9520 6281 9228 3525 8464 626 9585 9522 4944 9861 9731 4455 9613 4258 3511 5233 2976 6952 8025 656 9144 9807 2006 863 8896 200 6508 7042 1264 9846 9664 4545 5770 632 3203 5630 3604 2225 9324 9539 7711 4709 9072 3762 436 220 7842 5470 4366 3988 4556 3764 7919 9484 2995 3325 5338 5663 8236 9347 661 8041 1794 8470 9361 2387 461 1544 3952 3564 3500 7747 5601 9962 5629 9921 6443 7506 1401 8481 3615
97 5461 1295 1514 8125 5328 2304 5722 4199 2988 2130 2074 3482 44 4929 9391 9431 1088 9305 7525 5617 4157 9801 7107 827 2687 6839 9340 1809 9637 1116 7866 9843 8468 8857 7357 8937 9926 4099 8308 577 160 6101 426 9460 83 8066 4904 2364 8828 8848 3833 1745 415 2293 5516 9180 6959 5772 2580 4863 284 3296 6612 358 5611 1374 6224 6567 5087 2545 9581 1774 2289 4628 318 75 3579 9043 3777 8402 1570 4893 3538 7647 5545 9145 2053 1339 3439 7645 3793 8887 7801 9763 6566 952 653
98 4397 6935 2612 9790 2286 7071 5105 526 765 4075 3849 3315 3719 912 1042 2958 6664 3903 1378 4402 1840 6822 8949 953 3971 120 8423 2928 1716 7820 9483 6006 1324 1818 5749 1714 3216 258 5042 592 5612 3659 2288 4587 7006 6326 9942 9737 4849 7955 4265 9514 837 9463 4588 4600 4777 2112 3461 4681 9280 3368 2455 8510 502 140 3731 5714 5828 9760 3365 1573 5683 1755 6955 595 8635 2150 1606 8743 7121 5831 5341 1619 7029 9454 5276 5540 302 7738 6796 347 5838 333 3892 3657 9866 5299
95 1120 832 3972 7445 4403 8261 641 1506 1948 5893 9524 3584 8456 8019 6871 5646 8270 488 3252 5541 4474 769 5487 5958 6466 3436 6387 2209 4903 6445 8915 5759 7078 4591 8628 3278 5535 2426 2198 3650 2575 2294 5565 7928 4346 9315 1587 2226 7916 2625 3121 1577 6055 2642 7299 6417 1441 4301 6581 7216 5386 1649 1890 236 6593 9254 2107 3480 5679 7623 9680 8378 316 9958 3495 5557 6080 218 4067 2200 5533 1006 7974 4198 6464 9636 2885 5287 2948 9251 6661 6736 175 870 7750
90 8773 1067 8804 918 6272 17 3113 515 5508 7910 9560 9638 115 1742 9322 474 4529 6073 4349 3322 8162 206 1019 5939 5594 8488 1591 6119 4209 8771 5025 1273 9523 7481 5913 5181 8566 5153 5029 2251 7497 7238 5566 7345 136 7024 5170 5791 8899 4675 7559 4043 3169 4260 7693 5569 4937 2739 7973 1114 9815 4581 8570 9806 5117 1655 2569 6122 6688 9793 6578 9295 5923 7311 47 5076 3516 5128 4723 7244 7341 4792 4363 8321 2937 729 718 8755 3506 3245
93 1241 8983 5861 3991 1623 6285 9384 7295 786 3411 2607 8860 5795 38 4713 1627 7123 779 8201 672 4905 209 1929 7098 36 6989 7534 6551 8552 4098 2259 5908 6163 5007 1085 964 7068 7857 7830 1091 9957 5015 7760 6465 2479 4778 8621 7399 9129 1243 9723 8161 7765 7987 3455 368 8395 4183 296 3513 2620 8365 3998 9492 9565 9333 3922 6186 2675 4001 8192 416 1522 2215 2734 6217 6396 7333 7984 6873 821 5848 2526 8214 5453 5964 216 995 8453 5006 4949 5991 9113
91 1539 3680 109 1860 1454 6786 6105 9672 5715 8856 2653 8286 103 8830 2388 9160 222 2809 446 4718 8678 1958 6743 9310 4522 1105 232 8798 3318 2606 7940 3566 8530 1984 5511 1289 9685 6050 7769 6219 9743 1605 4177 9110 3293 1669 5696 5641 2401 5504 9353 9126 7598 1136 2590 7175 5895 3520 2970 1705 781 4775 7594 7169 1564 9301 6457 7706 4047 8656 8093 1266 8425 5585 8725 2412 4653 8046 3038 6034 9929 2699 7306 756 9628 6524 7406 9554 4055 5974 3779
