90 7689 5933 3990 9429 4607 2422 5077 6615 7887 955 2199 4292 8687 6993 9499 5465 6038 7776 1628 7682 789 5502 6300 5684 843 8376 7506 6225 2235 2680 3932 1873 6891 2433 463 133 9924 8458 4054 5074 1203 5012 4910 4501 9145 5250 1364 6945 1594 6448 8937 6687 7524 17 7138 6316 5924 1412 6548 725 957 1938 8840 5078 8424 2214 7875 2270 894 79 4156 6422 7348 1779 2020 9096 7557 7387 8536 4608 4220 5371 8350 2152 1403 4520 9182 3664 2712 1176
91 1409 6490 8816 8383 2473 7457 6971 5873 2890 4286 1960 577 375 5490 7725 3144 8065 9519 7992 9178 493 9018 539 9309 4764 141 7497 1461 7189 2005 2588 7513 3533 8518 7643 8364 9392 794 1668 1349 7569 6602 1123 1884 9286 8006 6655 5880 3858 8543 6508 5034 1664 9693 7331 5227 5122 7888 7633 8395 4524 9843 1410 5344 4645 9621 638 9617 6208 2284 8960 564 4829 4768 7009 6076 6236 4322 3343 6713 8025 7920 3290 7664 1064 4952 9601 8838 700 278 5456
95 7479 3807 7440 6458 6211 7897 308 6977 1151 6010 297 2143 1326 3288 4386 9627 448 6366 5347 6672 3373 2689 5858 8956 1150 9111 7389 9646 1139 4603 5757 6867 5741 1120 7632 8085 6051 4858 1105 9829 5834 4924 9649 7945 9871 9442 815 9240 7544 3110 3428 9260 6741 5053 6820 5294 2939 2058 8923 8058 7785 3753 5149 5267 9030 6417 3333 511 5835 8380 5672 3143 8990 9740 9822 3958 5726 2172 3913 5994 5422 9410 8352 3421 5977 9302 2894 6461 8669 9824 8057 3841 1019 3369 3255
96 782 1357 4174 587 1737 3552 5363 1518 2666 1283 6365 4332 6723 4703 9534 7611 6250 7352 4255 168 6707 4460 7705 5445 5302 7 7584 4865 3474 980 9142 3242 8915 3030 9002 9268 9956 7058 2302 7032 6752 3517 3078 6247 4047 7958 2240 8577 7596 3684 8566 2760 3422 1616 5218 1987 762 4428 1450 2474 3070 4238 1090 7077 6230 5926 4223 4730 9831 3253 7566 726 2287 1483 5106 9839 502 3224 8812 7124 7628 137 5488 8209 3386 1815 2252 5795 3896 1359 4818 2334 1351 6047 8852 6848
102 4309 2692 6637 3313 2 3900 4487 3976 9675 5088 7637 4089 8789 1161 6314 7614 1389 8487 6642 6656 9542 3694 810 8500 3770 2421 7083 1124 384 9422 3766 3507 4406 8858 2085 1017 5993 7599 2870 2127 6315 716 4757 5814 2832 2988 2613 4870 5662 2367 7322 7325 3735 4866 4198 7853 2883 6271 2508 7792 271 6695 4377 5796 9014 7148 6572 5831 6425 825 6176 1869 3285 1332 1696 4529 9536 8354 902 437 7049 1923 16 8149 8396 6092 6794 9765 439 6780 2624 9372 8056 4060 2439 3105 7672 7455 4040 4780 4563 9912
88 5685 2376 2050 1250 7815 2142 6563 9848 571 2262 4781 8230 3797 4891 6540 3275 9413 951 6276 6404 7762 9131 3768 3337 5350 2558 2746 8927 4537 8839 5001 5731 2877 3615 9189 7269 6255 3012 1021 8231 4940 5600 1580 5579 6298 7200 7294 1613 1267 6556 6747 2099 3319 7120 3765 3312 6262 1174 6464 1248 5337 2098 8335 4600 9555 9644 8867 911 5474 3823 6290 6405 6862 2039 3172 8488 2752 1006 7531 7253 8180 2067 5786 7523 9289 8521 1146 9832
94 5334 1595 2342 1591 3429 2530 8758 9950 6384 3584 5120 1979 9634 104 3317 8735 8982 570 9504 4417 928 4463 2358 8302 8108 4490 7764 9514 9239 2153 7385 4721 9935 5504 3342 380 9725 9259 4056 2148 412 2221 3139 2016 3606 954 3401 4555 5627 4671 1563 7881 5818 1814 7904 4627 7435 4898 5260 7519 6191 1020 4261 9508 7225 5443 1040 9709 2790 580 6433 9046 5436 4256 4062 8756 6488 484 9886 6327 1930 8197 9243 503 699 6079 2348 172 2301 6133 8262 1722 8796 3400
92 5331 2792 6845 14 7671 188 892 4950 3975 839 4655 8637 623 8604 5031 6722 86 6413 5079 5617 5759 3050 3849 8545 4592 3323 4805 8292 8256 2121 3399 1546 2555 913 2403 8716 3806 3758 7018 7576 9272 2114 6724 5692 2754 2132 1599 2066 8830 9068 2088 2307 2906 9932 1813 6881 5286 8174 7787 5958 4434 7969 8493 2675 935 5472 6589 1049 6899 7996 3004 1459 8456 5883 7454 7549 9721 9684 8096 7730 1710 4586 1482 3508 4604 7153 5394 7661 2437 6829 9332 5887
96 38 7190 396 9184 8172 770 7933 19 6312 2768 9943 4511 3732 9307 5652 3599 5475 5699 1856 4783 1284 9639 1772 6894 8325 5295 908 6387 3644 1897 4958 343 8359 1612 8199 1063 5276 6746 9530 9219 3166 4083 424 2036 930 9267 9119 5702 2323 5599 2514 8537 1981 4379 4193 5681 9122 5174 2781 8591 1978 3921 7228 2451 3216 7204 4544 4860 6113 419 774 9798 4932 5553 4578 4960 758 1609 4976 6081 7494 2973 2393 5185 866 3567 397 5953 5442 812 2866 6781 9326 5849 6109 1083
90 7413 7649 7831 6918 8744 6406 2638 3973 4245 2502 1519 5810 524 7324 3647 2499 4840 3083 7031 2632 630 153 3453 9964 6160 1484 5232 9889 819 2664 4588 7862 3345 9794 533 2885 4988 4482 3120 8009 8562 35 1672 7128 1068 8517 4184 3982 6455 7121 6274 5671 6216 5698 6764 154 1474 1568 5856 6219 3115 5111 469 2271 2040 2583 7462 3029 8074 5101 8253 1162 5268 5631 8141 2477 2984 2791 3626 5018 196 415 5802 9884 5899 7151 1502 6320 7797 875
95 7773 9733 3981 2981 8733 4124 6503 8709 7305 5826 3838 1385 601 4974 9572 7472 693 4397 1743 3154 8668 7758 2457 9136 8799 8974 6006 8700 7271 885 634 9547 9071 2006 5649 736 992 5197 8389 6906 9395 3754 7670 6399 8045 7179 5040 9191 2231 5487 8924 1716 7583 496 9624 7805 903 3304 10 3565 8491 1418 6792 3769 1617 9744 9010 8954 7297 238 1675 4624 2375 6954 569 1423 5204 9314 7452 8044 197 3129 8658 2568 15 5771 1644 9035 8311 4092 5211 9126 1805 3784 9264
88 8641 3028 3541 4316 7226 3477 522 6148 445 6515 654 9792 4826 2365 6426 4883 1972 4825 9073 4160 7207 6369 4567 7616 7272 8071 8404 881 8619 4543 3161 2104 4937 1821 3389 2696 1148 743 114 7722 9714 1001 2578 1371 6241 8565 8737 3506 4767 8851 5486 9919 8906 8922 1189 3258 5168 2206 2009 6270 5636 2704 4284 1480 6495 6947 8207 7695 830 6261 4247 6926 9419 3926 4679 4503 5405 1803 2242 1138 8772 421 3545 9847 173 2434 1840 2396
94 4254 1607 4813 4181 2744 9685 8770 4146 3404 3510 8158 609 1673 2561 7684 5004 5093 174 4737 2669 127 8454 3390 5511 52 4392 210 1237 7621 3362 5144 611 5718 6245 9731 5471 988 5215 9446 7098 5762 3702 1796 7337 9187 7931 3235 5807 6348 9161 1928 476 3747 2756 9488 9474 5358 9786 8798 7652 7256 9952 9588 1453 2999 5536 8439 4894 2778 5911 4820 8289 9164 2051 2642 3488 4262 2324 9951 2835 9902 8269 6363 1571 2383 8739 3691 7655 7800 9244 4474 5003 8275 9533
89 684 8235 8696 387 2151 5439 5366 8326 8286 4622 3904 80 899 1342 5669 8629 8114 495 9820 9152 9036 5190 3309 1625 1233 6815 7107 8330 7315 7575 5090 333 9695 3009 1811 6322 5546 1927 166 7493 1044 6566 5189 3834 4339 3889 5983 8279 9236 9079 8098 8563 9185 9462 6521 6116 62 356 5137 9811 7144 879 2799 5625 1820 8921 2594 339 3026 597 8645 4075 4815 7424 621 8485 1998 479 1684 2131 2570 6466 3855 9315 3249 4625 5303 314 4431
91 9123 8771 225 9868 1846 8623 5372 6958 4069 7301 2316 283 6061 4763 2234 2700 3292 6875 5229 2032 4546 5024 5526 1751 7214 9199 4899 7203 2688 594 6967 7707 1569 6398 8715 7400 2802 5459 1750 5594 9995 6751 3798 2673 5247 3334 5135 6151 8989 4356 3661 3897 8127 4579 5045 2795 2668 9552 5153 7836 3579 5787 7890 4079 817 2208 1408 6698 7651 3152 537 8874 2871 2102 7052 1147 7431 3205 8368 5806 2281 8750 4297 6159 4212 9493 9681 2991 5510 3269 8449
90 2010 2765 1362 5457 8527 1192 4750 2953 8622 3041 8751 7855 6807 9936 4445 3494 8362 6650 5588 5828 6673 6203 1430 8525 9067 1337 4307 5804 6789 1795 1645 1353 3145 5253 1905 6173 7295 9571 2037 4383 8202 4602 3381 1773 7918 3241 6205 950 3556 5259 9989 3601 8429 460 5245 8243 7521 8627 2096 7844 78 2494 8782 4920 6581 3424 8273 4172 282 8725 5948 359 4996 4049 785 4889 7395 8908 6956 6863 2627 9638 5325 5603 730 1677 1298 98 9934 7075
93 9949 8646 9582 3098 6324 6108 5186 4909 3935 2851 7317 8035 5297 72 8272 2971 662 5710 3448 3149 994 7763 3231 4569 9269 4811 6731 8213 9344 2913 8109 4769 455 6130 2103 4946 4994 8766 2654 1678 2384 2665 4539 5081 9535 845 3656 8319 8072 1891 1831 6157 4304 3906 8170 1767 8823 110 306 5492 8288 213 704 9767 6526 1738 7141 637 6795 7453 4868 7260 8101 2002 7314 1243 8378 6806 9929 3693 6933 7508 3969 4807 7985 34 2305 2798 2928 4620 5582 6139 7122
88 2825 1632 9255 7023 1543 923 2233 1096 1073 106 7848 8036 3095 4519 4331 8317 7784 4268 8992 8092 6485 2656 8103 5760 8410 4455 138 401 2515 4843 6896 4804 2786 827 4093 7418 2346 406 5940 2407 4007 2404 5986 2134 3822 9174 9222 4953 7378 2260 5776 5175 9790 4001 2265 8685 9428 9550 2919 4005 2811 1383 4134 2399 6015 3256 9925 6288 6070 1974 9147 139 2337 7081 1615 4491 7717 1376 1031 2444 9581 7255 5357 5821 6486 6459 5417 9512
98 310 2694 7040 4765 6325 6042 2086 5275 1178 8407 6919 2087 8732 8516 1585 5032 5019 784 9677 9961 6032 4702 4518 3 933 1045 4026 9947 203 5136 7828 4342 1272 1077 5403 6757 9705 9356 1778 5021 386 6323 9846 6356 8030 8916 7998 3132 6283 949 6432 9064 3585 1566 867 76 1394 1633 9716 8094 8014 8649 8890 7341 4137 7711 4549 4846 4917 5049 347 1098 358 9483 7459 9162 5473 1504 7520 4451 1522 6119 2238 8829 5179 136 944 5775 2682 7079 4844 5479 7936 4105 1958 392 613 9247
97 4908 2911 6684 3660 4605 1570 4313 2956 5167 8845 8755 8312 393 8703 3620 739 5601 6887 1864 3884 9496 9385 3153 7499 4931 934 6674 5073 6580 6053 8540 8947 6481 888 2659 7909 3407 8276 4319 7533 1705 712 3165 8764 5991 8041 6382 3832 2319 2625 1082 7347 8636 2003 746 8157 7125 81 5274 6204 7065 965 2534 7526 9858 6073 3431 1976 1694 7512 876 4837 7334 5180 4880 1541 1258 8953 3146 3791 1212 6911 8159 3912 9517 2084 4496 1597 5805 5985 497 6036 4893 5304 5386 7641 9287
94 1593 8077 4576 9266 527 3418 3363 3094 2110 1289 3051 4512 1497 1026 1488 3574 5562 4418 585 6120 1808 1207 190 2163 5689 1875 9376 7742 5637 2977 8502 2518 8466 3669 2769 6280 8344 4164 6089 6790 9256 1142 5937 9349 1619 2045 4930 8941 4227 4132 4357 7250 146 3085 2373 5740 4461 3978 2458 7483 1959 3614 3907 7147 3709 7097 3451 602 9023 8441 6117 6651 5022 6934 449 2670 2826 407 3045 3554 2905 2944 1221 372 6359 745 8783 22 1218 2154 6629 3490 4476 964
93 793 2488 9323 1695 443 7793 2076 3944 7824 8398 3339 5628 8774 1624 3678 1731 8555 2577 4122 3497 2166 8831 753 82 2248 647 8572 1587 9584 2467 6355 2652 9599 2253 6721 6013 1097 6522 272 4633 3611 5342 2783 5431 9690 9391 4471 5570 9037 9418 1589 8061 4573 7536 322 6052 826 7356 2368 1715 8955 5934 854 8299 8632 6904 7679 4921 796 2293 560 4851 7336 1196 5147 4623 9020 9021 4788 7516 8196 2879 6311 8546 9369 7116 3265 1305 5566 1907 5550 1768 1173
97 1 6289 6738 7781 2616 5981 5141 1446 1798 9713 7061 5188 7155 3179 5969 2677 551 8643 7665 859 766 6966 2299 9399 7960 2941 5592 4712 8414 6831 1500 6103 2796 4869 8480 7901 4344 4086 7057 5791 9522 6536 7126 1225 5703 1319 3220 9124 6755 1216 5587 3905 4809 4875 9238 2277 3986 5705 6487 507 7495 9766 7579 5737 2441 8428 2485 2548 120 3064 2840 517 4162 1876 2245 6101 979 2486 6056 6291 8827 3642 5895 9877 864 9274 2814 4682 3487 9804 5605 90 60 8568 703 7623 4305
91 9773 2574 9879 7030 4802 838 4905 1117 2216 526 8523 9377 3734 3475 8920 4947 7538 8049 5411 353 2821 3705 4598 2387 5644 4371 6347 2810 6868 1143 8505 4131 4761 6221 1993 1277 5290 7240 53 7748 6692 2094 880 1478 1991 6668 8506 514 3808 615 6590 7129 8308 2064 7811 1252 687 5827 1118 8628 873 1725 5745 7719 1407 4244 8553 2868 7860 5503 4964 1946 3371 9887 9128 6779 2976 4008 3894 5103 4847 3898 635 299 6361 2517 4729 6999 3423 5493 8905
89 9291 4139 6416 7738 250 9463 1320 4438 8707 1300 4347 7323 8870 2244 9918 1065 7580 8528 3532 4601 6619 4444 9495 1361 6286 9384 6696 468 9478 7245 4485 128 5801 3347 8291 814 2937 6209 6531 8066 5096 3322 2784 8834 2915 4621 9973 1949 5528 37 1988 9043 150 8016 8417 2139 5086 1140 4036 3301 2541 2237 1112 5770 9441 4465 7015 7965 7416 1786 1775 335 5434 9402 8631 3346 3742 5346 8950 2734 4071 6228 3856 8813 3195 4190 2748 9228 3629
91 7806 1426 6024 7914 8177 8437 324 233 5381 6718 2706 1469 5707 6328 126 1464 7143 8132 2501 2232 6584 5946 7236 4352 4109 7055 5670 731 2023 3450 3446 2586 6136 9019 4326 2469 751 3366 9165 6499 8129 8574 6550 4980 2341 2053 2714 6530 1842 1697 1016 8706 3449 5925 2775 3985 7846 8495 3704 8193 5720 3610 4495 4472 6593 3607 9232 9799 8043 2174 2723 1037 7000 2147 1844 641 0 6394 8111 4963 8198 7750 8993 8339 6146 6817 4328 9676 5368 9726 5687
92 3824 6169 7852 4201 3311 1263 6184 1560 4149 6260 5910 6625 690 553 1980 7368 4504 8173 9498 2312 1789 7304 8079 5209 1047 9005 6066 4159 3716 3493 2314 5441 7592 9137 8239 7429 3279 2902 6598 7727 5584 2788 2635 8211 9484 1757 5026 3412 4044 9056 8911 6167 336 9861 2061 4390 5754 5758 8656 1184 230 2747 2967 3480 3230 223 8626 8833 6988 7991 1799 5178 8999 4798 385 1373 6869 3314 5842 8837 6683 5512 202 8142 3623 4613 3458 5160 9661 5164 2801 6626
89 6979 9346 1460 5784 3213 3370 513 3959 4401 5978 2339 6031 44 3170 6982 2636 5056 8405 7798 9154 1934 8693 7234 8792 1711 5819 3618 5432 2804 4224 6138 626 2424 787 3805 3531 5575 6788 8784 5321 2951 7568 3580 922 2491 7174 7691 4597 8708 9850 1514 5463 6424 3472 1253 1094 7653 9561 2298 7157 4196 7171 6612 426 7743 5256 1935 5659 6186 7310 6454 286 6212 3061 780 1754 9554 5265 2449 720 9544 6344 1213 689 3079 6864 3890 2173 6494
86 2691 5697 4731 3328 1366 5959 2957 4717 5448 1129 1088 7734 4420 8152 906 2382 9907 9595 7552 3210 5602 7615 2736 5803 2686 5083 5661 4583 5400 2550 1535 6546 1829 6534 8699 9438 7919 5534 3833 4897 7729 9404 3515 8186 5847 1748 3496 5820 8371 5251 6091 5815 4704 4192 9366 9926 8134 1567 8261 4310 8519 9202 5065 8189 3860 7642 4042 9403 925 8959 6671 2187 6395 9521 251 6883 7167 1698 3111 6385 9465 2998 1954 8602 9263 3713
96 975 2428 1989 9292 5716 6279 2753 47 6518 1220 4808 6750 7948 6700 7427 8445 5987 733 5382 5017 7137 5833 8090 1686 83 7622 4626 8257 5449 5271 32 9896 5438 1134 5062 4147 1548 4574 1631 915 9615 7511 9543 9778 4299 9472 7988 7446 6617 1939 8190 4226 995 6916 258 6474 3447 9434 3604 1525 982 6743 3499 2745 2585 7917 2080 4366 3379 8785 5009 4128 6902 1957 6149 6463 7503 316 3163 7570 4527 5516 2445 1055 8236 6773 4997 4023 4133 4801 7045 7863 4874 5305 5882 3236
94 7451 5326 667 2350 5311 9435 2309 4473 9823 2470 4991 3084 4795 3168 5243 354 4699 436 2286 8822 1961 8763 6697 9324 6608 9492 4545 4409 4773 6435 1581 5529 850 7131 9506 1879 9986 8717 6578 4000 4063 7567 3876 3736 7704 6882 6181 8255 8808 6627 8501 2126 7873 3936 2505 1447 1966 3867 8133 2620 6096 708 3920 7021 2388 5104 3777 1153 4505 294 6257 8105 714 2492 5262 8427 334 3821 1479 3984 1777 3828 2014 6360 9745 8650 13 8994 4029 2674 5885 7393 4758 177
101 6740 1050 6105 619 2623 2044 9863 7210 6057 4429 7090 9666 7789 4660 6025 1830 1983 5182 8184 8648 192 7233 1406 9336 184 2962 6969 3641 9763 5266 7473 9083 3616 3392 3432 3175 7650 3101 4913 8307 4074 253 1951 7082 3498 7731 3528 9662 7145 1278 7448 1431 6884 2093 5922 9643 3047 4584 1441 7430 3133 4441 4363 5565 5240 3471 3608 4035 9910 4090 627 5242 1947 1641 6026 7713 8176 4942 6952 1553 9261 5624 3287 2842 3086 1069 4746 9306 8570 5988 2455 9475 9415 8567 8497 9319 3503 8089 1985 8869 3795
91 9456 9218 9906 7826 9304 8654 9350 5798 1690 5281 6182 9305 309 3846 8247 2410 7627 8647 6392 2361 261 7346 6985 2354 1642 6232 8588 3817 5852 6473 3724 6841 2547 2573 9802 6938 5896 3330 8665 6595 3977 2526 7597 5632 234 7693 985 8678 1527 2295 2371 2430 1859 5428 482 9 1896 9311 8723 2766 9213 64 5982 9340 8765 5105 8821 417 163 5184 7444 4374 9102 5509 6154 1165 7244 6941 4638 1771 1057 5380 9108 5750 5884 9057 671 305 6706 9296 5928
94 8932 1204 1428 6039 6575 932 2610 8595 5554 7946 7993 1114 2054 3247 7953 727 2292 4437 5921 6600 1680 7072 5929 1670 869 1723 3013 1622 4195 7178 6996 1510 1396 990 6963 3185 872 2731 2657 8412 8817 3502 318 5942 8888 2435 5048 7612 6493 3613 8757 4182 1486 176 9938 5610 5614 8901 6045 480 3006 1181 9841 6128 8484 8554 3219 7726 2945 9317 1766 6317 3246 4954 2932 7048 6814 6857 7899 9312 5947 8532 349 2285 9546 8512 5641 268 9449 3266 5979 7313 4481 2190
97 9856 3901 8581 5258 6438 6905 5092 6800 7841 4881 1880 7232 5134 7529 6739 434 2830 399 2496 7835 6821 5538 3298 8206 1828 3864 6639 4636 8539 8301 6688 6678 8221 2069 1806 9516 3411 1100 604 4724 9173 3783 7377 6179 4422 1909 655 243 7509 8233 5298 5191 1717 7302 6343 548 8962 2631 1681 4755 8201 556 320 9697 9657 5514 7767 1299 8457 8219 4112 3043 4414 6005 7456 7460 4748 808 488 4640 7941 1918 2364 2955 2671 9931 7318 8804 4006 8969 4091 3839 2024 1024 1914 6020 3135
100 9070 1463 688 1852 9590 5496 1035 3723 3659 8638 4823 8791 6758 2909 1906 884 8137 8727 1229 4260 2264 7601 3359 3719 5217 5634 4839 3040 6965 1501 3222 3918 849 3208 1588 1787 972 584 2649 653 5123 7213 5257 681 5498 8168 3690 3470 7680 5657 5132 279 4523 2519 5701 7865 8125 2995 2958 2933 6162 3635 3636 1604 2222 9735 1955 4043 3991 1122 1863 287 39 6930 2867 7768 6309 8102 670 3683 3689 2818 1048 7658 2443 6529 2553 8597 6796 3970 1945 7686 6396 9527 5904 5161 6037 6135 3671 2193
93 3895 2119 4540 9135 4618 7555 2732 1291 6636 5679 821 9250 4293 1742 9669 9819 8556 1937 5943 2189 4796 9001 4456 7101 530 805 1701 5469 6849 8062 9914 1638 5975 8639 4389 7074 148 4558 2313 5743 2326 8020 6928 7916 7562 1965 8544 7222 2964 2595 8710 9091 2759 6837 2557 1495 2921 8854 1919 2448 3739 4774 4425 4864 4822 6720 1534 9959 56 8005 5461 4556 9328 7404 7374 7321 9038 9593 3187 3591 8884 6657 1994 8039 3546 4355 2950 9177 5418 6660 3465 1296 7399
91 7223 4250 1308 648 3394 9866 2647 1819 2195 7345 3054 3437 2873 1871 298 7926 7779 2683 7630 5769 6388 1038 7900 7830 5915 8691 3681 3680 4258 7194 7333 9746 5365 4649 6715 1728 4708 7586 1499 6492 1247 6077 492 901 3688 7850 6551 4992 7468 2648 2129 3873 8952 2710 1854 7320 1271 4039 7298 4873 9464 1941 1769 3014 7016 5935 5696 7980 6238 6189 2645 5530 3549 8942 6371 2369 3271 5171 5470 5890 1898 952 4522 4153 1774 4951 8338 255 4318 5564 5015
90 6357 2402 5451 5708 6428 7291 7600 938 1421 3624 1449 9805 9658 7963 1158 2559 834 4150 4998 625 9628 2994 3850 6200 8320 1712 9342 5876 4971 8596 7033 1882 8264 6140 3519 6256 4312 3646 4888 8121 1606 6888 9734 5497 9454 2353 4984 7091 1832 5360 1529 8917 4282 710 9640 8136 7648 9234 636 3733 7164 6765 295 4027 8234 8259 3397 1739 9701 1513 5025 6436 4467 8803 1281 3307 2073 9400 3240 4413 2436 3011 4884 1341 3779 2479 5121 5998 9801 7869
93 6507 7663 7391 3914 2681 1268 898 7436 6681 9903 101 7043 2453 9718 8576 9793 7014 1245 2089 8322 6827 3331 1210 6134 5466 6843 535 6960 1279 4412 8145 2529 4143 3756 442 6372 4989 1555 1042 790 6835 3866 3827 7775 7006 4311 5957 5733 9975 5378 3284 5412 4343 3476 7660 3721 534 3348 4279 5354 3356 2764 765 3289 7574 6512 8248 4647 567 9997 4271 4073 802 7130 5309 2693 9785 4013 761 9455 3627 3102 6801 5700 36 8117 7578 5095 7819 388 759 2952 4753
99 2202 9942 6439 4770 646 6193 2372 1285 1688 7554 7002 9840 5127 4901 7867 2831 701 8697 1155 6909 5272 4004 2150 6808 1521 9190 7252 1931 5263 275 3440 7489 8981 7613 9754 1602 224 2120 4691 8930 8663 2536 5663 7794 3929 2168 6959 7004 3303 2146 1018 575 9980 510 4216 1759 4289 5355 7029 209 7188 4521 5545 7620 5501 6482 2970 882 6412 4443 3622 7093 9074 9327 1977 2356 8819 2521 216 4686 9810 4117 7106 2015 5424 2347 1511 6393 7924 1191 7261 650 4144 8583 9452 1967 5199 5919 1584
92 5069 7382 6568 5851 4107 9258 4436 1700 582 1538 5638 3942 588 5717 5829 5709 4308 8295 6001 6594 1537 1102 8698 115 9827 4208 9109 3572 6805 3759 8976 9609 4151 9121 2123 2397 5285 7221 2029 4850 1030 6599 9017 4687 6587 8671 7243 2304 6259 8535 2725 9992 6229 2834 9207 5131 9895 4439 2198 7397 2429 108 658 8327 4018 504 3847 5282 1835 2070 50 5146 4154 7677 3782 8075 199 4432 7927 9730 8718 103 140 3952 9337 6479 4719 756 6102 8373 3090 9334
92 8346 6538 9026 8452 989 2224 4713 6213 8664 9909 9836 5112 2266 1356 3138 8598 2762 6756 4562 4291 2419 5278 9708 5773 6549 3077 5673 579 5139 9310 5076 4736 7199 907 9960 7401 8728 4547 33 5429 8377 2827 425 8644 9944 5345 6268 3434 2908 1171 3243 9795 2106 7930 3372 8018 557 1128 1335 3930 9752 293 3639 9158 1442 3915 6699 7942 374 6277 9598 7754 991 6027 8082 5425 5945 7669 6122 8759 9636 8507 3326 8001 9921 7822 8511 1542 9667 5552 8587 6462
92 8933 4589 3157 9515 904 2587 4919 6195 1674 2472 8559 232 2213 897 2843 5751 8436 5114 8130 3188 2351 269 4637 2924 2162 7667 4178 2633 3899 6337 8365 500 1853 3234 2516 1671 6019 6174 4111 698 8538 6217 8504 5841 7656 3127 697 9814 5433 8455 3799 4099 7709 5000 4078 3845 7364 5339 5052 3938 7676 833 2938 768 4714 2406 3444 9900 5300 2813 5571 3344 26 23 4786 7928 6190 4152 3385 1157 6873 8966 4965 5723 3743 3934 5437 9899 3184 7470 8944 1307
98 161 6307 963 2985 6809 4032 6062 3658 4852 6585 6210 5591 5548 5980 2724 3409 9688 3218 2954 8268 5855 8031 5041 5007 9828 673 2322 9920 4410 6981 4582 7949 8252 7827 2718 6778 4630 2082 2701 1166 7059 9784 617 2930 7290 160 552 5574 7913 978 2027 4499 8053 9984 3197 3274 1070 7550 366 1942 3325 4320 9168 1485 2197 1152 5557 8931 6763 2833 3744 6786 8042 7839 1782 4927 895 7067 4135 7481 6175 7076 666 9700 9489 5525 6067 776 9556 9430 6803 8754 566 6106 829 8453 8935 2582
94 201 4784 7105 3332 3116 6489 550 5654 4484 45 8026 490 8147 749 7861 7603 5202 7923 7496 8677 9955 6064 1209 7585 8297 3903 8178 9482 1454 7498 865 7970 2283 6446 3425 5156 2878 84 494 4059 2829 9245 7132 9513 5797 9117 9528 9248 3008 4009 3677 4689 92 8040 328 4288 2440 4619 1792 8303 3746 2549 7369 5404 1881 8615 7573 969 3810 5542 2463 2861 6701 3560 8283 2113 4337 9611 2056 4423 6631 2854 2838 2060 4050 5597 3928 8309 8282 6653 7361 4407 6730 7254
96 6484 5905 8265 3191 8305 9362 7636 2567 4838 1824 7265 5126 4218 2275 2572 6986 5330 2927 4419 3972 2972 6410 7832 5913 568 5635 9613 3229 1193 5107 918 6500 454 9188 131 8037 2019 9710 9359 7299 7292 4552 1512 376 3672 3919 4828 1274 9015 1620 7937 8530 7732 3700 8156 5892 378 2565 4790 1936 5878 6998 9532 9577 3738 7010 5058 3270 9908 474 5886 5283 9597 6472 948 1618 4248 5598 7217 4542 2540 8549 7769 3353 3103 4141 6183 6669 2288 2392 8462 2993 8128 9999 2869 6791
96 1053 1953 7952 9659 2184 8612 3666 4290 8314 2874 7604 4082 9623 3631 7961 4557 7086 3785 1562 6029 809 2182 3712 9059 6444 4019 4673 1360 7474 6610 4126 465 832 1837 9371 4632 2079 2062 6944 6147 1255 5173 6858 910 9280 143 5951 1894 7502 8083 5044 2849 6535 6583 5002 1325 2628 5729 6414 3548 8431 2183 2276 3089 5166 4306 2828 8076 1080 8059 9333 4186 9739 4973 3674 9201 4657 8910 6666 5680 239 9058 3939 6949 4161 6716 3989 9816 970 3632 5338 7013 8904 8212 3300 4665
100 4716 9089 1180 257 3767 7327 9930 1663 5389 1163 1746 8054 1295 6239 2858 6100 4395 6648 696 3479 4365 2495 478 8192 5853 1986 5113 5255 8730 1036 429 6632 6269 3590 1116 427 2980 7447 1060 5364 917 2097 8298 9076 1667 1669 2159 1764 9445 3060 3880 7559 2884 2215 3763 6846 4591 4403 542 9473 8584 6295 2983 2343 1904 1235 695 9230 5154 5604 1849 456 9171 2390 7723 1052 3252 3775 7350 2593 8249 94 498 7809 2607 1489 5626 7476 3250 3774 943 3881 5324 8028 7947 1776 591 9987 5322 7714
97 5555 4800 5287 6976 3299 7025 8524 5089 4097 68 9209 7535 2855 3570 6034 2331 7394 2417 9193 5577 4817 4127 9637 9027 6661 9674 2137 5623 6349 6017 9437 4776 3825 7975 7263 9011 5963 2943 4854 2615 6340 1435 9806 5397 8980 8675 5923 1691 3654 5318 562 5036 3430 2846 9755 9679 4695 6292 6972 6729 8476 7486 1404 5823 9702 4457 7381 6231 3378 4055 586 4205 2925 5423 300 8860 5817 779 1256 1219 1971 7362 2408 8271 8472 9196 8179 416 9787 9768 7328 1847 1437 7215 6772 6014 5299
86 2684 8738 4411 5706 5519 5327 6185 2617 9928 9760 2898 6028 2493 5524 8161 6059 414 6732 3593 971 9864 8900 8343 1603 2144 5125 1704 3114 3121 8987 5532 4629 3645 2612 472 2969 9331 8748 3633 2405 6519 7522 3405 1276 5308 1227 6813 6192 4641 5097 9553 2297 9954 8115 3080 1054 6072 5238 212 1316 4616 9854 1736 7109 4058 6065 8676 7266 9148 1328 264 8618 41 7528 4066 3260 9206 4688 7140 8902 3383 8469 2819 6812 3462 9915
94 5682 771 6574 1126 9028 5952 6762 321 9477 6646 4706 70 9922 5050 7657 1794 8575 9652 4653 9957 9830 7995 1027 5176 2272 2916 4513 7959 6477 9872 2122 4033 1614 5931 3160 5421 2699 7609 5152 546 7788 8616 5749 5508 331 3329 2816 57 6166 7300 107 1621 8120 1172 9777 4911 4252 1636 7845 8873 9210 5793 9360 5747 365 8729 8135 4726 6223 7180 9620 6609 7746 5962 4933 2043 6465 797 4751 5212 5517 4052 2899 3520 2327 6335 4669 8435 6375 487 3015 559 9780 8000
92 9054 2914 129 2476 521 8086 6974 2824 1089 4382 7683 6496 9451 953 9549 4021 4585 747 6616 3124 1643 1658 151 2907 3540 7823 1103 5392 7434 7716 9144 9373 2886 1251 9976 9237 7211 7342 5912 9052 9330 2257 3414 3771 4317 6714 9407 9525 28 2141 8651 9276 6468 9040 1195 4572 4269 5393 7817 9946 3826 9365 9529 1687 1025 536 1575 3566 9382 9587 987 1610 8433 6970 4329 1465 2626 2539 1079 9699 4103 4233 2896 2580 1265 4321 7035 760 2591 2318 1559 402
91 8863 8494 4426 5447 2128 1302 5507 7386 7375 5774 5676 2401 9491 2942 5042 8351 7192 783 7710 7547 4349 3949 9061 3296 489 3058 1807 25 3637 5312 7581 9576 1861 5724 181 7856 2522 8443 8988 5055 1434 6431 618 5035 7922 8415 8123 505 8850 9851 3800 1800 1730 4599 7162 2721 6170 2412 8187 8388 8280 9003 6689 9050 226 7241 4084 3720 2478 811 3962 1565 4915 6338 4749 2095 2739 1476 2078 7582 9540 5861 3786 3445 1758 3964 7449 668 8226 3701 2920
97 2500 5866 4251 8940 5220 7510 3349 5569 9221 3699 6742 7813 6303 9625 4096 8786 4314 1380 6469 2226 7419 6097 5155 413 674 3875 767 4010 4346 2661 1266 3183 4462 9301 5241 3983 7741 2246 6968 9246 5839 1760 5169 8794 4631 9034 3019 2852 5558 9796 6995 6491 1187 8835 4273 5812 6215 3268 4399 4070 6022 8701 9006 3816 8321 8315 9159 3459 2100 9742 1564 6418 2378 8719 206 4045 4677 4037 3840 5094 1651 8509 4779 1261 977 1136 9447 9024 6760 549 3979 211 6799 2380 5675 9086 5664
93 3469 3625 9783 3794 2576 3999 1862 4478 9320 2513 8913 2606 9815 3888 3878 886 338 6693 371 4378 5752 4396 6443 7421 6178 3415 6440 676 1107 3842 5140 4935 7492 8672 6071 2960 1503 973 1473 1536 7688 24 4416 7702 677 8531 2411 7088 7293 889 6782 4900 9883 7724 8600 1520 9130 4398 8403 43 7351 7990 5269 9284 5777 8802 7296 4480 5063 5764 5460 9678 6297 6319 515 3189 7588 5567 3254 2597 6370 3485 337 2853 9641 3882 3062 1402 4502 8787 1583 5738 7005
90 5060 9541 9355 9458 249 4048 7332 73 578 4372 179 4469 3358 3466 2887 8451 304 4775 9741 3039 9278 7085 5316 8011 8579 8055 8304 855 2077 8143 5483 9548 5846 5984 9737 9782 65 4115 1439 6331 4644 6524 5656 1689 3207 2349 1433 2465 169 2333 5753 1990 4110 8847 6839 1650 483 9791 2038 3257 7587 6907 1468 1531 7666 4580 4981 2888 2255 3524 7907 8607 2546 861 9195 1228 5068 6153 4285 6374 1640 266 851 9313 7353 713 1183 2751 6647 1724
92 1496 2028 2336 280 7804 1592 1887 8805 8012 1932 4565 3037 8034 1901 9738 6541 2308 4799 6544 1582 3227 657 5655 8372 8263 9958 3123 8244 9450 9022 5513 6577 9821 798 5854 4959 4442 5960 7414 4810 8027 2523 9408 2672 5030 7412 7127 2509 7208 4651 2963 5647 409 5863 457 7303 7876 5916 9378 2912 2740 9277 2483 8760 554 9077 9141 6987 3518 1125 605 5544 705 2812 3778 4497 2643 5376 7984 6282 6727 8204 5181 1649 9139 9041 467 5518 1855 5620 7443 3728
89 8393 4405 326 5881 5100 9153 5870 1741 6897 9200 9180 729 1101 7854 3340 7154 6994 403 8166 8919 6244 5099 9149 3686 4171 5683 7966 2761 645 7426 2194 1451 6180 1629 8690 8008 3178 5194 8205 8679 4977 6251 3478 9812 7908 5830 9703 6644 3027 1572 5226 6962 1339 5450 6296 6686 2917 9759 182 3393 7783 7851 3501 7176 9103 2805 7150 1973 88 5816 7849 7957 3780 3048 1827 3886 8397 1043 7166 2535 3167 9683 5043 9448 147 6634 7406 6306 7565
94 7843 2989 6246 2757 5270 5990 2191 6048 7267 462 9579 7560 7478 2525 7370 9294 3957 1160 4969 292 4327 9208 4283 9132 1269 3318 1709 7212 3134 2117 8881 7882 8155 5362 3000 7808 4581 5246 2325 7877 5462 2566 8195 3940 3588 6350 1099 7898 2398 5732 3870 186 7639 9776 2355 7858 7564 9711 5523 7681 5379 709 2209 2900 801 728 195 3010 2081 2251 3539 7262 2321 8642 116 368 5785 1471 1481 5586 4333 7752 8856 7177 2542 6313 3547 2330 219 3667 1889 364 7461 7068
92 4408 1315 8342 2188 7796 2047 1516 9156 3007 1378 5320 5323 7939 3489 665 5593 9409 1925 5023 7712 7976 4841 6131 9873 3592 2629 1653 2862 2167 5430 3925 9589 4650 1368 252 6087 6043 2210 4862 1224 3294 2497 7152 4076 1384 9632 7504 2033 8541 2604 6783 6453 5633 1051 7218 3745 77 4548 6058 2923 9502 5426 344 1472 4325 8943 916 7766 6537 614 198 2366 9167 9249 9000 1115 5390 8996 8384 4879 4705 3099 518 1752 6745 8110 3859 149 2948 993 7229 2662
88 1002 4816 9007 735 6908 6931 7551 3382 5976 4336 8022 8790 3087 2720 2109 4259 9965 9271 4836 1377 4871 8051 3711 912 7338 3773 5613 3315 8569 1707 7108 3076 5375 9563 67 574 856 2717 9849 5377 441 6107 2603 9423 9901 8977 2427 4560 7183 4675 7668 8385 9970 8746 5249 946 130 7119 2772 3059 5277 1666 8975 2880 5744 5234 8877 5695 3272 1509 1338 3703 4276 4922 9518 6621 5047 1062 9062 4550 9112 1388 6378 7135 3022 4752 2690 2581
92 6777 144 6658 6702 5902 2997 2250 2931 2482 8801 8880 7160 6125 5484 8191 4427 669 6354 2584 4715 5906 6114 1214 8290 9203 2068 8284 2702 6187 8400 6691 3293 649 6961 2611 4666 5832 8846 9753 1226 8897 2618 7390 9088 3375 9183 6008 924 3945 8617 9033 7640 5893 4711 8148 4129 193 4053 4832 5768 3033 3997 1149 9047 7541 9860 5361 9411 100 4046 3251 4509 3463 8146 9758 7935 3100 8348 6011 1916 3034 3948 3092 5788 2837 694 9969 8324 3874 1608 4088 4727
92 9937 8254 8925 6234 9098 4468 7465 6197 6677 1886 3819 4051 5196 2105 8471 6302 3263 9645 1505 2442 3473 2543 7944 2186 1552 7028 775 4118 6842 8434 9650 398 1740 4280 6002 296 4345 1046 473 458 1969 3526 5690 5616 3336 5061 3741 6922 9585 8608 3650 5825 6818 7197 3995 9663 6847 3093 5385 1733 2423 5356 6046 1444 377 9262 6346 4674 7388 5790 4446 2269 962 595 3460 926 5198 8510 9911 3748 702 1458 2605 2644 8861 6467 55 8661 7635 558 8227 2859
105 1198 9298 6834 6770 9406 7373 6273 274 4814 1313 9750 4642 4877 6155 4701 8809 8416 6932 686 1415 2279 8593 5310 7376 9387 8131 313 5039 2562 3495 4979 1009 3173 8720 9723 3024 5711 877 1843 1141 9459 8477 1530 4057 5897 6358 6285 1551 217 6427 5932 1367 1801 9736 632 4968 9469 2780 2881 5608 2418 6098 435 9927 4678 6990 3562 8662 2596 6253 4827 1762 6127 4376 2510 3248 3484 6035 9127 6475 6973 7602 5239 6201 5965 8548 7139 4173 7542 3206 6206 8182 159 8946 9797 3655 3692 1200 5908 8004 7647 9113 1865 4354 818
89 6040 887 6310 4183 2965 8390 4528 6266 7080 9779 722 6456 405 89 9242 8287 8635 7955 2092 9747 6767 5583 1745 831 85 7825 3534 3049 7857 4929 9859 194 7534 5216 1952 3596 6233 1648 598 6222 5485 1877 9978 9933 9401 423 3553 4016 2709 7880 4214 8571 4738 6769 7971 1540 5203 7104 9225 9888 9281 332 187 6983 9781 9874 9090 8097 9353 4225 2707 4732 8978 8081 1427 6840 629 8468 6992 5091 8683 1390 8762 1109 273 7989 5228 2511 8961
99 606 2400 5046 9594 4067 9107 3602 3036 6889 9212 6582 692 5367 4525 628 3954 6645 3619 7518 1790 1067 7237 3200 4634 3621 9668 2655 5867 2291 3927 325 2370 3217 4335 4424 6872 9229 5349 8973 3164 9224 1929 6754 8893 2211 4978 7367 7423 7864 8408 6007 3365 3542 31 9996 420 2273 9500 4923 4778 2934 961 9875 1662 9855 5219 4242 6854 905 7638 9085 142 408 8063 4315 6728 9282 8614 1007 8413 6978 5102 8440 5677 4961 9270 1059 6240 2296 6980 8353 8332 6793 2389 9440 4533 6420 8486 1239
92 9818 2936 9125 4872 8496 4298 8503 6345 6391 6104 9800 6411 360 7701 8724 6878 3182 8112 3993 9876 6828 6690 6156 7358 5261 8481 3781 6055 8660 599 5387 9991 4661 9308 8214 1420 6419 7047 6390 99 373 9715 4003 9235 1968 1867 8084 2048 2180 6866 9443 3387 3280 2204 4477 3338 8126 3865 5407 3158 5329 9460 3273 5949 6342 3877 5500 3106 4956 6901 4656 823 5427 6434 9972 1866 5165 3410 9655 5158 8122 9510 7673 21 7884 8194 589 2267 6145 1164 576 123
92 2107 6437 4683 3468 5343 7646 5273 2317 395 1655 1491 312 7201 9603 7820 5761 7608 4101 4360 8550 3395 2177 3941 1817 967 4155 8217 7410 8779 6676 1836 1874 2504 391 3837 1429 4492 3513 9722 5811 2809 352 2785 5727 9476 3212 5872 1735 5909 3872 6237 319 5340 2268 5124 4140 7814 8225 2052 270 4507 7053 1169 178 4896 200 254 8274 1902 2975 7274 6308 2797 5607 1199 6774 2046 4393 1137 4587 9273 5148 1600 6074 3812 6559 346 8945 7816 4130 158 2660
88 7929 1312 7480 4145 7771 2175 4510 3035 1130 528 9680 4404 8557 3869 7020 608 1903 2716 3464 4794 3408 3836 9417 651 3583 8411 685 1374 8815 2091 6293 5201 4957 1438 840 806 63 7803 5128 4743 804 7786 5844 1810 4610 8375 914 8140 71 6299 9892 156 5666 7690 2590 2789 6381 4819 8573 7967 2034 1011 7951 9993 8421 652 4168 6376 491 5480 6915 9562 1414 3505 8903 6142 2722 2274 6734 8681 6664 4670 171 7747 5728 8667 1186 9619
84 3587 4538 5813 7842 4142 2021 5415 8046 1405 5075 5824 4916 3057 6383 4999 940 6861 3788 7051 4453 1111 2961 3148 3790 8366 5353 5809 1893 3439 1920 2155 8021 6423 8713 3994 8995 3863 8422 3438 1222 3740 8450 6258 6249 4559 4236 9575 2715 1194 4106 9115 9192 1370 741 5413 6523 5208 8780 506 6876 9004 7715 4895 9764 6137 4943 7133 3177 1113 863 8222 7590 113 8386 1127 8323 4176 6565 6879 6218 6733 3457 1215 2864
99 8674 5630 7912 9574 2726 2340 7024 66 603 4886 6403 6397 3215 2083 7206 7751 3283 9197 7251 8820 6082 5314 7838 6220 5783 3065 485 9397 3597 6736 4113 2697 6937 9025 5765 3789 8886 8241 1135 1822 8722 8769 8091 5713 2115 245 1917 6511 5612 8119 5033 9610 8711 3947 5481 682 6498 7885 3529 1303 8844 7100 8603 5051 3811 9732 3818 5118 1287 8379 9118 6095 6936 7593 3960 6797 8979 6445 622 4684 1076 8781 6227 5755 6447 2966 9063 8749 7307 2863 9146 8334 3676 2108 3665 235 5005 7209 752
88 8238 1892 4230 1330 896 367 6380 3162 8032 5918 7259 3140 7563 3868 4364 1106 9622 2229 9923 1034 7066 2621 2571 1131 7115 8777 4094 7753 8865 5794 516 4402 9963 4536 3276 7087 8620 6725 5280 6009 6630 6111 6386 6497 7019 5894 846 5071 5595 1400 7198 3668 8695 6194 7276 1665 2639 5730 4232 1532 8251 3419 9600 7791 7833 6711 3199 1539 1344 3988 9044 2779 4733 540 1170 2071 4025 7482 3937 6003 9163 8294 152 3527 8742 3787 5639 7517
97 1890 42 3640 4939 7340 8240 8003 5800 8138 284 323 2506 4263 4561 3861 9299 3237 9363 9979 4020 7906 9616 3555 3016 8951 9974 4166 7733 6304 8692 3883 8634 8162 6301 5782 2982 724 1443 1726 7956 7973 6121 6855 5939 7859 7238 4904 4087 4532 4938 8459 2733 51 4590 1706 9114 4028 9155 6326 8306 1660 8318 8841 4095 4334 529 8828 6516 3538 5315 842 3128 9724 3892 8818 8907 4595 1217 1347 2447 8038 1074 7064 9653 9570 5714 6850 5284 2259 6457 6248 4330 3943 5222 6838 9348 4077
91 5388 8432 1401 8611 2328 1793 3327 91 1586 3193 9545 8832 8894 848 5225 2466 6885 4358 4787 4266 4100 3364 8889 824 6898 2711 1095 7530 6893 4359 3021 1676 6564 3673 6172 9994 1029 7491 348 9045 7718 6890 3081 4217 7761 2203 9844 8859 2425 2556 4918 4664 942 616 3433 486 1358 1039 1963 6090 800 983 5028 3749 7439 7407 561 8814 2892 8160 5248 5520 1682 7484 9383 2161 3998 9150 7610 9788 5515 7589 6533 2743 9338 9157 1714 6224 3406 1273 9343
93 315 2282 544 5464 2157 2055 8965 3831 1818 3571 8967 1895 8578 1211 8409 1286 3924 7469 5871 7539 8349 8745 8761 5563 4685 9712 565 4189 6606 9110 4944 2959 1108 7595 2149 803 2507 40 6591 8002 3835 8153 8463 9055 9604 6150 6041 5494 4102 3594 8033 7626 1309 6164 4012 7938 8087 3696 9339 4747 4853 9457 5522 7780 4011 2794 1933 9917 9945 1685 6991 8181 8489 1188 8936 4302 8939 5108 6243 4902 6341 4993 6719 8857 8928 8793 4221 6476 7437 9106 8767 9719 675
89 3225 7432 6449 5143 2178 777 520 9379 3069 221 6997 87 9283 2531 6050 9100 4199 1888 9368 8047 1683 6460 2165 8069 8446 6620 8073 1590 3980 2735 5646 7847 9507 5129 1753 5348 2687 2551 937 4303 683 3107 2490 2676 3757 2013 6084 5961 2922 7224 1524 8164 6132 1350 8551 8605 4204 7311 5373 7572 117 5560 8855 5292 610 5489 857 220 5581 8266 7363 9586 7801 2344 7420 7184 8296 2839 8024 1056 5289 5142 5572 3297 2575 7096 852 3509 3044
92 8585 3442 9318 3813 8220 5712 3950 1008 4735 6294 9253 6513 3291 9596 3025 1241 9241 8337 9439 6353 5332 5416 1477 9751 5369 7594 2306 4928 5941 3017 5235 451 8465 9466 6768 2359 4163 719 5691 7339 5200 9953 9916 3005 7525 5781 9361 5008 3730 5898 9303 9771 3367 8714 711 3136 715 1324 947 4415 1727 1336 3815 5970 5674 4771 7422 6852 5306 170 4370 4934 7273 7799 2815 9757 9852 4508 7464 3031 1058 5533 4514 2528 4667 8552 2622 5162 9981 9467 122 9707
92 8666 679 175 3486 7231 835 5214 1557 5010 7372 5145 8113 5291 8508 5837 672 4945 1851 4568 6141 2820 7488 2609 3511 1424 8887 8423 4281 7417 5622 4454 4696 3198 1246 1910 8150 7999 6075 7012 5615 7149 5589 9566 8473 3082 8223 8909 1110 6506 4515 3113 3125 8778 6063 3902 8753 6263 874 1826 7037 1078 6334 3603 2320 5540 8561 4350 185 191 1084 2164 7760 7411 2850 744 7113 5207 422 3648 6509 999 7118 3441 2996 9215 3380 8533 2698 1885 909 9380 2782
92 8467 2987 9345 1692 1292 470 7514 4202 3360 8514 1297 8167 3595 8329 4693 4068 61 9857 9461 6607 2125 8331 9412 9198 4085 9133 1311 7329 4361 8281 4270 5170 7384 1145 3543 3512 74 5877 8203 836 3455 8183 54 5734 2730 9039 8689 5619 8731 2563 5845 1432 6110 8224 2169 6771 2498 9032 4526 2630 7092 4194 4609 9097 7306 1579 7110 303 6226 9396 8657 8078 7264 7903 2254 1734 5874 6044 3262 2806 6914 1282 6333 4234 3908 7202 1293 3761 2599 6085 4188 501
91 4668 757 1156 1091 3793 5133 1232 3374 3598 2219 8475 5151 8406 508 4449 7696 3651 2012 5973 5543 8853 3670 9503 9497 2133 8250 8169 7972 5559 1915 4534 5860 1995 1257 6567 4228 4489 7308 30 1354 786 3053 583 4340 8401 8964 2598 7248 2947 7891 7287 4793 4806 8592 8885 7978 8369 1260 1841 2025 4648 227 3609 3233 5722 4720 2537 680 3916 9809 1345 9204 1809 8461 265 8124 1911 471 2338 2758 9432 1549 4797 9358 27 7821 4830 9367 7050 7073 8355
