96 4697 8037 1305 3593 2046 6515 9687 2688 7962 237 2412 5211 310 4217 2349 26 1336 1979 9625 9549 2632 2017 4026 9453 6597 1147 9288 1099 4508 8447 7190 19 1036 9883 2526 9437 7718 2475 9501 6723 4915 6211 2854 6518 2937 7666 1584 2237 1627 556 470 7078 7173 2123 6528 8458 1370 8695 4165 8822 8083 9954 8060 2013 6993 9757 1870 7759 8582 2862 8607 2285 6166 4796 6942 3867 3723 4900 2978 9099 7937 1532 9021 7199 8637 3314 2756 5842 3676 2192 6399 3796 9530 9539 528 5137
94 3106 9299 5937 9880 3658 2183 4121 3655 4649 302 4557 3264 403 2634 6067 2660 5562 4846 2205 7586 837 134 4410 3066 2298 1064 8976 2563 757 8898 7049 5814 4037 5343 6495 2422 9839 4979 5227 6468 630 6788 9901 6186 8004 1750 7872 4076 9704 6620 6080 724 2604 2950 9390 5413 4391 3372 4100 5577 1425 5288 6435 6808 6911 3085 8763 9557 4032 4976 9866 7840 5695 2855 7731 4119 4887 4191 6655 5895 2326 923 7139 8383 6177 8850 230 1278 3731 9676 4698 4266 8872 3181
93 5868 1544 5292 9642 8808 8549 154 9876 4667 6414 5290 3909 9192 3469 2423 5894 1695 6111 4425 8476 8471 2487 1936 5945 3227 8440 540 2346 8647 3497 7679 8941 2230 97 8807 1696 8830 4172 583 3414 94 7112 7459 3819 9612 9871 5948 1072 3063 9816 4469 8576 1604 8506 716 2811 7183 1182 5175 9302 7729 7510 1474 8528 3591 1637 662 6271 1417 3499 4930 2148 6946 3141 3807 937 9824 6254 1611 4703 3707 6773 8392 8326 5947 3654 4714 3289 7733 673 6614 1250 5928
97 5872 4883 9664 6851 6917 6730 82 3677 765 1547 7156 6114 2840 8572 2903 1641 948 7663 8245 5044 4740 8868 1456 1811 2686 764 1268 9591 7495 4878 2601 814 546 2926 7556 9634 5861 2388 907 2392 3171 5580 5621 3048 8462 4538 3471 4 2737 1083 6579 3294 8088 5245 7321 7302 3539 2391 1004 1983 7958 2948 7317 6554 7720 1212 9204 8928 7581 3621 2974 8000 8787 806 6325 7215 4567 8929 5404 3178 4269 1498 6497 1318 7093 5968 8547 6596 3297 9394 9104 1388 810 9455 1841 3837 3526
97 1610 4058 6292 7369 6217 1857 3079 602 8365 4110 9585 7885 3221 3312 5744 5747 6915 7730 3023 9961 2240 1230 4941 2554 6829 3258 8274 9657 4403 3868 1094 4528 4777 7260 8156 7803 5554 9958 3458 1965 4175 5660 8029 1402 1573 9466 7195 9574 1499 428 9002 4882 4138 2739 7507 5569 3667 4430 9921 4282 3862 2859 8999 2345 2439 4973 859 2387 1729 4524 3020 1407 6171 8834 5724 4841 6781 49 4417 2364 2096 1363 9272 6273 2483 77 5802 9500 1084 67 5197 2396 207 3291 9304 9719 2531
96 5097 456 4620 129 7966 6555 3969 4048 3955 6501 5521 8764 7831 5106 8071 8708 5790 8443 3811 9277 3702 485 3534 5651 6026 9631 8913 3573 8916 7619 234 4542 4080 2603 9533 9172 5476 9928 5626 2650 3168 4978 6909 6872 8540 4218 9827 6203 3339 8214 8769 5933 1703 5920 6906 1572 548 5857 9677 8070 5698 2367 8776 5565 7393 4733 534 6227 2052 3373 8885 7116 1047 4304 9228 763 5161 2875 7922 7948 389 7636 6859 4447 1001 1202 1481 9057 4507 6658 8853 6457 5475 7211 2692 7577
95 853 8991 7557 5181 1545 2610 4481 6539 9137 9424 9519 843 6552 6412 4838 3055 5454 8784 2687 1135 4857 7146 5528 9031 248 5144 1188 8014 3412 4409 8803 5547 3397 4331 6183 3148 1204 5139 4498 5753 6058 4785 7606 8019 4227 3114 2668 1285 576 5969 4203 2777 4850 9233 7695 4754 1262 4066 8130 138 5032 2936 3933 568 9785 7808 8303 5132 2759 4258 8696 9583 9781 2056 3642 3774 3735 8846 3921 8743 5240 2761 3885 7802 3505 4998 1360 5104 1921 4561 7296 4926 9003 4772 4236
86 4093 98 4532 4064 6783 5099 4248 7136 6884 3967 6242 2421 8344 7047 2893 3643 1973 4131 4228 871 2796 5263 6734 3572 7583 1522 2717 5718 3061 2735 260 9935 9332 3487 1792 7805 4570 3211 6213 7983 4361 6939 1264 9691 7323 4997 4367 7883 6487 7046 7417 1166 4764 5057 6444 9029 242 44 5403 8363 5961 390 7686 3624 3111 8841 1019 6050 7362 3347 1030 7216 9531 1260 3190 9548 2247 4990 5179 3470 1543 3226 642 878 1422 3013
91 8867 8253 3408 7119 5629 5823 4201 435 4848 1043 6945 8899 2193 9609 9472 8534 9636 4429 2281 2270 1377 9951 406 8707 4206 6925 3389 8466 3002 4374 8222 4036 6794 1718 6461 2637 1357 4708 682 7771 4041 2786 6989 8174 7347 398 1263 1665 405 1199 5766 7904 5372 9836 190 1421 6685 9492 4685 1588 7848 9177 8294 6765 4051 1537 6100 9417 7781 227 2417 9343 309 7812 4209 7038 1850 2913 463 1327 3322 8945 5150 9474 1706 728 833 4565 5388 1591 2712
84 9805 5974 9891 4385 962 3579 2012 2715 3224 9749 5709 6366 8318 3003 635 6936 4180 7120 7810 3199 512 8277 4277 5624 8925 4712 3891 4619 3004 1455 7702 7410 8460 8077 6573 6478 2894 5357 4247 4769 8033 3163 2729 713 6251 2252 2503 5750 8565 9729 643 6793 4779 6681 9393 6746 8179 9761 2992 5832 2713 3915 9463 196 4661 501 2104 482 9054 6465 9996 2969 1163 9407 3446 9308 4673 8257 1877 438 7995 7266 2644 4674
92 7492 5222 9250 1793 9012 7792 37 1197 6732 466 7861 7096 3812 1457 8550 6355 6847 8704 6374 1317 3396 5548 5735 1137 7129 4360 9502 8686 2785 7542 6875 1074 1520 4089 4338 4704 81 2197 9221 6041 551 2700 3348 2594 1826 4334 8980 9295 4450 1502 6629 5865 6089 2958 9264 4214 7385 872 4177 8420 8183 2997 8956 3054 8196 5602 1567 7975 777 2998 2129 4574 772 9635 2380 6568 5869 4106 508 5235 7522 3904 17 1146 9788 3694 1662 7099 6023 1865 7852 3713
88 9156 7668 8025 6623 6625 675 899 9675 1980 5293 3418 9490 2460 1859 7210 2827 440 877 4339 6215 243 1210 2961 373 824 2869 9796 3604 773 5035 4739 4318 5426 6072 6309 7996 8754 2731 8429 9301 7033 914 7864 2544 2404 5927 530 7798 9278 863 9974 8983 216 8041 6845 276 8024 8802 5993 8073 7637 6673 4818 7930 694 8785 3393 2133 4406 1134 898 3124 1261 8497 8240 7041 9341 9354 8413 4267 1464 8624 316 7350 8716 5201 4646 4606
89 297 9004 685 6261 5966 7411 3384 3473 9164 8123 5212 8347 2841 9344 6961 2359 4598 114 7839 8129 5156 9947 8269 2728 7540 5689 2716 6253 3345 533 7025 6216 3823 3031 3673 2288 9624 6914 7105 5826 5362 1232 1252 4200 8638 5688 1479 1561 9577 638 4954 6511 4116 5598 3855 4819 3876 5571 3011 7858 4190 4964 2588 558 3648 5289 1728 9651 6131 4975 147 1136 2292 5934 8020 5453 6121 8251 6092 8239 2136 620 7490 1279 6626 8936 7496 7997 9334
98 3488 9207 5046 4799 1041 1476 8313 6929 434 2830 8001 1351 3271 6581 1689 8397 577 1205 5818 54 1521 1448 9444 3846 3976 4870 4843 1366 6288 2619 5916 9339 4503 7844 4522 9602 8800 7091 6008 352 6231 514 5086 1846 3622 5991 8434 9297 8353 7585 3836 828 6635 4178 6105 3152 7287 2106 2967 9028 9231 112 5296 5891 4125 5797 2844 9815 9524 9135 6899 3813 5202 6235 5196 8502 5465 4862 4107 2385 7587 6140 7908 2987 7374 9773 5591 1461 5440 6029 700 5834 7573 6137 7643 3427 6862 5656
95 5871 8690 7180 8962 9616 2732 7523 2332 7847 4329 7593 9727 8373 8043 6980 1740 5183 3777 6164 1554 3929 5089 5158 3725 6440 2284 4139 265 6718 1938 9551 1040 6717 320 8355 7842 3882 7902 7181 2416 6431 2843 8164 818 2566 4608 963 5079 1322 9898 5731 4541 6647 2229 4871 5957 5616 2889 2304 5409 5256 3626 5510 4555 7227 8654 8768 9473 593 2400 3027 465 1506 520 6738 3550 2309 444 2119 8319 1634 2306 3449 9338 3685 8046 5191 9329 5820 3300 6585 8145 7567 2835 8642
96 5972 9356 722 8406 171 1463 6521 2053 9158 8990 2355 6176 1346 1480 4378 1419 5250 73 8126 5637 2703 8026 4705 4461 4314 2663 2437 5303 5125 395 8564 9235 8966 6415 2023 5546 8006 7506 2743 9199 6841 4111 6771 768 1126 5860 2305 8361 3441 2480 8098 6417 437 290 7664 178 2077 3554 6558 3772 1812 7988 1586 7285 9047 2206 8209 9851 8391 7763 4192 9428 7676 377 69 6837 2670 29 176 3854 4932 3201 8055 7221 8423 8132 2071 5507 8216 9511 1655 904 3182 8009 3341 86
90 3871 89 3476 6293 1704 46 686 9214 505 4855 2525 7370 7700 4059 9234 3385 6887 9107 1617 4261 4196 2561 9008 3463 2542 8307 2159 8811 6352 1626 9095 3687 8045 5054 925 3905 1676 8703 7480 8522 7205 235 1325 7707 9777 7815 3309 2271 4583 3697 4904 7782 5551 5631 3290 8827 6389 6286 6097 9035 7029 8419 5338 4835 7744 4415 1055 3202 8314 1387 5420 9153 4694 7192 4485 1272 5094 9875 8835 7819 7062 6376 2764 3975 4549 5400 9558 5092 9943 7312
99 8162 7518 9930 7943 753 4043 5260 1835 7324 3039 9751 6332 4153 2350 3923 3831 357 6954 3246 9767 3203 9098 347 9559 8087 5219 8836 3457 1727 6725 1286 7806 9090 1593 4198 118 3478 3276 5653 7582 5987 816 4931 4453 5221 9899 3461 417 9258 1516 6360 4599 6992 646 4130 3239 3038 6426 9022 3806 4176 304 6582 6560 8399 1438 8457 3986 9456 1207 5405 2130 4159 2474 2883 6034 9373 7945 7555 5880 4517 8761 2528 5690 3088 4010 5173 996 9854 7076 5364 6722 5081 3486 7380 4597 7264 3070 1852
92 3346 1486 1539 6670 2116 3281 483 6715 6710 9832 5848 2021 1994 6388 3875 3722 9830 3366 3422 7575 450 5707 8217 526 7900 8343 2711 9671 4579 1274 6532 2061 9893 4787 4798 1555 3073 3119 5829 3703 144 7541 1668 5003 5667 6115 1989 3945 891 4510 4414 973 3406 3311 8749 7175 471 9952 9747 9055 7825 3584 8018 738 6648 4655 6045 4634 301 7952 4505 5045 1165 479 2311 2125 8143 7754 819 9203 5885 8270 345 1919 8321 8847 6262 9110 9229 7166 1582 9421
90 9587 7320 9379 9422 9161 6854 1150 6832 8127 9673 9335 8718 972 5458 4017 5583 8578 4379 8954 4511 8816 5340 1223 5419 7828 3726 7775 4079 323 3858 696 6810 6348 1977 5052 8517 7993 3744 5118 5378 2933 4581 5319 6540 3324 9722 2316 6599 9523 6333 809 1347 7258 7117 7521 8144 1886 5567 8580 7896 7118 1017 4012 813 8884 1012 2788 6720 2031 7463 104 8386 3491 5684 4127 9413 8445 9237 6880 7984 5391 3481 9955 4587 3006 7269 910 8798 2361 6326
98 6892 170 5467 4921 8653 9707 9186 4098 2190 5708 9667 20 5411 6218 2300 8091 9347 8111 4320 6280 3578 4062 2313 1925 9159 9136 4482 9689 607 5967 1310 2286 690 1298 3790 1657 4345 5681 4359 507 488 7202 365 8869 4204 1189 9170 7379 9418 4234 4919 4173 7284 7563 961 7580 8626 2651 762 8593 3760 8948 7196 7610 9966 7421 1459 6069 6004 1491 6014 1899 4693 564 1169 3555 3435 9391 7641 9690 926 8610 7149 340 6252 2518 4548 6860 7398 9105 6907 9613 4783 5322 1515 2631 1401 6139
90 223 2836 7389 5489 8766 4629 8181 2963 192 9872 2750 9106 2981 8912 4411 4969 3248 6075 6266 6086 2768 4731 6210 3801 5185 2172 4662 3738 7316 8354 3629 8939 3982 8561 1087 2188 247 5328 4743 6383 1966 1656 5246 6173 1265 6640 7859 7878 414 2816 9134 1711 2117 5835 6027 4340 4935 4055 2741 2405 4052 2464 4207 7451 5050 9572 2647 3838 5975 6055 4000 7231 8858 2182 1571 6953 7768 4880 9939 510 5110 7509 137 5760 2760 1060 7123 2648 5487 9325
97 1062 9840 2681 4992 1460 8165 2209 5962 943 9553 410 3949 2885 1085 7011 1411 8618 788 4533 6834 639 349 8623 7985 6901 9895 6998 2898 1367 691 4122 7757 5406 8467 161 6881 6869 5965 2929 6538 9626 6471 4071 6744 312 6605 8085 3263 3523 3890 5534 3775 5535 8454 228 5001 455 5214 2839 9296 1550 5711 3191 8336 6108 6387 2028 172 8428 4810 8374 8068 3033 9670 258 75 2742 4750 7075 559 1247 1011 5796 7234 7528 8330 2155 1681 1468 5882 1885 5755 5064 6104 3779 4632 1323
97 8628 1710 9061 1712 5142 146 5379 3062 8658 1612 2231 7045 270 8995 1697 9522 5424 4394 3965 8163 9897 4097 1778 2142 1892 6207 7959 829 955 8173 6035 4609 1726 4280 7229 4699 328 1426 9514 3581 7905 4591 8740 7787 2100 2807 4249 1842 9967 6678 2709 8268 8893 7967 3619 8061 5360 4268 5817 5272 3542 351 9240 8801 6755 3614 2135 4988 605 8243 5758 3872 8650 477 7965 7613 7632 2409 2462 5198 9328 8479 2203 7179 1155 2626 6147 6268 9425 381 7915 2374 4502 8950 4717 9685 8203
91 8669 1447 8238 9386 3736 1469 7863 3280 6185 1124 7238 4326 2677 1509 4297 5398 5641 8187 1006 2734 6442 2442 9018 7961 1051 6795 9450 464 3543 433 9337 7243 8562 9806 2105 188 3496 4735 1830 8290 3710 2057 7801 3686 3559 8539 6889 8114 2339 6691 4294 8411 6628 5932 4067 1688 6439 7442 6724 2279 9833 8670 36 4016 5369 4830 401 6301 1883 9044 3533 1214 4836 794 5056 2755 6987 1916 4820 1022 9320 3756 5544 3966 4676 9402 6033 9680 1129 9433 939
98 6205 2319 2530 5366 7648 2041 9597 90 1390 804 2555 7974 1600 311 9053 8223 10 8832 6116 4197 3893 8398 9831 8300 1797 3381 913 7133 8350 8627 8812 4577 5530 2325 2849 2126 6477 2103 9936 2574 1856 364 2191 6347 8197 7344 7910 441 6637 3077 4188 9988 8842 3498 3021 2592 2128 9430 560 2335 5147 9562 6534 3666 3759 6803 322 9786 3082 8542 3161 6940 6419 9702 8981 9696 621 426 7746 7508 6141 1153 5096 9916 7525 249 2881 5151 8048 2863 9766 7960 8170 7346 7756 3145 9169 3753
90 6984 4371 9013 8177 8504 1739 5321 5061 7167 6698 4272 7789 3010 6509 5809 9017 1758 9889 1908 7633 8329 7026 3649 1927 7876 3751 6671 6243 8470 9062 2235 6066 5917 1531 5029 4009 2211 5902 353 7159 4999 6059 6821 6853 1381 9953 3304 9032 3214 4099 6481 6302 6081 8176 7186 3514 579 590 6061 8741 2458 9580 6900 7678 7558 5200 8410 998 4223 1175 4635 6373 3903 2455 1162 976 7165 6441 5657 5682 736 2718 7827 4723 7168 1746 6232 9668 2122 5532
99 6119 6084 8952 1752 6729 9392 1767 9414 1519 5068 6133 2665 9968 9389 8189 879 2818 6503 74 8272 4113 2583 4363 8028 7433 3518 6244 9020 9100 5976 1478 6324 6763 5603 6533 8717 9571 1255 9215 4006 2666 8349 1446 372 9797 326 4564 180 6145 419 2109 7921 1642 7487 6258 3814 2250 4426 2799 3209 2860 8566 6198 9532 8298 6274 8348 4901 4353 5905 974 87 6861 386 7638 7292 7436 8643 1178 6770 4317 8806 8714 6269 4384 6132 8255 674 9853 8526 1625 3009 9762 5938 2098 8585 7420 9555 2485
95 3400 3911 3561 6835 2297 4906 2258 370 5609 839 4571 9545 5850 8394 4944 8513 6737 2560 8480 3286 9080 4321 8851 7969 2239 874 7261 3607 1010 9222 5468 1191 8609 5867 6760 731 3231 2382 5754 7836 9877 92 8097 8883 8456 7141 9942 9086 7349 2622 5989 8332 5921 6896 7723 63 977 1819 3569 7709 2199 7870 8668 1851 3267 382 4910 7279 209 2612 6445 2463 1186 1496 9603 5652 6933 2184 9336 3223 9718 4962 5320 475 649 9480 2778 3657 6 6974 307 8979 5780 2187 6420
93 8185 7692 5836 3845 6711 2757 5738 495 8008 3768 1701 3850 4636 5566 1534 1614 9330 3438 7992 8581 8817 3342 5998 2459 272 8856 4742 9494 3653 6400 3321 1549 3560 5924 3829 1613 2204 7355 2920 7717 7660 2336 8589 8133 6846 2413 23 3110 7397 6019 205 5851 9763 1281 1132 4669 8178 9191 2044 5430 4480 2536 2179 5441 1368 7912 3053 1123 240 6134 8092 2019 5473 4875 2450 1034 5130 9113 7255 6406 3147 1929 4142 9083 7851 9861 6848 3513 5009 9323 460 7779 9405
89 9242 5830 929 5806 7481 7538 4014 7611 5946 1399 769 7383 7375 6932 2579 1914 9908 3121 7396 6982 5091 8358 7980 3664 7267 6645 7377 7327 8591 9150 185 840 6975 9112 7987 705 6950 5213 9190 8699 8770 5062 4527 9223 8483 6751 7042 3279 1119 553 9709 9837 4572 5503 4660 8878 4434 2295 2454 6263 6796 4289 8096 1389 4611 5387 2333 9661 5229 1644 2036 7869 1007 7263 3863 7524 2654 3413 4766 1020 7132 4270 7281 262 516 3575 1242 3918 3376
98 480 5310 7635 8992 3840 2543 5422 2169 4143 4065 2902 6619 4069 3693 3785 9655 9970 4483 8493 3014 8058 9383 3689 2107 5494 9078 9507 2484 2996 6918 6298 9726 5640 982 1410 9564 4713 3407 7298 2552 7364 7853 5556 5697 2150 2806 4864 3563 4584 6319 3600 1788 4686 4747 2024 9454 1719 4853 7570 4458 9922 4993 3585 7832 3832 4715 2611 158 7343 586 4650 3235 9778 5302 204 1311 9345 2092 7294 59 7999 7331 1609 9977 6580 3001 4001 5082 9599 8208 2472 5649 9071 64 2976 596 7571 9801
98 3741 9009 4136 1443 3485 8381 2351 5942 7833 3920 2086 9293 5347 3479 1364 3828 2347 7432 9064 7348 4627 7007 2649 3122 315 7430 4516 5723 7241 4164 2330 693 5083 719 9489 429 9648 2629 1824 8859 8977 3695 2897 7816 256 9179 8512 9464 220 9060 9617 3387 5254 6479 8535 3647 305 5339 5313 2548 1193 5509 6350 5306 6246 2803 9535 333 6469 525 4749 7880 1893 3192 5103 9907 4847 6162 3582 2452 6484 9074 2232 545 1048 4639 1705 3688 7924 5614 4911 7030 9197 5490 4373 2846 8047 7857
99 3126 1241 2994 1348 584 1806 8116 8489 3099 8266 8279 5022 4473 9126 71 7708 4489 1462 1524 472 1560 9573 5980 9149 8306 7690 6282 6021 9849 3233 5389 486 5533 3660 8366 7560 9256 8364 7335 13 665 2433 164 888 3887 3913 7564 6310 8953 2273 3901 8438 6761 733 3140 7622 4761 8496 3489 2723 6697 9073 1518 1660 1283 5140 7094 7124 1575 332 8311 7923 1021 5712 4070 8605 6126 3377 9992 5427 6874 6053 2186 8636 723 985 5777 3822 4377 1339 6812 7879 16 4246 6790 4966 708 7188 7426
85 8036 1923 9448 3474 7486 2094 2145 2690 5531 9210 3596 5990 3287 288 518 1971 380 7865 7536 9372 8289 5950 1661 9985 2090 3251 4929 8964 4728 2366 543 5228 8709 8385 5526 7006 2605 3755 2900 6668 2127 4499 6127 3696 660 4226 7467 5469 5573 4654 7457 6500 1194 5550 786 8724 9799 9027 4950 3044 8499 4167 2269 8234 7653 2857 8317 3617 402 8796 7356 4656 4640 9724 151 5663 3881 7954 6934 6610 8388 2055 9586 358 1952
97 1102 2264 8790 651 7823 1618 8973 458 306 9570 5884 1164 1595 1996 9855 3284 1951 2215 3848 1183 8103 1504 8521 5168 6603 6721 8678 7115 7769 2689 6068 9513 7944 1698 6343 5059 6312 9844 1362 4256 2329 6043 6652 8659 136 4031 3690 6476 9605 4840 2015 5977 2995 666 1127 2821 7073 9194 2514 6707 9121 3382 2161 7206 629 5800 4633 4884 9497 8874 6047 3511 7850 7694 6567 9427 6584 8291 4132 7232 5673 5299 7208 7005 1607 1939 3383 3644 9681 8249 4085 108 5537 5628 7169 6396 5579
100 2789 4512 5582 8378 2440 9114 5710 5971 8734 1131 4156 7242 8608 160 5795 6759 3750 3337 6003 6631 6161 6480 895 8106 5619 2993 1772 8818 7774 8137 7602 4199 5149 7680 7171 4002 2042 641 1755 1526 5805 2110 47 1373 2029 2625 6124 5696 3036 3453 2705 6283 3305 7881 1909 65 6797 5124 498 7134 3717 9399 2425 9919 9398 1820 4243 4086 8555 5859 7572 3282 2032 2640 7488 754 2063 4780 4519 3288 3650 5502 4774 4618 4490 835 5825 6015 3411 4286 6600 9650 101 4151 4424 2465 5451 6370 4928 652
89 8861 6767 3588 3100 5466 7126 1821 6294 9246 1608 861 2253 5040 2004 8062 4193 1275 233 3378 3229 3492 1015 354 8601 9408 6179 7936 6290 8905 3571 4865 6037 8448 9435 9227 6636 9662 3508 404 4057 3791 1434 5478 8064 5308 9374 8687 3995 4274 8416 1439 4497 7497 2068 8379 4687 2356 9879 6456 5775 669 6919 3483 4444 8826 9097 3228 4095 1333 9436 4831 3699 1664 3245 4222 5590 8840 4437 6542 449 7893 1227 4834 5432 25 6249 1356 799 2952
94 7795 4365 1168 7574 1879 2201 6593 1408 4308 9750 1633 5588 1890 496 296 8595 650 6694 5648 2072 4724 3937 4821 2850 5023 4102 2435 5053 2874 7176 8789 3371 2802 1559 7500 570 842 1751 3316 7441 7473 8891 7295 7675 5455 7697 2275 5429 4005 9441 5188 3116 4347 2115 1277 7087 2243 4135 7551 8334 6494 5514 792 2725 5189 771 1975 5903 7293 1955 5483 2051 4596 9461 3272 5762 2407 4291 4129 5123 8205 5361 797 3683 1621 6491 9867 9146 5757 1396 4319 1836 7253 6798
99 2520 7328 8960 8356 930 2334 298 6307 614 1233 933 6639 5353 3809 6877 391 3 4496 1948 7160 836 8693 5193 9581 6613 9621 5922 7127 4342 4306 2383 6609 3637 3205 425 6870 7128 3894 9483 7951 3656 7144 1059 2876 5864 9850 846 8828 289 7425 6281 7849 7300 2919 883 330 9282 8781 2722 1391 2266 648 4244 1266 4642 4392 5539 3059 2721 4137 9082 9540 184 8677 5067 785 6473 9281 6598 12 9493 6745 3193 4741 8631 2466 4918 8301 6425 5435 3210 8938 8468 1741 1553 6589 7751 4580 2800
93 2892 1636 5553 5527 2248 4056 7114 7445 6313 3612 3030 1379 1288 2781 5218 589 8337 3410 2494 7537 655 7651 7003 4626 6421 532 8027 6758 8747 8051 3197 1915 9211 3359 5907 8683 9915 969 5421 9243 7745 8345 4084 5395 6118 5014 9578 4986 5705 8218 3907 5574 1397 2882 4050 2812 7783 5739 7406 5108 9991 6910 1219 7973 3541 430 1632 4501 557 612 1081 2829 5500 1088 4700 8022 7939 2751 6705 8465 7412 519 6949 1874 3959 5633 647 3000 7311 8935 4452 2964 9318
95 7511 5381 6843 6566 7979 7085 3064 779 8488 8210 2218 3781 1672 4854 1990 3218 2656 1079 2 6811 9183 3771 8682 9261 3527 2165 3547 7450 9703 1209 9793 8494 4155 1804 3319 3428 2137 1190 2338 747 1258 7791 7257 6856 7913 7901 7272 2251 1329 4457 4858 1304 3916 679 600 8136 2908 6530 2864 1866 6708 9982 1764 4149 9499 130 2795 549 6433 9956 5039 7032 7415 5699 9102 7209 4343 1795 727 4866 3538 2888 8871 9269 9852 2810 3183 4961 5105 770 4913 6535 7932 5923 214
93 2085 539 5581 384 6275 3277 4692 2022 3844 4791 4250 3691 3718 3824 9923 8433 2871 1405 21 8159 8040 2999 9534 6381 8124 2918 8676 1158 2515 2616 8520 2341 2895 2102 5799 4784 7368 2034 3764 6024 8982 6073 3138 4220 3067 9938 8212 8538 1605 400 1552 5552 3046 6749 5317 4020 4237 3017 6443 5504 5646 6206 493 7089 427 4899 3355 2730 1889 5618 4112 7920 7122 6367 3217 3222 7325 6525 2120 4896 5273 1733 1068 6882 6563 5452 5949 2858 5807 2489 3962 4916 3150
89 7483 2565 3852 3996 6714 9998 9213 9556 174 3327 1678 3964 9725 798 8795 2381 9828 4388 9046 7732 8325 3016 2419 4829 6051 5959 8940 3144 3115 2354 1138 5461 4726 8629 531 4466 2501 4759 7407 4616 5638 5447 4736 246 7071 2748 1358 3212 9384 5704 6815 9198 2599 3434 808 1564 7550 9429 2020 4362 5186 9615 6305 7727 7786 9888 2776 9025 4114 4721 9462 4221 7544 3714 9701 6372 1352 827 8117 9582 2693 5999 7058 3340 2529 1680 6182 3633 7658
100 2424 3715 6522 9510 1731 6098 7903 3156 1334 7424 2927 7086 529 684 1986 6267 1069 9735 3353 2502 1754 4463 9266 1863 2504 3930 420 3680 6128 6701 3507 9834 8302 9404 3369 7113 8866 5247 6905 7489 2451 5010 4182 7155 511 9505 7194 9918 6692 3343 2675 3159 4038 9798 1583 3232 9196 2067 9327 6840 8994 6553 9698 780 8849 5874 8113 4420 7530 2375 9148 8688 3568 1993 1121 7305 8560 2246 7685 1065 5858 2277 6823 8732 7605 1771 6659 2088 8543 1598 623 3356 1115 8102 7341 9756 6150 1917 8357 39
97 8887 9124 5888 3993 3705 6784 8295 2606 8232 6978 1033 2444 1222 5979 1280 524 3133 3566 8926 5334 2001 535 2059 6006 7443 4022 1424 8310 6346 5898 3782 6719 2043 3651 1647 3932 5992 8617 6393 9869 3166 5141 4933 9346 5236 9795 2302 5102 1512 5576 8600 9623 33 5955 3606 4219 9536 7970 1871 9712 9772 1912 8155 2944 6130 7867 3535 4623 657 9900 8721 5604 1911 622 4677 2814 6404 3022 6169 3456 2694 3045 5004 3362 3261 9478 6344 106 8987 5002 9117 3931 3080 5368 4077 2322 6712
94 8401 6576 8557 3130 8616 2461 2426 4937 1829 3754 997 3404 6965 9088 3794 5407 7036 5234 4991 4073 6340 1998 1639 6270 826 2037 3936 1216 791 3238 9567 2635 8519 6550 1027 8160 3860 882 6201 4141 8105 9397 1330 7654 5482 9230 52 1302 5779 2747 9914 598 6413 9101 3740 5786 2916 8657 8844 2449 367 4357 6136 3444 7835 7818 7249 7468 2532 1224 8644 6986 7039 9841 9144 3295 254 173 9133 8590 942 8594 5249 9714 758 9995 2740 3752 6395 992 3874 1941 3786 5496
91 9857 5691 1144 7596 9376 8320 7822 6997 7934 6122 6955 8516 2941 4746 4423 9067 1659 1894 5815 6890 1946 2303 3034 9076 2016 3035 5952 6876 7875 5642 5768 2434 1930 8267 1315 6574 3155 9789 3732 8697 9924 6916 22 8444 1493 8814 9686 9108 1 4825 9813 5277 2223 1206 3663 8021 1623 2771 6891 3745 5382 3409 8726 6733 2377 1897 2826 468 329 8897 1104 626 5450 5492 4943 3709 1179 5167 6927 7748 7154 9740 8634 4477 8860 7239 7758 1964 8746 5153 9395
92 9964 5012 7465 6958 0 8352 8777 6438 7618 9152 7314 7142 2910 2158 2824 4171 5087 3506 5686 1651 319 664 7687 1058 281 8404 9271 7534 6612 9326 1828 5847 4828 2030 618 1587 4952 6809 3698 7562 8529 3467 885 5767 870 7082 399 1404 4215 4983 3733 9468 4837 8296 350 2680 6335 1546 3895 4960 4839 4515 1371 5560 2975 3521 815 7742 6295 1093 7649 4395 1968 7013 5177 4795 9512 500 6621 8662 5508 8641 640 3851 5195 4063 8622 1872 2832 9416 197 1803
93 1683 8852 336 4327 3589 9026 9972 9808 489 1246 5437 217 9672 7950 5085 5159 7416 6740 7608 9370 3980 1902 1995 9070 5199 4695 1674 8093 5484 6188 5759 3135 2798 7777 9096 2254 689 145 9322 9193 4195 1757 7712 70 8815 4443 8705 5677 7740 2959 8287 759 4478 1308 9784 9959 5163 4788 2166 7068 4815 6241 4126 1236 739 4987 3847 7565 4189 6990 1581 1359 849 1562 932 6289 4745 4295 6434 5926 4613 3421 7855 7138 5112 6776 5216 8237 9731 5021 3594 8914 1594
95 5811 4586 9451 4727 9485 9016 9902 4285 9710 5134 5513 128 9594 8393 5055 9782 6011 6154 3344 4872 8664 4134 1849 5620 2476 6695 597 6153 4664 1342 6472 6937 7899 3992 3948 2124 5348 3770 5203 5981 2838 2317 7978 1148 3729 692 83 2791 3445 5253 6277 8782 7262 3652 4375 1002 1690 3504 2101 4752 6483 3292 6969 1053 4154 6106 2035 1770 2930 2267 7897 7162 1253 876 8793 2576 8574 7760 121 1107 3361 4140 796 6676 6168 8773 3678 3906 8919 3601 1747 3761 3072 6941 3255
88 697 5756 7455 9983 9842 8794 1340 3060 4019 6922 4428 945 8804 2495 9575 1472 2815 481 5645 6107 938 5309 2486 115 4751 2590 7390 2598 2222 2011 8075 8993 1156 6449 8150 7015 7040 2733 1152 805 4087 3640 2979 1898 718 1403 8122 8640 2765 6571 7614 8967 6960 3665 820 7644 4148 5862 2362 5912 9737 3370 8005 6351 2931 9010 8168 1601 2511 703 447 6923 5377 7034 6316 9884 9470 4251 6586 9981 1449 6894 7976 3104 2082 8797 746 60
95 6507 7691 6192 4145 8758 6516 7929 6315 3556 5904 4624 3334 2828 8115 9469 9287 5031 4390 8788 3336 6030 7594 8461 318 5676 1450 2671 2084 4103 1000 5155 6200 5225 5929 4925 3842 9309 5237 1361 3493 4168 24 8694 1016 4238 9723 4876 7624 4027 9663 1406 5036 9819 2111 1309 9752 8603 5281 7252 521 5890 4310 2185 8417 9649 1151 7725 6379 2403 3816 2667 9618 698 7741 5982 709 7716 4657 4888 9892 6966 3350 8571 8482 6753 3142 9259 9927 5069 9931 8112 335 9596 6036 7363
99 1693 6726 1781 8472 9447 3113 9262 3632 8057 1823 2868 6791 6120 1208 566 7765 5298 5171 2320 5006 3057 5801 6129 7531 2488 5120 6403 1192 4927 123 1413 8674 457 3892 2623 7339 7429 7693 1566 8161 6970 84 7359 9486 3886 8125 3712 8530 6570 1569 4898 9059 7841 5209 1717 7682 6777 3767 1774 1355 578 8032 5241 4174 854 9569 856 2080 7683 4042 645 5720 3306 6317 6002 2562 978 8820 1025 3835 6504 8838 2226 5015 8154 4435 7275 1709 9364 4302 9085 6556 9776 1145 127 8351 1529 1435 2368
96 1775 3825 616 4018 1301 5866 1535 7882 959 8426 8965 9957 6257 2492 984 4061 193 9516 2143 9292 6102 4341 7043 3631 9906 6384 3826 2984 3968 6032 45 8452 3247 7012 3040 2491 2406 1960 1744 8013 7092 3908 7607 7659 5743 9791 4387 9608 6123 4965 9048 3528 5783 2794 7911 4765 229 9361 1497 953 8305 6125 7 735 9863 4442 6630 8081 4004 7553 4588 4265 6432 4652 7213 3799 6490 5049 8685 7270 4526 8780 9733 5311 1932 523 922 9244 4333 986 2808 3972 7512 1003 9949 9822
99 6001 259 3888 7814 1220 2070 2763 3420 5863 9628 7107 3189 7103 1756 6656 4711 601 2262 3252 860 7446 4576 1700 99 8997 979 653 6572 487 918 823 2497 1530 378 8193 4651 6337 2162 5491 4034 6868 1484 5396 4330 9385 4281 7104 7376 9741 4225 6065 5765 5674 7236 8890 7384 6886 2522 2779 1982 6866 3165 9911 3472 5701 9283 1737 2834 412 5751 8998 5269 4160 116 3587 1213 3956 9268 8715 5252 6885 3242 9910 2376 5960 8792 1300 3173 5592 6562 9477 4868 7621 6827 3230 9600 855 9975 8927
97 8924 3551 7657 8524 7290 5680 3978 3436 8441 3065 9656 9965 8645 7609 7520 9400 2698 4923 3520 6502 3386 7762 5839 7365 4349 7568 2774 789 7158 1028 5390 6382 7719 3417 5063 3018 4894 1988 1284 409 8052 8575 5913 4446 9446 8667 1029 8725 7019 3586 7837 7535 1289 5599 4797 7986 4475 4181 6816 3943 2006 4456 1271 6239 9566 8971 8985 7214 4681 6947 6653 5529 6070 7351 245 1961 936 9764 6146 917 6756 1398 1702 4892 9960 6517 9168 1667 9646 2213 177 8500 3910 5900 5855 140 6786
89 4672 7743 5666 7800 4701 238 1376 5148 3012 9652 6537 9388 8455 1653 4213 8360 6017 8949 4118 9324 2971 2168 8510 5460 143 6669 6394 6338 749 7559 4312 5875 952 7031 1577 1332 628 7914 957 8757 515 2783 6341 8260 5540 8498 5359 4844 7736 163 4144 6785 6028 7055 4720 4679 6095 1433 3071 4521 5746 2397 7933 1086 7595 7539 2586 4842 1950 4781 6222 7472 7220 1114 2618 3743 5798 41 7656 6428 9629 8171 6237 3025 4462 9236 57 6085 4240
96 2328 740 9415 5846 817 5443 4806 6375 9980 3638 3970 5008 7256 3352 3540 894 1392 4476 7083 221 8204 9858 4792 6430 7277 7615 5152 8810 4946 7228 7072 9000 3512 3784 9481 5190 5119 4231 1900 1089 9348 9442 1813 6774 6779 3465 7684 9120 7419 4465 4436 3432 8264 2079 3971 8577 287 8342 1716 1834 9934 2353 5668 4169 359 9298 1513 277 4369 506 4800 9711 9491 538 3675 9305 9525 5984 1786 7734 5617 5518 6238 8902 9419 8570 5342 3620 6849 3628 366 6543 8246 4873 8368 1423
96 8384 7319 991 3037 8779 2026 1922 5613 5611 8679 3532 8680 5327 7223 210 8475 6604 6879 8857 1249 9037 2280 3090 9401 6994 7474 153 729 8432 3074 2221 7584 5678 5564 9188 9560 7010 6172 5336 946 1170 3195 940 5889 4955 8759 8974 5659 8034 9508 4011 9637 8050 4684 3188 4090 7843 91 4187 7764 6345 2078 3335 8958 7070 670 5994 6407 9176 5849 5048 2567 721 9804 5397 702 6689 9475 1624 1349 2255 5964 7475 4082 5595 56 6569 9051 3296 4322 2983 9925 5808 5935 4665 8986
93 2932 5157 7501 9352 6204 2556 2752 7928 9940 3961 9285 5412 8477 7403 1293 9254 5963 2202 994 5307 339 9360 5930 6826 9933 9138 8316 3763 6935 7807 7925 6716 1725 4945 7856 2909 7212 6594 2652 1238 7478 3234 561 5983 9165 920 453 8030 6780 8910 9142 8742 7191 324 1648 2559 2714 2058 5365 2682 7672 9377 2065 4757 9452 1172 9184 7809 6304 825 3861 1954 3804 4283 9770 4183 1622 6462 7532 1118 580 7546 6549 9252 1133 4352 6988 7926 3260 8889 1769 1234 8809
92 5721 1483 6592 2553 3494 2727 5601 6709 8904 3672 9279 9576 1140 8439 2307 7750 9717 2174 8219 2580 4525 4133 7074 4044 8276 3200 35 4530 8786 6807 8387 3630 8280 6814 1628 5877 6682 8380 78 7413 4982 4419 5261 4696 3101 8569 1666 2986 6957 4912 683 1282 2227 7784 7877 6688 4021 4823 2003 4981 313 1427 6968 6750 6665 3398 5 4607 3390 6096 8431 9034 5844 4300 9856 1231 9969 2924 9638 7484 7460 1108 5703 4040 5301 4030 4245 9565 9185 7452 3889 7688
88 9979 3241 9162 3091 3517 446 7265 2308 3094 5542 7909 6361 9387 6385 4467 2819 3357 9484 5749 2970 4513 8308 661 8854 3728 9978 7431 8491 7453 6820 2249 9052 9371 9826 7023 8673 9823 681 5243 8259 4963 4822 3841 9015 7077 7887 2470 3354 563 6728 7222 9994 8194 1517 1958 6557 5887 6142 9353 7291 4307 7069 8901 6025 5856 9367 8873 6943 1654 5919 1753 9180 4604 7308 4455 4631 9590 6615 1440 1276 3800 497 6893 3545 1679 832 1802 494
86 4658 3870 5037 4668 5434 6489 7137 2770 5257 4194 4257 6674 6397 7288 9887 5672 6318 2327 3468 7576 4039 1226 7919 3240 2627 1103 7148 4351 3899 7135 1638 7111 658 8710 201 4311 1840 2571 715 3490 5284 7790 3092 5741 8403 7554 7526 3898 8736 2546 5717 5879 2399 9821 2153 5162 5597 6093 7957 4920 3120 5066 1738 9368 3450 6775 6056 6930 4405 5661 2337 9050 9307 6208 4479 9 8263 2989 756 9300 699 8250 4793 7414 4279 7652
89 3293 1568 2395 3368 7590 1735 2276 1943 6199 1269 2880 4593 9803 4293 215 1860 5128 2917 348 3536 3315 8525 3388 6228 1198 3941 6687 5038 3994 3005 7907 9809 8599 981 3302 4556 6401 9768 6138 9284 8713 3325 2954 3546 2173 5896 2468 2261 8 2490 2378 7330 4440 2212 5901 6110 8969 8101 7796 4242 7386 3262 3068 3175 8007 5232 2390 2911 2342 9633 1141 536 3562 3565 608 8138 6817 9460 9926 1337 5113 7647 5341 4890 5267 8756 9552 9561 4451
95 6264 7498 6985 7873 4224 5941 5789 3592 9465 5671 9403 4230 88 80 8376 271 5423 2445 6306 6981 499 4849 189 1895 9700 7968 6646 4117 7399 7435 921 1798 8254 1259 4166 5384 7738 1490 6864 9440 1799 7623 8615 6514 1670 4520 8192 4491 6956 8256 7152 4494 3128 8881 3510 900 5925 8611 6512 5349 7650 3095 1070 2446 627 6608 4296 5700 2867 9526 6607 3952 1805 4817 7388 8961 3780 2797 1861 2724 7248 6336 2769 3137 2225 2535 1940 6354 8955 2805 4239 2331 4493 5736 6091
88 1525 4805 9794 1809 2471 783 2767 6197 7052 595 7549 6743 1699 388 2257 4874 7187 3172 916 9644 40 1815 1540 1592 7811 6831 8824 293 5078 4702 9859 4974 8490 776 3250 8293 6561 3515 8765 3454 1635 175 980 3367 7714 2291 7280 5538 1794 8258 6546 6229 7545 7588 6285 2081 1245 5187 3374 6801 4756 9870 7673 4951 6365 5084 7655 4233 5714 5804 27 408 5410 8283 4824 5635 206 1508 6248 7322 2754 8134 4534 5121 4886 5470 4617 4068
90 1338 7892 3827 4303 3843 3167 8592 5231 3674 7466 4758 3928 6437 1810 1694 4537 407 9439 6452 2585 278 6181 1256 9069 3935 2609 7218 8848 2360 6983 4953 5600 5536 7715 3351 1023 6999 7739 9251 5679 3902 3989 6727 4381 6151 4566 9175 5073 8681 1116 1239 1891 7201 5264 7378 9171 8563 569 4716 9358 4028 7548 7724 4422 2782 4968 971 1873 7310 2481 9937 9072 9068 5585 7001 4047 2393 7710 7706 7315 6299 3123 3879 2943 4368 2372 6920 857 4161 1176
87 5549 3236 4186 6009 3778 8588 4336 4179 3739 2516 787 8424 6828 4332 1918 9132 9666 7394 3050 2310 1385 1154 5899 9941 4947 2241 7360 8324 3028 6156 6508 5625 7884 5363 1869 7244 6520 6634 8281 5233 6330 8229 1585 9363 5172 5117 3787 1105 906 4622 9913 5485 2823 4298 841 7182 8227 2154 6265 452 3979 6575 5242 7464 4147 342 6297 3912 6247 7381 4290 4474 1416 656 6926 1488 4441 1077 5262 1796 4551 7955 4547 1787 1682 7681 5090
88 573 5782 784 807 1035 3802 4216 1458 2508 4464 1344 2524 2957 5194 2089 6583 1321 707 9140 8199 9848 9011 3380 3557 1097 1243 9745 2509 2176 9963 6806 9693 1963 4956 9406 5819 7830 4212 1785 3706 8338 5813 5204 3671 8559 3024 802 4902 6867 1944 7297 550 5414 6063 2831 3216 6842 9694 3365 1244 9665 9118 1354 9109 3599 7447 6160 5908 9316 7479 7274 7338 6704 7177 3399 9738 150 8711 730 2062 8333 113 5687 431 1822 4767 5737 8598
97 5164 6778 6679 5694 7440 1548 6627 4734 9423 6064 1650 3834 4284 3997 3056 1947 4278 1790 7860 834 224 4152 9362 325 5433 6838 6895 2792 9903 5561 9896 3798 9984 8415 274 752 1721 6754 4325 6602 7017 9720 3249 6117 5180 2887 5572 2210 6450 7579 7286 8900 7813 6364 9509 6221 6764 6076 6643 3439 5841 9066 5636 5215 2848 4914 8200 3442 6390 3149 8532 9989 7517 467 1945 1257 3645 331 58 562 1906 7392 5654 9658 1816 2108 8226 8198 1139 2301 4263 7612 2431 7503 5126 3268 8017
94 9291 1380 7207 7161 6377 5883 695 30 1026 2363 8409 8464 2112 7282 9038 9241 8903 8079 8586 2448 5266 9679 1776 2007 3136 3803 379 6475 1732 5931 6000 887 3331 1818 8152 4554 3358 9592 9976 542 7947 474 7318 8943 5973 9705 9746 2738 1296 4518 3924 7972 1949 6233 8425 3225 5575 3817 1061 4210 9130 4185 9997 1692 8486 1832 4049 120 908 6101 3947 6398 6411 5498 8110 4621 3877 9527 1290 9601 2507 2506 3391 7438 1420 4977 6683 2352 7372 8660 8402 8331 989 9885
95 4128 847 7002 5027 9247 8762 2762 1384 6320 2147 6184 244 2357 9812 7373 2189 9742 2260 6661 1779 987 8691 2719 6513 361 9579 9541 2160 958 2646 9684 3516 8855 2545 8671 3792 476 625 7956 4675 3769 3577 5280 4924 585 9260 9253 2293 2661 1444 8656 9610 9614 790 9321 257 5837 7772 3833 9189 8339 4807 7332 7307 866 5915 4407 687 9091 7630 7301 4202 6392 436 6703 8157 9079 2167 2833 198 3529 2720 6272 3730 3682 3086 5439 9001 8661 5282 6202 8896 2707 9865 9604
97 7704 778 2639 3609 6836 838 3635 3783 677 6193 3625 3157 3083 890 3455 3597 5464 6551 8346 7477 6938 3186 219 4350 1160 7130 6700 5160 8625 1386 9286 3679 4096 411 337 9202 8922 6873 5650 2178 4970 1473 4123 1967 5207 9306 4630 6547 8915 1038 8767 8367 8652 1603 167 4786 8888 5893 1847 7515 9697 3206 751 717 2775 9669 2866 4108 1442 5713 451 9173 9817 581 9459 2906 232 9868 1677 9125 4575 7616 6565 8315 1167 8755 8371 6329 4335 4729 7354 5936 2233 9319 988 5375 4003
90 1109 6038 9479 166 9312 8823 200 2340 9758 8056 8335 4996 7024 6618 2813 6633 8224 5658 7462 7699 5394 3958 8989 2010 5109 7353 5665 575 1743 7225 5019 3987 1142 2408 7340 4706 1120 928 5278 3818 1328 1570 6931 6660 5017 1807 4023 1763 8186 2865 5881 8692 8735 8275 5178 5685 9890 4641 107 9317 8930 3433 4670 3627 6303 8738 2922 7204 4832 3139 6007 3143 5612 6912 4691 5208 4328 3338 396 9647 8230 5706 7050 1341 213 7669 6422 1953 3590 6323
94 3349 376 5457 3153 5065 924 6611 1713 8597 588 2853 3720 2087 5122 7499 4081 191 6493 9802 7184 1076 1784 4678 7224 3415 1957 3615 371 8377 1353 2177 9643 845 8282 8119 3102 8242 1008 6564 9181 4260 8619 844 8225 415 4382 5042 6410 517 9496 1722 9131 4252 8545 4917 9205 654 4358 4811 8231 7888 7543 1024 2050 4315 9154 4782 8606 8359 7361 5373 3266 6039 8892 8587 3708 502 2038 5041 7735 3990 6699 7829 32 4088 3298 4072 8248 3058 5770 7233 5401 8478 6591
107 9206 3544 9598 7916 8450 4789 8244 8094 9929 5129 3553 8169 2314 341 4936 8546 3429 9443 1862 864 4427 3096 2040 8184 4768 2951 7713 7418 491 7646 4939 2758 706 2002 7696 8139 7998 7299 9245 8584 8508 3866 2664 8751 5662 9024 1005 7059 2602 7964 8449 194 7461 3108 7102 294 8206 2877 110 5878 9807 1931 2365 5940 1896 9014 522 1580 3313 1503 4472 4582 3326 34 1875 965 2780 734 4813 8833 2662 3988 1619 5239 2427 2949 3639 5459 9426 5605 5910 4208 7387 3719 343 5596 9619 554 9077 4292 970 8473 2324 7250 1071 7898 4120
93 6112 1991 8107 1924 8147 7326 4504 8362 8972 5742 1046 5764 3942 141 1978 4323 5729 5324 1414 4809 9382 2702 9620 1765 6789 4459 5828 2118 912 7628 7886 2965 7226 93 5386 7278 1901 2014 8946 2575 9659 14 2171 2946 1303 9263 4719 9640 9653 5812 1157 7109 5726 2861 503 1149 2608 983 3103 7868 9715 8744 2537 9226 9506 1185 9375 9706 3204 375 743 4985 3274 1365 7100 6190 8190 2569 2540 7578 9030 9544 95 9232 6287 7090 2784 9645 2389 6031 9846 4163 4803
88 2600 5217 9912 4101 644 7941 1482 1663 2804 4402 5781 6349 6482 2960 4958 3184 951 2157 6782 1110 8942 2149 7592 7382 8228 1590 1720 5727 7147 8509 6214 8728 418 725 8632 6706 195 4644 5445 4060 7080 591 5297 1052 3299 7352 6972 9787 9274 8505 5230 2054 4115 8541 2942 8651 1039 903 4046 587 308 6279 9182 292 2505 2968 6606 7131 3558 8978 8049 7271 2289 85 2428 2523 4170 8327 2851 2420 5043 9878 7367 3797 269 9973 2669 7371
93 8737 544 3032 2415 3219 9006 1748 3574 4763 9063 268 1533 1745 5154 2074 659 7788 9487 3659 2282 7471 3762 9904 6466 7793 7626 966 7395 4605 5793 6191 6260 5047 634 5506 2891 7946 3603 3375 3285 8430 7428 4346 9688 7422 8917 1343 1578 2870 3269 3076 7670 1467 6731 4804 4025 5098 239 8921 5174 8655 6693 6684 4400 3416 8805 5873 4229 6830 6223 4885 4595 4275 5774 3570 1273 571 8262 1742 6996 4942 9155 6339 2527 5315 4316 2905 8031 1684 5351 8918 4083 3392
99 6363 2513 9529 5170 3926 5380 2198 6991 1049 1777 2940 8390 7458 9847 6531 2244 672 443 3549 4471 3595 7444 2570 8819 9217 1837 8421 4659 3007 6409 1956 5471 7494 2113 6852 1091 4648 3788 4600 5570 6510 6022 680 2837 3332 3537 1201 1487 6951 8322 2678 4299 3243 668 5587 76 3430 4492 5647 6833 5545 3859 8698 7721 7674 7048 3301 2773 4271 6308 18 9838 911 6149 7333 3773 3363 858 3669 9944 6195 7846 6871 4484 7493 3641 609 4737 7533 3081 3425 941 2498 5034 852 8481 2587 8533 9678
