89 3812 6151 4203 8993 9519 101 2693 5462 9127 715 2891 9434 1998 4653 1382 7062 4743 7122 5775 6784 9302 4102 5508 2261 8871 5634 454 2175 330 6223 8425 700 3547 1515 3595 3429 2498 4038 8601 3007 3801 3415 5065 3445 1849 1450 912 4839 5549 9333 5730 8792 3317 4514 2251 3025 3545 6273 7555 499 5064 5660 9651 5409 3399 3311 9016 9744 135 3109 268 3393 543 4013 5589 1224 617 4491 46 3536 7986 3792 4261 314 5817 4649 820 3931 4415
87 1548 2339 4963 1140 5141 4423 410 3050 2468 5244 644 7959 3292 4473 7762 2869 7351 6161 264 3922 8075 7116 6239 9462 8426 6466 7375 3942 5057 3481 6701 6321 3784 7952 4179 3396 6387 5935 8358 7595 1191 5322 6240 9802 2462 5003 8780 7981 9836 2363 8121 7917 1908 2787 7124 8205 5804 2044 9889 6894 2296 6954 6858 6835 4912 2201 5951 8523 8184 4299 1836 858 9815 7480 477 1845 4758 7251 7885 3161 1441 4147 4213 2497 3364 3477 7678
90 7761 6426 9203 1157 590 925 8514 4807 5428 1544 7639 1809 4586 8106 7125 1060 1851 9787 4786 6033 2061 5616 3306 8412 5021 6636 3295 6335 2682 2825 2123 8082 2408 6683 7607 5897 5380 790 5297 4387 403 1879 2853 4647 2099 8900 6521 5494 5544 3831 6816 4515 9096 6887 2892 7220 1843 2526 6821 7936 5917 1770 3905 4636 867 4791 6904 3077 629 2311 659 8712 1072 5880 6538 187 8633 8838 5082 3858 8859 9670 49 6928 2691 4589 888 5630 4535 7880
83 3990 8153 4273 9953 331 7598 1951 6813 6004 9805 4220 369 1073 428 8159 3615 5612 8470 9674 5439 8029 750 8142 3022 233 7599 7835 1405 4482 4529 5032 2045 5203 3964 1396 4077 5856 285 6747 5473 6536 3861 5030 8777 3617 1425 8403 3982 7801 9438 3204 8554 3655 9051 1029 6914 3562 6587 4905 7820 7546 1231 4499 370 3404 4097 9106 8419 7462 3519 9069 8258 6988 7566 9550 8659 7593 4657 3993 8879 3500 6083 4451
92 4209 5404 6404 3051 707 7603 6444 1461 4826 4667 7667 964 5784 9748 7207 9632 9907 9368 4069 4858 4628 8557 5240 3223 7127 7000 6525 4252 8810 8653 6950 3160 7716 5702 5995 6520 5205 8696 4164 3704 8193 7622 4357 4998 5399 1015 7026 2902 1502 4936 986 2599 1229 9573 355 1510 9678 8997 5893 3939 5316 6034 8811 8992 8799 5443 2809 5299 182 787 9736 5966 3882 9766 3943 7304 1973 5552 3973 5142 9068 1282 7882 3821 9806 3455 5072 706 9428 4885 7273 3843
90 8807 5821 8378 1169 9518 3221 1889 7515 9517 3837 383 8754 1022 5641 1331 2325 4370 5337 9422 7047 4360 7106 8926 8158 7655 9901 8863 1051 250 7179 2064 2051 3604 1539 318 5510 5213 490 8381 6655 9107 2553 7376 5916 7565 9000 7807 7864 5078 3085 2851 6854 8335 108 548 8132 8833 4421 3803 5197 8466 4747 6624 7791 5770 4248 9561 5392 3185 5888 6685 2222 3833 1077 1499 9816 8605 1578 386 747 3194 2062 1627 3470 18 606 9471 8886 3529 7861
100 98 1642 639 6668 3823 2555 1033 1052 8808 1277 1748 1218 6802 3198 1654 6677 5919 2105 5540 3134 6792 407 4241 6128 4196 8561 4392 525 7417 9915 2524 6596 7059 3062 6127 8239 4377 5622 3248 5374 8022 1305 4545 4111 6848 6541 1546 4295 6231 821 1659 4119 4517 7960 7881 866 5223 4339 8869 6053 4306 8347 1071 3274 4596 2121 8394 4591 4536 8899 489 2197 5938 6028 3328 9577 2282 1260 6425 8515 7829 7287 8944 5937 658 7293 3725 8607 4865 2309 1348 5464 327 7899 3339 1895 949 9947 2431 3081
93 8027 3624 9840 9860 6576 4083 7874 4092 6093 9939 4240 5705 5834 4372 6228 2610 8907 1958 6531 1534 9465 9407 7072 2058 7871 8553 5503 7587 4458 2749 5287 4904 9476 9187 4342 5156 9859 3343 1488 7413 4408 2877 371 4461 8454 1992 7773 492 5796 9109 4597 8851 3951 1193 4352 3626 9772 730 9244 5828 3561 1032 7600 8508 3709 6109 9689 3719 5398 8637 131 1238 7689 6408 7518 9170 972 3326 8948 2773 6910 6766 8896 8728 5365 7445 5441 5325 7660 3182 463 3955 1710
102 2022 5613 41 4438 5988 8576 1653 4662 6157 4996 2799 5354 4881 1985 5035 8217 9782 3457 8236 1171 5636 5949 261 295 502 5153 1638 4255 3760 2082 2291 7510 8147 69 7838 8433 1339 845 2609 3281 1919 6442 3645 8368 5488 3750 7898 9473 8446 3927 9354 1901 6115 5870 4759 799 1429 1286 8461 649 2451 1152 2928 6585 1111 3558 5692 1505 4447 7489 5829 1742 1104 3126 3447 8686 7299 4337 1250 9618 3469 8071 1733 6669 6178 641 7104 8548 6336 9082 5680 5519 7729 3674 5978 6601 9682 474 1214 8630 4658 5293
94 4150 1902 8244 8375 9033 7322 9160 5061 8499 3369 4950 7940 4691 6916 5282 5128 8225 3480 653 3094 6234 7091 1562 7962 3348 6229 5822 188 33 1333 7478 2604 5857 5982 7682 3845 9606 7928 7442 8000 8786 6372 1483 7756 5152 9045 8340 4073 7119 6892 717 6354 6418 7721 5884 2715 7893 2529 646 7456 527 5169 5860 9159 5866 5854 8467 9710 6159 2324 5127 5310 5234 5130 8057 7310 4094 7327 265 1067 3692 7616 1261 2886 8702 2453 1448 6009 6318 8978 4020 9649 8255 186
99 9880 3259 3212 2186 9352 974 9264 471 6216 100 941 8088 9485 2854 2096 5708 8689 8070 3953 9808 7866 4238 8183 8289 7995 1336 9430 748 262 7055 3946 2207 4976 4894 4563 9418 8726 779 1132 8245 3261 4156 3675 3180 419 3449 1064 9858 8524 8675 8420 1700 1648 9841 1984 6586 4693 1244 4321 3168 47 7733 6367 7252 2629 2684 3312 5367 1575 9846 200 4312 5444 7690 7470 7990 9243 3909 4787 9848 3426 5700 5029 5224 4571 9862 2590 2429 2959 8099 1165 2539 253 1549 9155 1065 1613 4555 5002
90 4026 4159 4134 2755 9795 2587 2628 764 3407 6156 739 2127 5474 7319 1105 1444 7779 9319 6439 1263 2585 1552 760 4298 4827 8434 2903 7292 9464 9546 1043 9249 8417 2608 6243 1593 4176 8946 8558 7754 6501 4974 5241 9006 1334 4755 1521 1241 1427 4669 7050 4971 7114 1817 4400 3742 1221 138 8196 5497 154 9172 8746 2651 1612 6789 6300 2208 1280 8004 6760 7886 7071 9297 8609 8148 4955 3522 7100 1210 1212 6423 6762 9021 1865 1805 5862 5861 7585 4866
94 2862 8250 826 920 1228 7393 9567 7439 9531 3657 286 6259 3206 8076 5672 3192 9483 3957 6757 8478 1794 3886 2655 5567 2019 6836 8758 3096 4595 8527 7764 1514 1519 9446 9609 4875 3552 2122 893 4863 8973 467 503 3401 8055 5871 7808 1547 5499 3372 166 2006 4230 7398 45 2766 6369 9395 4028 6152 4856 9951 1469 8571 516 1931 6631 6741 7192 2619 3705 5045 5547 9272 3735 8687 6427 8451 3265 2994 444 3711 5604 469 5869 5737 2759 544 8016 5532 4167 7386 7467 4853
90 572 5418 7030 5808 7138 7157 7841 9521 1318 877 8797 8532 3463 1110 6684 5925 5099 7109 7717 3504 7860 2815 775 4281 1506 9913 6946 8186 7895 7166 5164 3748 4103 1644 9122 9534 161 6417 8756 297 8108 5217 3885 1135 4953 872 6671 9630 9291 7231 4211 1115 4466 2036 9040 2980 4369 5174 7547 7134 4493 6288 9118 1596 1326 968 5476 4504 8324 2992 1207 8254 7894 4107 7003 8488 9502 7494 2760 1816 8048 7670 619 570 4062 7364 8330 368 8888 4560
89 8248 7797 3166 2370 609 1681 6888 8393 4559 1424 7822 5015 107 7868 7307 3319 5820 3258 7205 2343 9998 7323 4890 2285 2736 8692 6811 4590 2914 6997 508 8522 4105 304 6338 7709 2043 7578 3084 6578 3907 5578 6292 1014 7529 2803 5648 500 8130 194 9491 7435 1058 4178 1536 6150 3712 4525 3158 7854 8931 5992 6990 908 3556 8003 222 4832 9426 6722 5586 850 1038 1542 3887 382 4880 8363 8766 2484 3017 1257 8584 9453 4233 9175 5727 2842 2573
91 1760 6282 2067 2671 3528 8829 7613 8360 7390 4947 6326 2240 616 8160 1957 2879 5765 433 7637 2707 6184 8724 1714 9208 5738 3242 9735 3425 3629 4127 7286 8120 5280 4906 3618 7643 3115 2516 2070 3026 9052 5952 3918 2475 7182 9268 7482 7194 8937 6605 8268 1699 8834 2968 1369 4731 9227 4588 9731 5261 3672 899 6319 8666 8759 8952 1139 2149 8981 5559 6656 4430 183 6919 9065 9413 3739 4411 9262 9149 7348 431 3746 9820 3310 6665 6002 5098 1789 4930 6436
92 4433 5034 124 5183 6050 476 8582 7498 1691 9344 9067 4071 2258 155 2565 8135 4716 241 6462 320 4873 675 1303 2718 5114 7133 3567 7457 6041 9892 2533 5947 3920 5377 156 4416 196 861 2360 7472 4846 4544 3775 2159 5053 3868 7404 2649 9992 4814 1233 8923 6074 8069 2205 2646 3968 429 79 9357 6862 9673 603 2040 6416 1635 9730 9252 440 232 20 5054 8095 517 5202 65 1630 3524 3382 3818 2369 3156 7790 6608 5669 2214 5521 2304 1264 7423 1089 3299
94 1872 6176 1633 3787 6386 3435 897 9102 9842 8578 7294 3277 8574 1846 5721 2198 6272 4160 5258 4568 1084 9156 2663 1885 3575 5619 8457 7150 798 2926 565 9138 5463 2440 4844 9776 6855 7487 7108 8264 9958 4913 9153 1161 6242 3875 7244 6277 9763 6967 556 7740 6724 2234 5159 7872 1188 6674 5752 5517 9658 7673 5572 2454 6165 3729 4022 1363 7029 8550 7216 6883 111 6437 9286 5362 9590 4284 6565 9861 8961 6238 6018 8935 7857 5679 2989 2079 1769 6926 5033 8462 7590 9166
95 4721 6485 2669 9110 4712 2823 1026 3366 9849 6589 6225 3032 1225 5534 1283 9612 4056 5219 491 2764 1319 2774 6460 4314 2388 173 1856 197 9237 6827 8832 8215 4958 8623 4469 1447 5427 1003 1430 3119 3696 5005 9459 5512 3758 1011 2708 1493 6921 6970 6817 1953 6124 5941 2227 7752 3188 3975 6759 2362 5826 8555 6912 7282 7904 1148 7308 959 3879 7301 2917 195 1637 1027 2846 5593 8774 2832 5250 1350 9255 7737 2224 3374 7858 4419 2110 7887 5123 8308 1442 7058 2278 3358 9455
97 1977 8463 7519 2954 1966 1367 6973 9894 5839 8709 1464 2788 4019 3484 7632 813 240 5629 6535 6043 6399 4771 4190 9810 9228 6471 4112 4531 9613 293 7839 8396 6148 34 9664 7805 5167 24 8302 745 1146 5043 4204 9179 981 3163 1477 5147 4445 6929 7430 8510 8036 3989 4169 2781 2272 7425 2156 1486 4893 8650 7809 3314 5306 4285 6646 5537 5394 6185 279 366 6873 504 7221 9216 2804 4689 4730 5848 7275 8317 2154 1035 4502 2667 3254 5006 3179 4959 8373 4316 5761 1716 2135 3724 4887
90 7843 722 5580 7713 336 3619 7629 6893 2921 1736 4789 7608 7688 1814 571 2286 2727 5530 485 9253 3653 3409 4540 9005 8771 5151 8282 4688 5985 9164 2298 2595 6256 4301 8521 6704 4011 8668 9827 4746 8165 7965 6205 4121 3983 832 5984 8059 4889 9032 9830 8017 2888 8825 3210 7202 8507 7827 869 2569 6879 7905 9700 1587 6947 6233 5633 5564 2277 5026 4548 122 4349 8161 4152 3290 4983 4142 4188 9789 8292 6961 1792 554 2784 2004 497 352 2814 5196
90 5408 5940 141 5500 7997 8150 8991 9893 9341 2726 3848 7444 5898 7324 1804 2548 7889 677 5798 4286 1649 6712 3197 1878 6693 891 7793 5251 2104 4368 2645 8068 8882 9058 3549 6943 2673 2974 2584 7780 4513 2042 8111 1180 7270 9997 9615 5429 4118 6075 804 7093 5049 2955 3859 652 9631 6664 5395 4431 350 3446 1304 377 515 3737 6322 4478 3627 8341 6552 4407 7804 8126 204 6400 6365 6982 9401 8891 309 6419 5458 4130 953 1531 5699 9541 768 8809
96 4829 7723 9221 3770 8941 453 3588 6915 9245 2478 3466 4728 6557 9279 5631 9331 1357 86 1485 4951 103 8423 4809 4254 8788 9548 827 6806 9928 5375 19 8819 7438 6606 4108 1380 4916 8590 6715 3418 5610 6410 6313 1118 7357 5332 2499 8445 3633 6840 3462 1636 1144 6778 2029 9411 1076 7648 3804 4629 2705 1154 3598 6447 4694 7970 9543 7195 4680 3060 7850 3159 2864 8710 5345 3482 3063 6773 8539 6907 9296 5767 2020 1690 9687 7724 6380 771 3732 2530 8693 3149 6014 5102 9157 5676
95 2450 8102 4089 9415 1754 4813 3847 8009 7328 4641 5470 2403 8533 7794 5787 6976 8155 9308 510 5074 8783 9400 2404 7239 5882 3854 3684 9690 6572 4613 1589 8220 1896 704 8062 3105 190 8265 5480 6917 3205 68 4969 5501 5674 1079 3691 3331 8950 7191 898 7932 4707 8145 8979 1967 9444 2302 4820 7946 1996 9148 575 7402 1874 1094 4309 9146 4980 9566 106 9523 4456 5484 4201 7507 9513 6779 4767 5733 1709 1181 7187 8947 8307 4831 6612 5785 7137 7522 5584 5779 4039 5522 1398
99 1910 5248 6635 9626 3031 6808 4263 4035 4131 3917 2515 4481 8872 7625 2218 4327 7918 9360 1646 882 5437 7897 7420 260 6575 2639 3817 7659 1698 5235 8096 3970 2835 955 711 2911 3323 484 1373 3318 851 5124 2279 9310 449 6315 414 5331 1395 7606 2806 5184 1086 7226 4626 3601 4805 7171 6703 60 9619 2315 3851 1867 721 6135 6506 3208 7075 7543 4610 9025 5566 2364 5953 442 8984 6077 5748 6980 1740 1472 6308 278 1767 2670 3810 1055 1298 21 4828 4673 1384 2808 9945 4061 8234 5957 7481
88 9650 6370 7383 600 7057 6217 6121 221 6987 7126 6473 3430 4886 8703 7272 4074 6122 7884 2434 5472 2849 705 3408 170 3239 8078 4924 282 8737 9231 1189 4383 2195 4426 1897 1834 2477 6010 5329 6569 1265 597 333 6865 5914 4244 3527 4516 7257 2136 8459 2782 6085 9242 6868 2366 335 1898 6368 8276 2731 2436 6930 7693 3998 7016 2874 4687 6798 1702 4222 5412 6219 2148 2323 8906 2571 8140 1407 976 3093 1936 8749 5715 4631 8288 8656 5762
85 7800 1438 5172 698 2426 5489 1106 8575 2685 2248 6891 4378 6213 2425 2196 2743 1247 1729 1892 3086 4551 36 833 2031 4925 9770 289 3654 8301 5274 2101 642 3211 3099 7511 8465 786 8295 7283 4681 7280 2084 8983 8117 1342 8635 635 5548 6899 4346 9537 9835 9457 9863 288 3155 1926 7338 5736 934 7235 3904 1693 4760 8498 7728 6280 7937 5781 2372 852 9971 6342 3577 119 679 4332 9647 123 2307 3018 8502 3203 2174 5012
94 8669 5807 5556 6989 8672 5086 555 5659 1685 7340 259 7158 2805 6957 5837 3911 6940 1673 7675 7618 6172 4353 5754 6464 8585 393 4290 1004 9498 7210 8497 1160 5712 2547 1827 4001 1443 9059 2486 2694 5983 4356 9729 911 2239 6588 3367 117 1929 2358 9757 7474 743 7010 6574 7065 8875 1205 9486 6590 5536 4697 1465 6965 9703 591 9274 6549 8562 7523 8489 7162 5827 3880 9943 461 1075 7631 9549 3688 2501 2435 4977 6022 6102 5456 1752 4506 1608 6963 5596 1439 1802 1925
98 3640 1623 5740 8221 7490 9999 4000 8491 1768 8188 5360 5011 9777 957 5899 6812 4726 4091 7290 7789 4318 3448 118 6103 5655 7452 3392 6597 4138 2466 650 109 9528 2242 7155 7698 9818 7473 3458 5060 7514 2457 3620 9540 2828 5056 4161 547 356 6195 50 6 251 5513 7346 9394 5260 3873 6353 9575 7020 435 7577 6825 2118 8376 4941 1721 7870 8893 8636 2442 3116 5553 2472 4141 1074 9834 1708 9539 9936 3045 9844 8641 9299 4350 9115 5819 1924 227 732 9760 9278 8949 6582 1273 9724 6955
94 1597 4157 9326 8398 6937 3412 9529 2546 8274 9578 2943 5973 6146 8345 3642 2532 2662 5518 5178 7654 1869 7431 3673 4208 5041 2455 994 6511 8207 2150 5471 4598 7767 3421 2677 3313 228 5328 4143 6526 1797 8167 9510 766 7815 226 1203 4617 6618 3104 2672 4782 4899 7718 4084 6749 420 7735 9404 6750 1881 2250 4915 3403 8589 5720 2810 6391 7534 8357 7626 5833 8626 4412 8257 9985 7686 5025 2951 4768 2163 8277 5062 6592 7006 1394 4060 8680 8784 2551 7368 7715 9188 9738
91 6142 2276 9346 3647 4512 5773 4280 7306 2576 7672 5116 7248 943 7561 4397 7781 3273 3246 2347 160 9614 5703 6861 6488 5424 8970 2490 3067 6208 1095 4895 6136 5187 3662 9424 6515 9271 6614 3235 5904 5987 4602 1940 3135 5523 938 9480 6197 4453 2226 7624 759 3488 7032 6078 3644 2949 5774 4678 4582 9047 6064 829 8448 9397 2003 8187 5600 9043 4675 6047 1134 2579 7814 7771 566 9887 9101 9367 3216 3452 6787 8043 9798 2657 6062 4082 8263 6291 1184 3144
90 8284 1763 6461 1554 9864 6193 3539 6619 3867 8080 2271 9197 2614 1403 8449 4320 3442 7513 7253 3718 7722 3731 8858 5811 7353 35 5667 6740 8157 6805 9126 9809 7842 4170 7031 6376 1579 915 9041 5843 5783 8911 1720 6764 734 4543 6428 8556 9105 8965 3995 534 2602 4907 1310 7063 4216 6163 2260 7223 4618 1301 5180 6060 7759 8542 3125 6046 709 3822 9145 3006 6829 5467 5595 1734 3047 1880 7296 8211 6657 3699 4029 9792 6026 9919 3201 8192 1942 9902
97 9692 9328 7538 7453 2997 3171 3040 522 3976 39 9342 4816 6922 7129 9765 8123 7464 6611 3130 3827 1143 3533 1402 971 405 6573 3167 2899 5918 6902 3530 7486 5233 7602 2199 7503 6385 464 3783 4330 2385 6841 6207 5790 552 5101 719 4444 404 4055 7381 2769 2338 3479 5281 9794 2117 6551 2065 3015 1938 741 1459 4769 4081 8534 1457 8061 274 2758 1497 4585 2407 1577 8747 6477 2613 8195 3940 5654 9362 6622 252 8212 1195 9960 8386 1875 2612 2056 2055 8014 6377 2944 93 9458 9327
90 5759 3736 3757 5750 157 8915 8387 1009 4690 220 9468 2485 8298 6546 8572 8490 5792 5389 8898 6247 5645 2179 3878 5110 7354 6203 3754 5929 6005 1813 8468 4719 5262 9995 1422 8370 9857 84 3511 5585 4778 3565 9318 4800 5289 3628 8372 1025 4399 1971 954 2120 2013 8647 7352 6705 5772 1609 2860 6936 9927 4566 3164 5193 1830 9129 4439 8104 9461 1167 5170 4059 1388 637 9349 5450 927 8110 104 9015 2057 6174 3611 4929 6498 3268 5863 5007 9380 9868
96 7250 7954 1979 2933 1641 6658 5268 4010 8013 3506 9817 5298 5697 7836 1943 7345 2373 8332 825 301 7278 2537 5877 8421 8379 9584 381 2982 6729 2905 380 5436 7297 2088 4857 6155 9574 1779 5800 7907 4625 1037 2432 8042 6390 885 7051 6348 7662 4066 3136 8839 1494 1604 2991 1978 7240 7605 523 7848 1944 4909 1941 9478 8200 9409 4692 5434 9611 276 838 1045 689 3181 6771 2270 1664 5129 9008 493 2254 8676 1006 487 8826 8738 5204 501 2581 611 5575 3930 5255 9551 266 8640
103 5315 5768 1611 7350 1236 5930 7859 9055 1307 1778 5478 6745 983 2000 6770 3890 4224 4576 3576 4869 2091 78 2353 3256 4751 8226 9592 1243 3505 292 7115 5677 4128 5145 1516 2147 9223 2636 9576 864 6431 7232 7738 8067 5323 749 1174 6211 5664 1651 9747 4592 2035 5624 1456 808 4154 7685 2406 9643 445 9191 5911 7400 2439 8278 935 3564 6449 140 9597 3996 8861 5561 3929 5651 1868 7601 961 8291 7749 8428 7085 9154 7760 2601 8657 1815 7798 2961 4448 7617 1620 1168 6846 3056 8980 3043 5830 1176 4556 3282 3294
89 176 3994 8646 1131 8529 3941 6363 9751 2416 3899 401 1793 6137 2932 9786 3727 5000 7105 3322 8031 7992 7441 2953 865 6072 6167 8021 2887 2800 7246 9970 5253 4015 9196 3439 7262 9366 5371 7146 2223 5805 1498 6097 975 4135 6560 9917 9287 676 3811 3589 460 3335 3082 6884 4986 4376 1712 1107 2452 3535 3174 8962 8374 5353 2080 1749 557 8297 4754 6267 8927 6183 8815 4036 7669 339 692 8895 8327 8782 789 695 8742 7263 5118 8486 1177 3779
92 4975 3303 3391 5908 9450 8845 3286 2295 3065 7236 8407 6341 8501 5746 4475 780 6797 5588 5266 4780 3291 9583 662 5222 2518 3774 3680 4424 9964 4779 9375 4748 831 1916 4404 5047 5414 9396 9926 8621 4567 8371 8122 7665 2274 8868 3966 2583 483 7385 7409 6104 2789 518 8079 3778 6314 2336 6559 1220 9356 5661 8750 7564 4745 4265 4802 1621 2966 546 1987 3860 7787 9382 8573 7135 5583 8310 3207 8382 6006 4605 8127 8050 315 1935 8732 2582 2830 7919 4057 257
100 8880 8999 7493 1680 7544 7329 3334 3272 7910 7479 778 9694 6394 3795 1904 5242 2288 5528 7465 4449 834 7663 372 1560 4367 3543 840 246 6738 2269 7920 4267 3897 7274 7225 4533 4177 7424 2929 7145 8620 4744 5895 6767 5195 5383 8229 7152 9001 3327 777 963 7476 5841 2413 1056 978 8455 4664 8053 2765 1155 2674 6746 1267 7013 1190 6678 9448 2552 9965 9701 3008 3027 7451 3247 2268 8331 6839 9570 9781 6325 1316 6202 8411 2414 4021 4892 2505 1948 9499 4638 8380 9685 2063 8397 7311 7944 4834 3925
86 7766 9022 4572 6558 3427 3650 1392 5515 5131 4192 1907 6320 6186 4489 846 4642 5621 8077 6045 2837 1799 5681 1629 6285 5126 2313 9988 947 2047 7530 3977 6786 7964 4614 2586 6580 8270 3708 8030 4558 3631 385 9449 4674 394 5286 7027 4335 2701 4565 338 3741 7378 569 6362 1397 3048 2777 4005 1227 2001 8741 5725 6679 2075 7040 6402 1584 5637 7249 2210 990 9042 2238 2114 3587 1471 6340 6514 7279 9941 212 1484 3300 4665 9514
99 9482 7347 7680 4923 9012 363 9931 8109 6653 8138 1757 8144 8482 3443 32 8066 6138 4243 8399 9265 5330 5273 988 7005 8912 1297 3816 751 674 3740 5739 7199 7215 8922 7303 3921 5311 2134 2714 4189 2320 4095 6707 9283 6905 6517 5563 8977 9035 2422 4184 909 6748 1671 3638 9204 8325 5387 535 3612 1408 5018 5347 4872 2086 8293 102 9716 853 6003 1783 1434 4897 1911 9638 2971 7433 744 7926 9895 6209 1870 5095 8842 307 8683 4835 9151 3010 2867 2858 8850 3271 7576 1480 1400 7416 7552 2538
93 7219 3786 2838 1761 6776 4819 3170 5814 5112 3071 6406 417 2331 4749 9876 3230 6084 3670 8168 361 4854 8982 1300 6837 7563 4611 6016 1375 3225 9925 3936 636 1745 1343 2683 6200 3434 5416 5370 9218 3287 1085 6708 6512 4137 8219 6800 7506 1893 2257 2817 2509 1665 7397 4054 6889 906 6255 6751 6972 5215 6532 3058 3241 7174 1000 8654 6842 3971 5249 3679 844 5670 3934 1559 9877 1994 6528 7947 7533 9851 6516 1020 1669 9847 4770 5346 7228 3195 5432 8 2566 4706
91 7156 2018 7999 6316 1385 1894 4436 7186 4396 9912 9598 231 558 5373 9383 2868 5954 4049 8312 8473 1325 2375 1784 4027 4264 5579 2807 7609 1838 1237 2900 8112 890 5081 792 203 4668 1468 4435 9177 8644 9355 2317 1974 2811 3139 2016 322 6126 6405 2405 7276 6222 7212 8665 4253 5769 5479 2615 5430 7258 9365 8892 7222 9048 9749 2664 2092 6983 8189 7440 3267 2541 6918 7168 1078 6261 9622 2822 8570 2433 8097 6691 8137 9474 7120 4742 2786 4249 708 9158
94 1249 7102 6304 551 1647 6283 2513 6629 8090 9097 4344 4207 8230 995 3011 7458 495 746 2111 2996 7700 1320 823 6140 8134 9338 8964 5402 1684 2071 1844 5753 217 5885 3118 9198 1354 5896 6412 9275 9572 7562 6141 956 2794 4944 5922 6643 4052 5301 9185 5850 2544 498 1753 3771 5894 3240 389 2605 5684 7573 2390 7792 4937 1507 5411 5382 7948 5039 9829 578 5934 6640 3518 3497 8598 1315 4627 9261 3165 6522 794 1796 6563 9831 8484 655 1683 9580 2349 8908 9140 7229
95 3839 2418 396 4972 9364 6700 8290 9774 1040 8321 6301 4988 2383 3987 7993 1024 9186 4750 5309 7553 5140 903 6796 4221 6717 9431 2567 8625 4984 3592 9363 7432 4441 3373 496 7802 8748 2170 755 6843 5729 8622 6297 3694 2190 5998 4246 1437 3767 8940 1401 3095 6420 83 9248 269 1288 3841 3609 7623 2145 6852 3794 5867 3949 3199 4699 6310 2381 5483 8649 3333 9586 6038 7214 4098 418 4212 3489 3238 3896 3765 9162 1018 1569 9488 3120 7178 8203 3550 9472 1368 5272 3583 7930
91 5698 1751 7810 5795 1083 3857 63 3414 9708 910 4234 8587 1141 1173 1123 8105 2589 5303 4891 5343 7289 7668 7341 7949 3270 2844 4966 1933 5525 7704 3753 6962 8823 5685 7477 4526 4096 6743 5657 6974 9 3360 9085 2470 1411 7743 3307 8046 8924 1675 6214 9671 3371 7118 5865 2895 8866 2561 4994 4140 669 758 8971 5350 2113 2990 4672 7298 7774 5514 8765 5372 7245 6066 5910 1302 7325 2978 1600 1199 7045 1082 3375 2244 7038 8383 1271 1500 110 184 2536
96 6814 9957 455 3217 883 247 9316 7266 3614 2692 4101 8253 9284 8113 7460 4965 4982 8988 1628 9535 7139 4803 8541 6503 5312 9039 7536 6731 1266 8479 4956 1826 9871 6755 7111 6056 3593 7173 3428 5231 6054 4009 5469 9955 488 9511 4783 5419 239 3289 2591 3537 3266 5004 9920 9759 2306 7938 9803 4310 6672 7903 2801 5607 4219 2335 3359 7454 1440 8695 6065 6100 1639 70 7796 7703 3590 8259 7786 7169 6820 2711 9686 3502 6479 6289 1655 9080 6772 9314 7001 6959 3200 802 2213 7550
93 238 4632 7890 2820 8174 7512 4949 9050 334 6294 7450 5555 5277 3493 4313 121 980 1197 7305 3187 564 7183 9258 6639 6621 5913 9289 9173 8177 3901 6799 7744 4226 1701 7268 6415 9709 4511 8583 1259 362 3041 2459 5089 2481 8246 2203 538 145 2351 8343 6253 5847 8685 7 5780 9235 9506 3338 3926 153 6397 4498 3057 4808 7531 6510 8047 9588 4476 8767 8338 5577 4776 7049 7933 4228 342 5614 5229 244 3613 8600 7645 213 8852 1586 3726 9608 9500 8816 5927 5226
93 4051 5044 6996 2556 7851 5999 685 8333 2721 225 4616 3145 6763 6175 2230 448 1046 2160 574 6942 5682 3603 7671 3226 4711 4114 4684 4682 3916 3768 2958 1482 529 6345 8985 4497 5507 9269 2836 1183 1109 1121 9130 6652 3582 9091 8955 701 229 4239 8336 7405 2983 7110 7011 630 9222 4547 6543 8395 819 4391 3509 2913 4173 683 6101 8085 8181 8471 6131 2246 6090 952 3745 2216 8422 6783 3829 8913 6302 6339 2665 5902 392 7988 9881 5617 6823 1491 4245 2909 3813
80 1726 737 302 9070 736 8849 2467 2299 9596 4210 2622 7410 8275 4180 7942 2204 4007 3508 6903 4883 6470 6378 3591 2676 1555 4319 5606 8406 1682 8190 7359 85 6788 6945 3012 3855 2048 6505 6964 4413 6577 8847 2935 1558 626 651 816 5103 7396 9332 7159 1762 8388 6598 6448 3049 2162 2495 4470 647 7695 8909 5158 2342 916 5451 6111 2253 3915 3534 2558 8897 3499 324 89 2039 4186 4654 593 5858
95 9199 1344 7676 560 3872 4882 2193 5037 806 9791 66 1928 62 4323 841 533 3698 8002 8596 9144 9778 7434 9599 6949 9991 7987 6192 9823 3416 6334 2690 7382 5541 9141 3676 3244 7141 1739 7953 6251 6482 3150 4268 1704 181 2511 1272 7532 6467 9312 5710 4428 1391 5502 1476 1811 8114 2181 4836 5237 5565 4840 854 1159 2491 5270 8744 8494 7824 7908 962 4148 7021 7023 42 7614 5161 9489 1163 7391 4990 2816 9937 9525 4519 9589 1662 4495 359 634 9093 4450 7414 5968 4
97 5403 4646 6491 1863 2187 4579 6303 2265 5959 9414 6287 8905 1423 670 7813 2394 6791 6826 5742 8638 11 9648 7128 4025 6885 2894 3682 434 2221 128 149 767 8365 7811 9495 465 729 9215 2144 7537 4541 2722 4259 6623 1530 8762 3891 871 8086 7255 7994 6204 2350 7892 9646 4067 3695 1581 4272 5955 1501 8163 1170 9293 8707 1192 8444 8065 9416 6413 1117 5543 1528 926 5498 1186 9973 6673 31 598 3405 7360 5073 6709 2979 4237 9869 9850 6761 1963 966 1622 462 3365 1351 1324 9929
89 2821 2444 8694 8994 9077 5813 8214 6393 4785 4603 1522 1610 4523 9161 7697 3423 9959 7847 4078 4874 6030 9557 2503 3157 1949 8252 6753 3349 263 9250 1311 9194 3023 6710 8593 2545 4995 91 9934 6215 3947 7022 4671 8517 5218 3551 5245 2456 7206 348 6358 8634 9814 8475 870 5059 6343 6810 4870 5090 3417 1807 9094 6371 1594 7651 8435 6250 2308 9200 1598 8627 8505 1886 8405 4457 5840 4818 9078 9103 5723 5662 7002 1661 4215 5793 9405 4354 97
89 6061 6977 8867 1377 6699 7406 2915 6504 9872 9933 7015 6599 3193 6088 9773 4308 5001 2880 6067 4194 563 5067 55 9684 6218 3073 9640 937 2185 5186 1414 2644 2078 9903 728 6822 4902 3384 4287 1640 8218 5448 4660 7725 9259 8356 524 9725 5014 6227 3580 1428 8725 2165 7653 5113 2427 4537 3789 2945 426 4564 9657 5570 99 452 4182 2340 7203 3108 9604 4171 5799 520 4650 6555 5991 2217 1490 2463 2890 456 8569 4364 8450 3131 1239 9343 172
98 604 4440 9456 5832 6007 2209 4501 3788 2960 7103 1812 1824 9990 6173 1713 8917 3807 2577 8734 3357 6523 5855 1005 5385 3089 3227 4355 6556 7107 290 8064 9944 4307 2074 2778 8280 8827 5921 478 2704 9056 3546 7343 1053 1717 5269 4599 8736 4483 5673 75 9516 9741 7902 4991 6357 9904 7876 1389 3337 6739 5344 4093 1147 6409 9617 8037 703 9470 7070 6284 2656 5440 5201 5695 13 7094 9134 5609 9811 7394 9406 3397 8440 4053 9533 7483 6457 5207 5696 4777 4967 6201 2438 8416 5400 4569 3376
93 4503 3883 7149 2709 8175 8916 6191 1416 4914 3353 4861 3563 3605 5092 7154 1059 5961 4584 6713 5844 5132 5719 9388 4900 2132 3871 4406 310 1099 3112 6196 8351 413 7916 4116 4609 6794 2972 1080 9699 4366 1947 3958 1196 7732 4772 733 5806 6542 3330 5386 8804 9633 3923 3707 159 945 5134 3667 3061 4534 9530 6913 6609 2266 9019 1390 2461 6769 6834 8194 1256 4600 4940 3660 5135 1248 6248 5505 230 6547 451 8884 2386 6896 9833 8615 7635 4822 1327 9906 3646 752
99 9986 5797 4933 5349 3378 6309 7395 7736 6486 5093 6600 9294 8028 9029 6429 7957 1008 3776 1098 1453 9839 7935 7388 120 5905 1254 1864 6029 2578 7748 4075 3243 2139 4023 6906 3531 9843 8180 2191 2654 6550 1981 6382 1156 9254 9976 6024 4757 9119 2337 1374 6424 2397 579 8945 6019 9905 3101 521 2356 9558 7461 9974 5975 1743 3542 9680 9852 1556 6733 6107 272 7421 9785 2085 7714 3091 3383 1234 2153 2927 2633 2283 5334 7337 5771 836 4333 7649 4302 4214 2352 1788 1810 5644 562 3967 5452 4848
94 4345 8496 9980 763 4168 8346 8745 5846 1952 8789 3053 4045 2273 6927 8704 3064 7706 6311 201 3683 9142 673 1656 3090 1081 6187 2923 4911 7358 1496 9313 9330 1512 2740 4801 8041 4964 7077 2906 4223 9064 8624 8389 9758 3 9281 1126 3143 4414 5091 151 5920 973 1178 5058 1570 2233 5138 1417 376 5209 6133 8319 3028 7471 323 3557 3004 2173 8958 9722 2297 4398 810 3755 4507 9762 5818 2641 7092 4583 656 3569 7365 8715 4076 1950 5509 6052 4359 9046 7408 2107 8873
88 7517 299 5252 5017 4462 6978 9181 4417 6232 2415 1677 4048 7913 4773 2095 2893 958 7499 6089 4823 7384 9662 5558 2783 8959 8588 837 586 772 1722 294 6344 2053 2109 8074 8643 1922 3782 29 329 1518 4087 7888 6554 3252 5538 1211 3001 1312 9526 9978 9804 1002 7496 1208 5410 5587 583 5782 1057 3087 4710 9436 7560 7763 3390 6723 5421 6478 8688 9386 1047 1291 3083 9435 458 9290 4762 6015 2634 1565 7526 9734 1775 2686 2739 8865 9737
95 8700 4877 7967 6108 4198 6777 9624 965 9210 3979 948 9764 1393 8418 3340 4340 4713 6057 1028 3895 5068 5356 922 9962 2995 7896 234 1337 2142 9644 9477 5042 3632 8597 8296 2009 8024 7611 2215 4864 1718 9569 5431 822 9655 6435 5247 7436 895 137 5200 8087 982 9399 6507 219 1240 7865 9938 8698 8870 4251 9723 6039 9874 6696 4072 4926 8768 2460 4008 6564 5939 7468 6686 9754 8731 9009 7475 2543 9595 2519 6939 7097 5728 424 9993 2184 5686 8281 5986 3315 2188 8283 3874
90 57 7586 8538 7634 940 4756 8713 1853 6571 5812 3856 6570 678 7821 8178 7855 6073 388 7803 2379 8306 6568 8072 9625 5816 8437 7862 1202 8953 6502 6581 8318 4065 1460 6269 6125 9257 3276 7579 549 1164 6689 7131 5825 1122 6775 3836 6295 9307 1906 4443 6890 5592 3000 4402 7501 5749 8001 9225 6224 4798 8645 2938 4739 8366 8504 1983 8818 6017 1823 2852 4139 5933 2243 3453 2094 3162 1982 8723 5642 5046 5104 3456 2220 8309 6480 7652 8300 8034 9553
86 6909 2668 3834 9542 6994 2128 545 2528 7271 5173 8528 1175 7211 9303 2841 9212 167 863 3764 9594 4358 8103 9229 5582 1314 9353 3380 4260 8586 859 1462 987 2897 7196 2089 663 9095 5071 7638 17 2574 592 7492 3044 9117 7694 9855 727 2263 2421 7165 8198 3690 9086 8854 3461 7224 6035 3503 3944 5446 1855 479 9034 3665 8476 398 7180 7980 1747 902 7387 6867 9090 9131 4683 8285 1153 3898 6411 2840 9241 8039 4722 8164 818
86 5120 2689 7198 8705 4183 4058 3110 3224 2908 44 2920 577 5333 6383 8902 6350 1891 6785 8474 5493 5883 3720 8032 319 3336 2942 2206 7379 7320 7242 443 2912 3663 1934 2986 753 9429 1735 3231 5745 9133 9837 7770 553 9981 581 6116 3636 3568 2474 9425 528 7233 1831 1410 2368 5189 5760 9205 3325 6774 6938 3538 6337 4291 2750 8546 7267 3220 3214 9910 7081 5359 5747 735 9856 6493 2168 4262 7067 436 6484 6071 1533 6801 391
101 8820 6809 3884 3298 3059 5228 8305 8619 7330 7921 6441 6553 9832 5709 3622 143 6620 7302 6153 8294 2865 4464 2866 6182 8930 5892 6803 7342 3661 9340 1454 8739 879 7906 1474 5259 3597 5842 2483 6958 1347 1759 408 7776 4992 8599 6286 9801 3293 9169 2287 2367 3649 132 4943 7900 657 9977 3245 2115 1848 6388 3777 8260 3370 7998 5627 9688 7089 25 6349 1688 4185 1253 2344 3280 4040 3215 9089 6468 876 7088 7620 6857 1069 8429 2829 8890 5368 7875 643 1781 2034 8201 2328 3034 589 9669 1820 2793 8035
89 9387 6323 2007 1495 9718 2377 5741 4918 4235 3659 6758 5881 7772 1404 3852 5924 3570 7951 2411 8238 8209 7034 602 9150 164 2236 2716 801 9369 6119 399 6407 2855 5106 6659 4068 5599 4508 3830 7028 3237 9932 8814 2607 1172 2568 6001 3937 358 9508 4106 1625 1746 7356 8714 681 2032 5319 9027 5718 8124 1470 6094 4862 7018 9437 9544 210 283 4997 7064 664 1090 1806 7891 9719 4634 3172 3956 4247 5943 4365 2981 3406 1129 9601 8392 4434 8740
97 7852 8761 8606 2540 2572 3473 3963 9088 7580 9564 2620 6189 1920 667 136 2875 2522 4703 8594 5835 4191 3020 3122 7666 6948 4389 1287 2357 3981 4696 5751 7977 8353 2158 4843 8139 1776 1054 7683 9337 6384 2998 7213 8464 1503 6718 9679 5295 3602 9298 379 1481 5496 5766 4633 6379 4871 5900 5569 5542 1839 5656 8862 8092 1585 5653 8352 716 4824 5302 8377 714 6923 4587 7277 6540 785 573 6011 2303 7765 5433 6262 5495 8518 4012 1049 2430 1561 8711 77 7429 8629 1322 3413 1580 6139
87 6952 9714 4939 1859 4382 5283 7197 8481 3068 4578 2756 596 215 4774 3002 740 1 2761 4388 9800 7556 7846 3766 316 3668 4670 3361 1101 672 4442 5890 6373 2916 9780 3232 273 1235 2103 1412 3354 6266 6059 8233 8552 9654 8119 8355 4546 5144 2380 447 6833 4701 1338 9788 7924 459 7925 4155 6499 762 9870 7520 2956 9112 1564 6630 2969 3175 3781 3824 2225 7121 4825 5190 3703 6692 1452 1299 2688 8272 1833 6422 2611 5605 8933 9527
95 2137 2659 3761 6979 2883 1511 7041 3148 8752 2680 9560 6220 6604 7497 3809 532 4637 2833 2827 1719 2919 2520 8701 691 4922 4017 3744 9683 530 576 1852 374 4859 6032 1513 4274 9559 4934 8354 5335 4145 9226 2508 8929 8919 2410 6042 6728 3608 3717 6307 4289 8015 6714 2706 4395 7769 6194 8413 1888 2140 7339 6706 9432 875 9908 9954 4129 1724 1711 9693 3346 5688 6296 7218 8116 5136 7284 9888 2341 6492 2097 5704 6744 5435 776 321 4612 884 4465 8049 628 7516 9536 5449
96 9726 8753 6561 4227 4645 7664 2027 8531 3664 2024 7708 360 223 6615 3586 8385 7863 9799 7175 5063 2687 9755 3483 7956 8516 7541 607 6459 7463 4463 2588 3701 5652 5366 6567 4550 4487 4817 932 1292 3520 8390 1016 9642 8012 7816 4765 7333 8925 889 2658 3451 270 5962 6177 5457 1657 1818 2624 8942 4275 3877 2779 1821 5626 3436 5010 9750 3363 9168 9053 3467 8543 4492 192 5271 6330 1039 4110 9381 710 2093 5125 6981 5122 5764 416 8691 5683 5873 8677 3606 168 4232 4554 8362
95 9267 3113 3309 4341 7909 6027 2600 2023 6306 95 1209 5928 1436 3296 769 2015 1755 3844 4879 9152 9385 4970 996 1285 6626 7545 7366 6968 8010 3249 6398 9661 475 5967 8427 5691 8313 5401 9220 9581 76 8770 892 3540 4381 2967 6134 7084 4806 3924 8604 4420 4477 9372 1771 271 2228 7558 96 3793 6602 199 9121 7528 6171 7549 3730 1995 6474 2856 7569 559 2648 6874 2346 9824 4146 9322 4927 9230 9475 3902 2643 9813 1420 2785 2241 4123 2542 9979 7313 3189 2907 713 4343
91 3651 6070 1956 9563 7078 7833 1386 2038 1803 4795 7973 7539 2493 6254 8960 6149 5845 1103 917 6497 9706 4852 2987 2885 8864 3600 1595 409 3835 2073 3070 3743 7014 4766 5267 4033 81 8023 237 4562 5211 6849 2252 8094 9292 9828 1279 7082 3759 6871 2627 2102 6091 7657 1478 5317 9898 9063 4384 2292 2733 9280 6087 605 7911 4386 6566 6985 3912 432 7527 5016 6099 4418 1605 7317 712 9672 960 9884 2098 9579 1774 415 9582 3035 9167 8329 2219 1251 4510
91 8206 6130 796 3021 5048 4842 1954 7979 4648 2703 6617 6986 8682 4331 6270 8286 6627 3914 3870 2212 1590 1290 4652 9317 7261 4527 9492 4979 5923 8969 690 8149 3697 2506 1321 4452 4197 8564 165 6080 632 3805 580 9660 1676 5993 9351 5052 8156 7730 1606 9214 9746 9645 2603 7448 2976 7584 5788 8628 7407 1860 3431 9031 9076 5168 1993 8256 7428 341 8778 1088 3639 3544 6381 2504 7883 7331 9914 7955 4172 8733 9325 3687 8936 7466 4938 4700 9885 2999 2819
98 6049 1270 6650 924 6832 9143 2076 6870 6092 5694 2235 4425 7172 7132 9137 9323 4717 4948 6069 8921 5225 2653 2005 4574 224 8535 9013 8616 4133 174 3177 8367 5533 5070 6120 8967 4867 7570 7572 7922 3525 9084 843 4888 9384 7912 7318 5284 9207 8182 5492 3566 1674 8084 4200 8115 5872 5574 116 4790 94 8664 7878 8129 3420 26 2594 3523 7575 7832 6496 1553 5165 513 1252 3772 3832 6095 5946 1166 5789 3283 9845 8011 5254 9443 5121 9732 531 4375 8005 2446 2843 1545 2059 9306 3106 5447
91 5100 7542 1030 7945 5341 9882 4810 7181 3133 7076 9545 7877 112 8007 654 5304 4737 6660 623 3578 8251 1332 9524 4361 682 2950 7592 9728 9696 9335 1890 9512 4324 7418 9711 7679 7024 2014 5693 5907 144 2141 5393 6244 3209 3596 2941 1750 470 248 2802 4132 4471 8170 4847 4624 5407 9854 7720 4326 7778 5 2525 8828 8743 5445 8237 7758 7785 7068 6166 6527 5590 5188 8718 423 5396 5355 9961 686 7768 6258 8794 7521 4524 9659 8136 5139 6312 142 7056
92 5620 8020 6690 2947 3386 3228 4153 9556 2322 2845 5956 718 847 8125 5417 2232 7230 4338 8402 7314 7943 9023 1323 6737 9232 8279 52 1007 9600 1861 1162 661 1917 7535 6403 9896 8577 7504 3350 7098 4702 3826 2878 6662 1946 2713 2681 9358 7288 5307 7853 8485 7581 5557 7112 5175 7419 7403 5422 3036 6869 2554 8612 3459 177 1695 9675 4999 3075 512 7656 8536 2500 5022 8410 3747 738 5786 3616 6180 3555 7009 8836 9984 8822 1520 1915 3950 4163 5087 2176 9697
102 9171 2267 5146 2593 6807 6190 5545 337 9490 2177 3513 2130 1258 2348 2382 8146 9743 7285 2146 7184 3728 4371 5210 2264 4509 2940 3572 6452 7176 1091 7783 3356 4283 3908 7237 4126 4080 2876 2724 8975 3762 2560 2319 8326 4329 6170 1800 815 2780 1572 1383 8631 4704 9075 8684 9715 2700 7644 9538 4720 3341 1151 179 6742 8210 6688 6697 5376 8974 2767 1927 9238 3935 7019 8580 5324 7243 4518 6129 2695 4985 8757 8785 4297 3178 4104 5852 5066 2812 6993 8361 6901 2376 9079 5757 2606 1136 5573 4594 8878 9501 3005
93 9641 3678 4151 6716 1449 7985 6235 4946 9163 7208 4485 6524 178 6305 6438 8414 9412 7080 8493 5426 7961 9653 9873 6396 127 8779 9003 9345 7455 756 4811 4422 14 1070 5019 9441 6641 2924 312 1409 7633 5340 5969 8169 2229 340 5288 9740 6374 7372 130 8342 6055 5560 281 5230 4024 5278 594 3264 6021 9263 9211 4258 774 7508 1021 2068 4741 8856 2300 3495 8495 7755 5531 9379 9423 481 7060 8877 236 5405 3305 2398 5678 4032 7265 2329 1034 2489 9440 8602 3052
97 8755 5227 5115 645 4606 3828 7976 5420 1550 9113 8227 561 7746 7687 6725 6472 1431 5466 537 1200 5535 1017 6105 1387 8914 1541 40 5239 6455 8051 3146 7571 1525 3485 979 3554 1741 3014 5734 6299 6355 8131 9266 2049 3476 1371 6453 2790 5891 6638 480 1358 627 8091 9667 4993 2164 2597 4884 5108 5646 56 857 998 7344 3297 6169 9897 9182 7681 1652 6328 5275 6863 4047 2259 9419 6533 2563 6356 4474 8617 4496 6935 3512 8133 4304 9336 931 5539 1445 1179 693 4845 7411 9865 2988
87 3251 2562 5965 3379 9087 1955 5665 9739 9123 126 6114 1066 928 9311 3183 169 8456 332 3389 610 7972 5550 4640 4928 6727 4181 7123 8968 5348 2011 1376 4659 6401 2355 3080 9066 6756 5154 4113 6433 8409 9024 9270 4270 3169 6162 8817 1679 7630 412 1567 5051 1328 1777 3820 550 7963 2108 8910 2316 3806 6847 4855 3526 4695 7161 5594 3316 2517 6637 3991 3751 2795 3494 71 9665 8185 4921 9826 3196 3681 5148 3658 6331 8855 1150 3046
94 2473 82 9605 1921 8821 5603 4004 8772 8509 1031 1909 208 325 8996 4962 4570 4919 2256 1965 7412 1100 4580 6730 7300 7355 8920 5879 9114 9949 7117 193 4528 2702 7083 3913 4225 4488 6298 2753 3669 2848 3648 3074 4821 8249 1421 2090 8956 6613 2401 6603 807 2072 9049 80 5263 7958 5932 2796 8763 1602 6711 4812 3621 8721 4644 365 1975 6106 1366 5238 6036 9948 1359 64 9195 7828 2192 9136 1187 2119 8447 2166 9890 5874 1063 8519 8438 5009 3142 8404 6414 8118 8986
88 8722 2125 28 427 3437 3486 3769 8904 613 3111 5314 9183 633 2898 9392 5358 9520 9393 9408 5055 5663 918 2631 133 904 8391 2857 6264 6324 3024 2479 5264 6329 4850 1158 1415 4987 4643 671 3853 8197 3962 1932 4656 8565 9120 2211 2399 9900 3838 1899 2301 4432 8790 457 1791 1418 874 6931 6584 5192 7167 1696 22 6012 3516 2310 3402 1667 9104 2993 526 4910 4901 1766 9909 8735 1624 6465 7568 1672 4804 328 8540 3475 1574 7096 2859
