98 9097 8602 5325 1210 5184 4668 5776 1429 2814 1898 3062 3612 9284 8873 3731 7921 6541 7318 2249 2023 7764 8332 5069 1736 37 6179 3014 2425 6882 342 767 3621 7398 8063 3531 6599 6627 2590 1308 8926 8027 8007 5912 5335 4005 5302 5726 4338 8600 5327 7553 1348 105 6830 4354 9195 5924 3891 5305 339 1433 8953 1486 9263 6888 9196 1459 7854 8173 2579 6287 1649 7665 8074 8303 3089 1566 6169 7058 4196 7957 5755 7095 8345 469 4867 9294 9296 9246 545 657 7819 52 8597 7505 7710 9413 2485
93 2298 6106 7082 1756 672 9450 3221 7857 1278 6232 1397 8494 5894 9186 8665 24 7850 8268 5316 1889 9971 2580 7334 1588 2478 206 7388 3941 8530 6933 3064 3640 4250 3146 9428 9929 8576 9742 2488 1902 1085 7748 1102 538 3112 1412 798 6980 8585 1017 574 6959 8381 6056 8438 8543 1213 1128 743 8114 9870 5236 730 6945 3806 2148 3196 5873 4211 9435 7000 1816 8916 3479 9475 8987 9907 4725 8001 7540 5651 7996 5074 4795 8491 9511 2173 6639 3822 8743 9233 3682 7849
100 8749 7219 416 5798 6175 3027 5211 562 7168 835 916 3474 3668 239 4448 7567 9985 4562 13 104 9942 1187 3166 7831 1263 241 4053 8963 3700 8093 3876 9328 4144 1027 7470 4675 1134 351 7275 2052 5946 861 1516 2434 1595 804 9860 8086 8170 6577 1738 816 8626 4022 9561 8208 2830 3881 5071 9059 729 3688 5233 7644 2956 2124 3543 9961 8278 3276 7824 6878 8191 2396 6544 2394 4031 6101 7159 7230 3679 8457 6803 1226 3939 4830 5730 5213 5685 9057 7005 2443 3039 824 1083 2840 3737 2656 8693 6049
90 3352 6625 3568 1301 9944 9975 6096 9395 5913 3063 5875 1291 7287 1631 4424 8110 2182 1699 5593 2880 7455 4689 5715 952 5004 4320 9098 5288 196 6342 8930 5779 5877 5482 5502 6971 2310 4696 9962 3993 5427 2120 2290 6844 6146 1201 3491 6411 4672 6918 9916 9277 5712 2994 7008 8031 752 5027 7998 8584 5480 7116 6425 448 3983 7040 1745 3015 1321 903 4412 3669 2848 1762 6579 639 8783 7513 1385 5650 390 8283 5247 411 4 8117 561 8829 452 5169
88 4496 1013 2680 7969 8915 3570 227 5268 4434 8827 7487 283 8180 1615 6399 9615 1767 5147 6184 8277 5517 8481 2468 2221 3809 6297 5375 20 8723 8369 8593 9822 1716 7579 2717 3980 9309 3982 8671 7420 1637 2333 4790 6052 7389 2416 9926 8623 8226 6936 5761 1671 8713 8536 1532 8852 7964 480 3336 2243 2895 5559 1865 7631 1697 5828 3086 9456 1957 6593 4474 3849 1031 9597 3025 4560 3081 6370 4621 1329 9250 8787 9072 8033 5741 4259 2201 1443
93 8440 217 5285 8728 8761 318 6054 419 9634 69 5473 7521 4650 7325 6070 8571 2283 7014 9420 1830 9568 5332 6695 2702 102 5601 1734 1781 8933 7587 410 5669 7958 7108 6227 8770 5796 1277 4910 7770 2080 9551 4319 7791 1493 8474 3898 2197 870 8498 8702 4358 2812 3099 1620 3938 4743 4242 5673 1145 8411 7807 7362 6916 5315 1618 776 510 665 6034 6979 2348 6765 6723 1392 6960 4587 6416 4759 2756 5869 3193 3275 5432 8247 5030 6315 2821 5780 5132 5365 6191 7734
94 2026 7828 2153 2413 4501 473 7268 8815 4715 62 8230 374 6801 4219 1185 2907 6347 8724 9773 5493 6390 4475 2355 3627 9697 2039 654 5708 4729 7853 9796 6009 1663 2450 9881 6225 4034 8748 7475 8097 9283 759 2687 3756 1060 905 1780 9617 8554 1827 3511 3428 1066 1498 917 6300 4038 6156 3634 3113 573 2659 6894 6112 2897 1358 5474 9564 6589 2842 2634 1324 4723 1826 3045 8550 2592 2874 3709 2403 1011 9693 7282 3521 9050 7463 1527 2854 9594 9792 5127 8252 4965 8231
97 633 1589 6045 6771 5740 6239 1565 3092 5916 6925 9743 8648 4346 529 9093 4339 8235 135 1668 7581 9036 6500 5023 6761 6578 2423 7630 1374 5261 5801 1123 202 3873 1326 4619 4402 7858 184 4301 940 4194 6791 9851 9578 8387 2574 4074 5787 961 4419 185 5645 2697 5226 5538 6621 4996 3281 9326 6445 7959 8928 5220 7173 910 31 1300 2040 7292 138 182 6825 758 8002 2036 7351 5944 61 4993 1715 2585 6323 2896 5281 8939 8617 6209 718 2851 5464 9738 3663 1218 5200 1010 8874 5040
96 1174 648 1540 48 6731 6160 6658 8306 1503 4763 6708 9896 3693 3462 5677 8989 7308 430 7126 8136 2306 6827 3614 7102 3208 9489 1958 5461 4884 7225 2695 3878 8875 5965 8840 1093 6446 8192 7571 3383 1735 9359 9525 3263 1379 8107 1334 432 4258 7619 7641 8366 9491 2448 7257 3550 4513 6887 5199 8857 2972 3863 1518 7426 6999 77 4821 5826 3841 4768 3701 3152 5376 9883 7043 8777 9188 3288 4990 9644 6213 4337 7125 9645 2004 8057 7140 4422 6250 7286 7529 7025 1462 2390 5423 5116
92 7720 5854 3836 2091 6769 1399 640 4076 1293 2021 5216 5438 3145 9272 1732 2514 9280 4838 7272 7781 7048 1406 379 9116 5548 3321 3296 8048 5273 2360 7056 1166 8406 4183 3540 4098 2346 8134 4390 7105 2132 4924 1607 3095 7220 7167 8193 997 8130 3130 8742 6805 8433 4316 6876 5222 9841 4766 6143 3796 5889 6614 5131 8327 2609 7818 9583 401 9788 5231 1500 6063 8447 6062 902 1722 3911 1460 1043 5331 2506 9112 4947 7877 2750 7533 9349 1037 8630 7941 8188 7124
100 3746 6549 9679 1274 3524 8471 3596 1089 4618 2701 666 6137 8160 3446 1594 6520 6448 7176 7944 4744 131 10 8684 9817 9333 8276 1848 2536 55 7468 4433 706 8774 1192 9190 1067 4681 3723 23 1608 8492 3630 4665 2018 8591 4239 7509 1860 3633 9637 9512 497 5028 4635 6363 3607 1829 9024 2248 4011 6260 8439 5403 4713 2539 2744 7733 1186 4483 5091 3384 2347 9343 6683 2442 2162 2365 5552 8058 4080 2083 9543 3949 4300 80 3433 3367 8346 5961 2550 5825 3354 6712 3950 9206 7077 2030 4166 1050 6989
93 3232 5532 8082 9882 5499 292 338 6004 9162 8634 2973 614 4522 4446 7234 3497 8731 3805 9376 9390 368 4573 4903 266 9157 3623 5076 9282 5388 1906 5444 5476 945 4217 6147 3613 5086 2118 7163 8258 9013 8864 5702 3515 8431 8459 2795 764 9212 5396 3076 4978 1837 7741 5607 9460 2035 4241 6789 8410 6149 3394 3554 4167 7918 4093 4400 1391 6144 1973 2525 6343 6745 1273 2949 6601 8848 7999 2544 1514 1999 9692 8420 3277 7705 9531 5175 9601 4027 1146 7739 4471 9426
102 795 7361 2831 6668 6716 6613 3603 1673 6843 4810 1573 9714 583 4775 1403 8382 9899 7290 4761 1945 459 4450 6932 3965 7165 8045 4244 3230 8545 3084 4801 5219 4265 2632 862 1244 642 9591 686 1702 4298 9227 9007 6974 2998 1366 4395 467 4656 3635 6279 140 6005 3877 803 9656 1496 7169 2505 9374 2113 7590 3268 7367 7300 2032 1640 6638 6711 8657 5622 6735 4497 3539 288 8040 9054 6915 4933 829 753 5904 4143 9900 8349 9999 5521 8859 7050 2267 3832 3170 2045 7031 1131 9599 1098 771 4416 7213 7485 8784
96 889 3213 5812 3162 1583 1597 4355 4589 8739 7218 3158 3861 2803 1479 1282 4029 1483 788 2746 3870 8860 2358 4531 5874 9619 619 2984 5556 4240 9696 476 2438 2205 1776 2869 9835 8499 799 3297 8037 1746 2953 335 8865 2512 7267 5936 2135 2787 6644 6358 2745 4154 8655 4872 5974 7738 4646 879 1714 4000 2451 6949 5492 2051 7114 9964 4655 3222 4527 9720 9114 2614 8099 5951 8689 2521 8695 5307 4430 1356 8885 1222 8284 2362 2251 6234 1407 8526 9740 5214 8562 2446 5500 5657 3294
92 7702 7805 5060 6077 4983 8992 5075 6079 3010 8073 975 755 7885 1261 6076 2927 7107 3718 9461 839 5455 8636 332 1617 3486 5177 8184 3019 2852 7011 1918 9154 4322 9121 2865 6282 5506 4215 2777 7363 6404 5804 7215 7222 1390 8613 1991 7927 5676 2161 5153 6986 4892 2982 361 7158 3261 7714 393 8357 559 7336 7666 3471 2387 3985 5203 5167 2314 2868 9853 3061 5996 6826 5253 2792 6976 7534 2933 7585 9056 9182 7681 5313 8248 6993 5691 5522 3445 6336 1072 6513
89 133 212 5667 6535 449 934 9338 4313 5592 2600 3929 6154 4334 1655 8337 5724 5959 3743 6255 4781 6900 5112 7096 6321 8825 9201 4515 9775 4737 3182 7141 9943 7283 2476 460 4383 7097 2291 1659 9143 557 1253 5747 1943 5992 9499 6850 7221 4905 3887 4124 258 569 6435 3727 5641 6264 8477 4710 8155 2879 5448 9695 225 6046 634 9167 2809 9409 8489 261 9507 3829 7003 3421 6676 2760 3414 300 6344 1995 6547 7166 3292 9184 2783 8113 4999 7080
94 5255 7493 3646 9877 8778 9080 6536 9690 7250 3489 6197 5886 385 7687 3256 1760 570 5514 1235 1913 4006 590 5526 3391 7564 2074 1136 5872 9994 2665 5293 7327 8442 9748 414 4343 4026 5670 101 4065 1884 9446 8051 7572 5644 6539 4325 9741 7 8162 9890 8832 4420 9175 5618 6701 4198 8479 527 8166 4202 6357 7797 9827 7207 4833 4507 8799 7454 6486 6730 6782 1982 2971 2297 1634 3902 3125 7690 9297 6749 3582 3375 6565 9534 1927 242 3274 2493 8100 8966 3708 1313 5967
94 6065 2866 511 6041 5623 235 4869 3977 5723 3337 1728 7589 3042 1652 742 7504 2454 8621 7661 5395 9574 4308 3123 3410 1030 6032 9800 9502 6198 6751 4086 3648 306 8395 864 7030 9223 2571 5528 9660 9793 2013 442 2016 3548 7138 4318 9830 2300 8729 1679 504 5600 5864 5430 4442 4653 4855 750 2320 3314 7200 6309 3795 9353 6221 3736 4787 8189 3499 9042 198 8023 310 7259 745 4336 808 8934 3090 4341 7203 2755 5927 8721 8111 3175 3320 884 7601 689 856 3068 4099
82 836 1696 7237 7638 5151 1971 6778 7555 316 8461 8601 4769 403 9734 1096 3186 5405 6058 541 3516 7413 9124 7839 2084 4251 8812 5215 328 3328 3530 8697 8343 4485 2847 2417 1558 7226 4120 4508 7923 8867 9099 5654 9947 8506 1521 3899 4489 2793 6202 3215 1568 2110 437 1983 9839 6947 4900 486 6869 6037 1535 1944 6361 6641 3895 9265 9394 3771 5235 1890 3469 7298 3647 4624 4103 5042 8828 7856 4248 7178 1955
98 5279 4263 270 2192 8203 4702 6413 7348 7599 2789 3754 2007 8929 8149 1367 5587 3779 6546 8062 7914 8116 3301 8668 2325 4986 2435 5283 1058 9078 4748 5301 9185 4281 1130 5570 1538 6634 5870 3552 9903 575 8213 5103 9842 9209 7397 6354 3523 8557 5791 4372 5440 5564 9622 9171 1080 2526 8566 6991 8462 9197 9482 7673 7399 5574 8181 7199 5366 4261 3393 7476 7394 7892 2240 5995 988 9000 7343 3509 1036 4344 6744 8527 7639 6672 6429 5896 3675 4616 3396 3694 8502 9529 8782 9782 3466 4302 941
89 7486 3429 2422 612 6118 8466 6308 3699 891 918 6968 6252 3800 6770 3318 2891 3520 4660 3956 2068 7328 4533 7934 139 1797 4631 4024 8305 5 1103 1706 9177 3987 1664 2238 1992 3405 1646 2837 8437 3749 3656 8990 2646 1832 3748 363 8592 6379 6021 4891 4975 6689 6162 5513 1 7700 6757 9558 2603 8044 5504 4614 2825 9614 7472 4079 4107 5549 9179 5298 70 9514 4973 5759 1168 2230 5137 8401 4315 1112 1125 3769 1751 2728 236 1507 2707 2611
93 9818 6167 5900 9728 8035 3857 3901 5902 4271 5938 3580 9710 772 1765 3791 7660 5135 3626 7773 2047 8242 8810 5975 3137 3111 6545 3054 3029 2368 6074 6248 724 6059 9905 3560 1931 8685 4282 8050 4603 6440 5705 7088 3937 6802 1335 1332 348 3404 8246 8348 2985 5068 9371 8556 1203 7970 7653 5294 8544 1375 5929 7904 2624 9095 1477 4709 8837 6891 3986 7749 7027 1843 3888 914 8314 5577 8144 779 9889 911 744 8653 9362 9 8833 408 5962 123 5857 4063 3335 8469
91 5744 1419 7263 8106 6661 4353 3631 415 7528 906 2324 7762 7411 1495 1377 4283 8564 2087 1016 7054 2730 7646 4106 9953 9382 5193 4499 8389 4829 7109 2786 708 2976 3306 1911 5823 5304 4734 8750 3919 6310 3343 9034 3233 7954 9194 8763 3814 7983 4087 3118 9100 3007 9635 1866 2367 4716 9261 6651 6772 8919 4382 994 2076 2911 9887 1456 754 6456 8904 3149 7023 6470 9620 3269 9464 1475 1387 5703 4951 2805 7836 349 9955 2372 3016 5743 3333 8772 7365 3620
97 5863 7793 7106 3750 1436 8419 226 518 4602 685 4294 5862 7910 6839 4431 8456 968 5998 4152 1703 3644 1182 3313 6088 8390 9509 2621 9107 6871 6998 3432 2106 9002 2888 9979 474 786 7353 512 4012 9516 3049 3159 9948 4357 6654 5545 2683 4854 606 553 6223 5596 9392 3218 2001 6863 5194 9518 3969 6194 6631 7948 5090 7868 5382 877 3904 4438 1598 513 1022 4374 455 9388 2492 3050 5919 1258 7615 114 1359 5844 3461 9003 2129 2782 6938 949 737 3770 8890 2939 7829 7620 4770 3733
91 8570 8153 7550 858 9090 302 8816 8055 2303 6320 3254 4732 887 4771 2203 4697 7459 6726 6371 4544 9925 6081 7494 3053 3766 7201 1106 7135 7908 668 2079 1915 18 224 7490 5990 5568 7907 4371 6215 8893 3299 1718 6299 3924 7574 9466 315 6783 4968 2901 1968 9128 814 9915 6391 2341 2522 2545 1042 8255 2714 9249 5529 5631 7840 4753 195 2374 1708 7270 7869 7726 4414 6821 398 4565 7104 5729 6758 8861 5815 3886 9855 8254 817 3283 7402 9146 4097 8482
101 5616 4487 7992 6328 65 4481 1574 8206 9744 2117 7557 4488 9832 2328 2699 3204 9147 6682 9465 8141 4150 4214 5454 8788 5374 4278 5363 92 7238 99 9016 5369 9924 7674 7098 5385 9664 7542 1941 5217 3926 8352 908 2983 7624 5433 6650 3922 1109 9781 6355 6995 6201 205 3910 9768 1513 6479 4523 1346 3866 6927 9108 1590 6905 3093 360 3920 2419 9459 2577 3267 1373 3091 4976 8362 5839 2338 6920 2549 4949 7465 3496 5505 9412 9609 6136 1035 6271 6423 3418 4617 3480 1236 5106 6973 3971 7179 4394 5827 5317
96 8015 3558 7570 7812 7813 7202 8112 9026 7364 9721 8486 9279 1364 4682 5829 9982 7683 8279 2617 5930 6365 8622 9992 8988 7191 898 3009 3507 1257 229 391 5511 2138 2006 6551 5519 5041 9076 3715 5460 6228 923 5590 2602 3932 539 2246 8286 2535 7366 59 5948 5251 5749 120 9627 4746 4021 651 958 9286 6349 6842 9872 7128 5972 1195 3180 2873 1876 8781 9920 9340 2796 3593 687 1687 7119 6653 5015 888 9579 2146 4901 7634 3555 5204 2651 1823 8906 7866 646 1850 5083 4827 4822
99 4546 8239 2296 4191 7208 5859 5942 8109 4914 6624 5821 9665 1529 3947 5754 1437 521 21 1515 7360 9526 3374 1209 1851 7554 928 2103 166 6870 3990 5008 9672 2378 1467 9791 4594 6006 4615 499 4549 8813 3370 4873 5890 7809 3591 5486 7716 2429 3280 7273 3519 7919 9976 8196 2440 6111 2140 3687 6594 1074 6958 2819 6824 4142 2130 1193 4622 8172 9006 1075 4920 6369 2479 8128 7190 2262 7519 8521 7375 9825 9416 2377 1506 4256 6542 9485 8522 2700 9946 2393 2111 3244 8150 6458 7291 584 6543 1795
86 2312 5061 4963 2405 8758 1761 7013 3034 5588 1438 5516 1014 7440 9427 222 2088 3024 7730 5888 9938 5413 2664 3772 293 8154 2606 728 8519 4441 9780 981 2861 6084 6073 4684 8018 8304 57 4733 7303 9862 1323 8839 822 6674 5922 1196 5884 464 5793 6276 3441 5134 6877 132 7649 434 7795 1228 9474 2253 5988 2565 36 1034 863 3948 6837 4853 4221 4706 5958 1272 736 7906 5114 4883 8218 9312 1494 837 372 2913 1934 7612 5357
91 6029 3889 9235 127 778 5323 3574 9769 9759 8066 8767 4738 4090 7625 5339 9110 3171 9654 8049 8428 2883 8581 4651 7382 5180 6278 7873 878 3665 148 1488 8631 7186 7474 2098 5507 585 1402 3602 2247 1875 6587 5915 3115 508 950 3164 6972 8004 3389 2430 7967 3438 5077 7319 7947 8098 5176 2011 482 485 16 3933 6463 1864 3544 3439 2507 9542 5639 8943 1517 5553 5554 4889 8716 8470 7546 4899 6497 2055 9480 2643 7870 4832 3594 9685 1421 3108 4162 7787
91 2167 3936 154 7663 2970 8021 9676 1581 1105 5056 8448 4593 1895 841 152 6881 9530 5591 1262 6781 1247 8510 3459 6190 3403 4913 8755 4432 4959 1689 3722 2568 2053 7991 5567 7937 1960 2734 6422 2811 9064 2967 9858 2894 7806 7651 1024 367 4936 1025 4049 4510 1267 8898 3813 329 6432 8535 9575 1616 8753 162 3349 7950 5057 4064 790 5120 252 9608 9983 9836 9437 7144 4652 6838 5656 5300 7111 4556 3637 3576 4865 4767 5207 7508 1413 7462 1331 109 1548
84 8061 5539 1144 9419 2925 9621 146 8168 7917 8131 9047 4193 2887 2092 4088 7251 4592 5580 2909 635 9718 9089 6359 9035 1451 8441 8771 881 6050 6451 4927 8132 1775 9329 6352 7357 4567 652 233 2886 4393 9308 6386 630 7099 2979 98 5868 1079 7935 9595 2025 2319 2766 85 2576 5748 7945 9130 7512 5466 5773 1845 2069 2572 7847 6226 3590 3739 2137 690 965 397 6982 8546 1139 4273 4185 2785 3153 9386 7756 4502 582
94 4812 7725 4693 8540 1946 2212 5842 5097 6028 9350 6251 1442 8849 388 2404 2326 7059 7591 3504 2860 6796 9298 2930 1169 2027 1116 3425 9425 828 1975 587 7162 5406 7038 9248 1834 5475 1143 3816 6901 1924 9891 3366 2199 407 5402 8809 7628 3726 6039 6176 2209 8421 11 3451 6554 8227 6994 4791 9794 2612 6468 8465 5509 1255 5752 7071 5002 7929 3643 8020 5483 327 5488 4875 6072 6815 5976 197 6394 2061 8542 2431 2676 3124 2028 9632 5681 6540 362 6768 3586 431 2437
96 402 5470 7786 6151 4444 2218 6140 3843 6208 4532 8951 5981 7701 1234 2961 2965 4172 5933 7081 5380 2623 5614 9671 9869 8696 8119 4579 4669 6773 1094 5439 7401 7239 8225 6000 1015 4926 8518 8842 4396 334 8798 2499 3003 1547 3043 208 7117 7737 7012 5914 3191 8725 4423 6 7852 34 7750 5695 1481 8568 6521 160 620 6596 3812 4299 5140 9650 9846 9159 3606 5232 7822 5345 5732 6722 2222 989 3122 1002 9913 3842 9805 2823 7708 9867 1710 9488 6105 7260 2813 9798 3642 129 2353
97 580 4284 3128 6626 1613 271 5949 7018 3205 7826 5768 8060 5431 6266 7736 3508 1842 3839 1140 7496 9180 9045 5415 3174 6026 6317 2928 4116 1819 4269 2452 4056 5858 9997 5782 7755 8009 4327 5181 4020 8013 3285 1179 5435 3339 4247 7689 5310 1064 3625 1939 2160 2177 9657 9592 4180 4182 9494 3649 324 1764 4025 2996 5420 3022 649 4146 3131 6739 3109 8028 6387 3799 3470 9497 1284 3909 7236 8207 7460 3347 4385 6892 7458 5370 8129 7580 8243 5146 5566 5330 6314 8881 2806 8464 5866 1633
86 1836 3033 4324 7613 7467 7235 4435 6977 2754 1528 4552 9477 2188 3400 7406 2292 8211 895 3681 9381 250 9258 3484 4092 2864 3126 3758 4304 8101 2127 9726 9750 4789 1720 9111 3327 9527 8008 5308 8312 176 7314 3578 4272 5240 9519 2311 251 8754 6119 307 1849 5647 8654 2672 1342 8151 6412 2433 7052 8298 8452 3067 8335 5584 3853 7621 7938 7952 3317 2516 6985 912 2794 2817 121 6753 5851 7771 7607 4174 7769 3072 3597 9087 8932
96 3156 7790 7746 9204 9052 3528 15 3032 6438 9163 1485 347 5551 9240 6879 5671 9751 9303 7164 39 5089 2969 6220 3981 5020 2144 661 2635 7610 4773 5602 1642 6501 932 7224 7837 5187 6033 2065 2685 4722 9406 9820 3976 4639 517 2375 2698 2703 8971 1925 6319 5321 156 4788 2384 2963 6766 5418 8559 2838 281 9421 710 1737 3148 2723 1150 5011 1802 2954 6729 6852 9055 495 6214 2799 9829 4451 8233 1430 5633 1903 701 4406 100 3711 8333 8422 2584 3522 7823 7997 7429 2776 8911
92 1317 3184 2918 5110 3442 1384 5835 1191 5419 6469 2175 4293 4798 2788 4032 4988 2633 1003 7248 2999 4332 6499 4568 765 3599 7024 6810 336 317 7070 496 2380 4469 6630 6277 5047 667 264 567 7404 284 3265 3419 1071 7707 6530 6145 8397 3359 7728 3457 560 9314 2690 7047 6809 4925 4101 4627 509 9478 552 7604 3862 5678 5883 9636 1214 9351 9784 9631 4462 4504 4985 4664 1470 1695 3065 3785 6851 6020 3945 2569 4971 8800 8843 9838 3622 446 6388 669 7680
87 7798 6655 507 1063 6524 8851 3564 4130 609 6703 7782 7751 3402 8460 8429 4105 9701 8161 8997 2910 3291 4980 8187 854 5960 1019 5465 2578 1378 6268 8334 7015 8133 9364 4484 2767 8517 1624 5229 1789 5446 8596 9909 5318 2397 4292 738 3483 6488 6946 6774 1208 2704 6702 4817 2658 6128 9490 5107 5813 4907 8323 3465 9894 6038 2350 9540 418 9513 8922 488 549 5489 7735 7122 2473 9001 6612 4398 3087 1940 4714 2424 5168 4210 3247 8059
94 1398 8497 4470 1259 5238 3000 1729 9577 7606 2427 5957 7637 6237 6285 1365 6899 3592 2926 3192 7450 8786 6591 2790 7446 1792 7304 5360 1223 1585 6931 1726 4323 9563 4195 820 3604 5510 1352 3179 9410 7464 1311 320 5694 9468 1559 4352 7134 5969 5658 5334 3121 1670 8981 5367 2281 3828 2924 56 2276 1763 7926 6846 6008 9015 7946 4054 4232 6964 6094 6113 7984 8629 1099 8692 7323 7744 7086 9053 850 5163 9717 1381 3658 8538 4408 3324 9397 6420 9783 4077 3883 4542 1217
91 8195 3802 6793 7495 4881 4605 7414 6912 6656 9082 3482 8823 9017 4266 7559 4962 8484 6646 7718 6728 7381 1246 1800 6493 6942 8392 2513 2447 7915 1698 1824 1852 791 721 5586 4543 8909 892 7480 1369 3852 218 7942 8405 3028 3127 3417 9040 1396 256 4610 8079 7091 2009 7932 9746 8500 4863 1806 5707 5706 1868 1380 498 5457 4878 4628 8505 4176 6243 274 8017 794 9861 709 7796 9178 2057 7130 9224 5940 1610 9315 7350 2307 7670 5311 290 2186 1569 5666
99 4177 3169 2673 1600 2164 4577 5613 9389 125 857 17 5953 4811 6786 4133 3896 8271 9763 9522 9311 2990 5156 6288 6044 6632 1717 8301 4699 3331 9275 2575 8490 7922 260 4122 6494 6747 4804 5573 2265 9429 9986 9786 2859 394 2335 5696 373 1686 6426 6764 153 4751 9789 8678 5731 9398 8925 6155 4173 149 8056 2229 9749 1227 5515 1449 2072 5188 8209 9988 2302 3745 526 8529 2735 6462 3401 1989 5150 4151 1770 6203 3041 7075 6673 4847 4583 9874 5766 5687 9544 8541 5701 9535 2012 2096 6018 893
93 8102 5817 9921 5535 9984 4559 3955 4530 177 572 5133 5621 5343 2708 1051 400 972 3610 2989 5043 2959 2977 9785 599 8164 426 3994 979 6724 4277 2912 4793 1471 8338 404 6360 4069 9453 4704 3654 9682 9431 7376 6760 9256 2014 8984 6200 2255 6911 3717 4644 5044 3958 7768 8853 5632 7160 3060 8830 5819 5191 3988 8267 4916 5716 1922 3827 9941 3266 4841 5269 7039 9257 6035 1458 626 7083 2075 4367 2399 6246 7146 1758 7478 8122 8514 472 2369 501 5399 2174 5865
93 692 519 9387 6754 5955 4842 2588 7888 297 4637 2858 5073 3778 313 405 2070 155 4599 851 8780 3537 6508 2627 2748 8319 3206 4850 9259 9044 8383 7575 2136 8705 4330 1530 3411 8573 733 4550 6567 4939 6755 2034 883 2900 5358 7073 8476 9216 1251 6306 2705 5578 8296 4306 6452 691 7437 6337 6067 7377 1298 8451 6010 9469 6532 9707 7400 7598 3154 1318 1340 1170 3645 7271 7588 5262 8640 9641 5039 6001 1239 8064 5939 2108 4388 6647 9365 2719 1345 1675 6485 1822
96 1504 26 4803 6455 163 5436 4885 1233 8824 6556 6571 1028 5442 4392 4882 9198 556 5638 7089 3450 2732 8354 4222 9572 2357 5800 819 1478 516 4114 7029 6610 110 8921 4956 231 8085 1841 7968 4679 2678 3505 6522 7194 3249 6210 9020 7118 9573 3979 6671 3449 7747 9640 9144 9917 5278 9211 119 9158 3021 9663 2582 5451 1787 4776 428 3946 3037 8682 4192 8579 7757 1087 5728 9081 3316 7664 1511 7276 2877 5072 7595 5084 7428 8103 7545 3409 4623 1400 7677 2458 8961 8396 6568 6550
103 1509 2389 9772 9149 3819 8995 157 289 5159 971 2667 1046 3239 4062 423 4466 7379 1299 6531 9148 678 8533 477 2778 1256 7629 2955 279 9951 5173 9463 5138 5347 6775 1428 7851 3565 3088 1432 8202 2554 9399 3786 4347 9724 5124 7284 3338 1107 5557 46 2591 7785 2180 115 1238 378 2917 2109 8946 7370 9447 6410 1809 8204 5258 6405 4425 5035 5709 7754 4407 5115 1165 1440 6419 6921 2551 9086 7184 7551 4902 481 9555 8804 8179 4555 4941 5118 6581 1029 265 9864 548 3167 7975 9393 9683 4326 4946 7939 5603 5937
89 6254 1591 980 8435 4888 833 5558 5790 8549 79 924 6706 3407 3996 6055 6831 9068 8869 4295 2671 8935 7698 3815 3541 735 6229 7231 1838 5036 5572 2639 6867 8776 2204 9706 4620 4943 955 4417 1189 5534 3639 4897 7611 6808 4317 1221 8244 6294 9879 291 5777 8331 450 6643 1012 6199 1269 8606 8882 938 5434 1294 2268 2067 909 714 8582 2501 631 253 9705 1667 4216 1871 1636 4694 4953 1562 4846 9501 2597 5809 1006 6743 1803 3406 2081 5468
95 8067 1951 2215 3787 8938 3443 9642 1541 7711 9854 7338 2456 973 5264 9733 2279 8038 4190 9604 2557 9363 2775 9113 9029 7842 1858 3549 5540 2675 3199 2401 5123 5582 3217 111 5381 5674 1053 7815 9668 8558 9117 3838 1901 789 601 8741 8969 3264 2559 1811 8241 4678 8256 8068 7608 3657 4717 5693 7896 6017 3070 8567 6326 3300 6130 181 8572 4671 4084 275 4774 2992 6759 433 5909 9041 1786 3494 6555 3804 1156 3811 9408 9331 5292 4333 4991 6872 8229 1388 2376 2149 4237 699
91 3117 4112 1508 9970 91 417 2301 1855 3094 5966 2642 8374 4879 5372 937 8736 3173 5789 4220 6693 2254 2929 6633 1534 4368 7274 8578 7865 6269 1662 1555 126 8140 6478 1961 673 3257 5309 3512 7216 7789 4208 2444 3546 4809 5183 6955 230 1048 6075 9528 2691 412 3897 6024 8487 7246 3144 5197 5164 7501 5634 7563 9973 7302 5964 807 2885 3961 8708 7765 3416 565 3382 899 5934 6898 1916 6400 505 3683 1621 3069 8822 7881 4626 806 2184 9079 5478 5806
97 4015 4545 7385 4246 9332 8998 6752 774 2359 555 983 8714 8752 1891 2560 6670 7562 3187 4013 9884 8197 7676 1347 1626 8320 8019 5619 4404 9391 8259 5503 6748 1757 5490 3136 1853 5252 4409 1813 4449 7349 6687 3203 1350 5765 9367 8967 6746 9325 1314 8030 1322 9304 4928 9716 9548 2834 5941 9396 7706 2660 8391 7875 4168 2655 4072 7149 8978 6679 8039 5774 2674 237 6917 6015 7565 525 2294 1220 3282 3837 5228 6318 4808 2562 3008 8358 726 6259 2875 8975 9062 1287 3995 9906 7131 8376
88 7331 4426 5249 7535 471 9674 4429 2309 8458 2553 6245 2824 1000 4596 2502 7405 5119 1152 770 7180 4058 5871 4948 8014 1320 4569 2820 6836 2693 7820 5918 4132 4175 8551 7778 4970 8125 3071 355 6776 9963 3611 9341 1154 9677 8872 8583 7883 9368 3751 9218 7523 7279 8473 8145 2345 2932 7703 8364 946 7217 9566 3368 4039 462 3 5467 8265 7617 7874 1434 1119 1175 6953 3587 7288 5543 1260 6474 9344 6272 1580 792 9754 617 6482 1114 9339
93 6750 6640 4551 3390 4923 3636 8871 4033 3246 6798 2628 3972 8854 1401 6014 7301 7233 5024 2802 5338 9919 6280 7312 5620 1817 2532 2751 4718 500 4328 5221 6566 2441 5756 3190 5429 9629 7093 7299 4305 1465 6421 1942 8029 4479 4731 8691 5520 7359 4236 7211 7679 3856 4018 7497 4170 8159 7656 2629 4366 6367 1929 3850 2849 1880 2668 5378 1137 8986 2364 4930 1448 793 53 2198 172 4820 6811 2116 6206 7722 2558 546 9932 5139 7409 6157 1856 8274 2171 5314 325 1872
99 5594 7594 8651 2770 5700 9844 2937 8604 8257 4909 558 5820 655 8607 875 8643 1742 603 8148 9313 5788 1184 285 7976 8300 7321 1354 8423 4590 3808 3242 6970 7034 5668 2100 2905 9352 4100 1286 987 8394 5291 441 8587 8779 1645 7101 389 8795 7627 8143 605 364 5530 8769 2143 2663 7980 2318 2420 122 3744 9991 4915 3689 7007 9602 7479 4831 3472 9927 3209 3940 951 5243 6548 3135 9603 8528 3615 2637 6382 9824 83 5377 1082 5849 422 3774 9833 7981 7900 8425 273 3344 2921 564 4834 9765
92 2855 957 5576 210 2997 9126 9228 9260 425 4904 7139 9105 296 5276 8927 1979 7833 2082 996 4491 9537 9978 5259 9797 4598 3608 2224 4200 636 9401 1295 3415 6686 2455 5892 9245 6817 9626 622 9520 2523 8108 7605 7042 1389 995 6602 7396 9628 3906 3538 2731 7973 3763 1794 6895 6737 2308 4075 8866 8734 7317 8719 9165 9912 4581 4073 4514 6910 5299 5784 6666 1463 1469 2694 2724 8078 8669 9766 2771 5417 8999 9403 32 6472 3577 6675 2363 713 2313 3968 9037
96 9845 5171 9623 2608 2903 3967 1791 8081 8356 594 4695 4213 6865 6822 6785 7110 9493 1360 7949 9649 6517 5739 1962 2791 2644 5425 81 4262 4123 656 6312 867 1766 4836 9189 4310 3845 9580 2264 4378 7306 8914 6152 8970 8917 1614 2556 7041 2596 4844 3036 2085 4443 6975 8688 4303 734 6939 4987 4181 1773 8918 624 8287 5611 71 7974 7848 845 6797 6138 7659 9709 5637 2898 4852 1740 2195 8104 7743 9348 2622 5059 9252 5129 6956 671 8773 183 7517 524 1306 7285 2561 4547 8892
91 5297 6443 535 7694 5227 7880 8855 6937 3797 8322 2315 6519 2581 5982 2546 2241 7329 1857 1452 8575 2093 1753 475 9565 8642 6718 8084 5954 2272 885 6100 3533 8599 9084 8077 2688 8511 3229 6889 6322 7266 5384 1755 9778 9633 5629 3227 118 1908 5836 4147 3671 2763 5893 1181 6313 4586 8052 8238 3284 2666 2711 2126 9433 113 179 4418 8756 2323 2261 2078 333 2729 6537 1525 2677 8595 8508 6510 3005 3004 8979 6164 9967 2826 3326 1444 7699 2587 6502 6649
86 5362 5400 7672 4104 7636 1539 1497 9373 2908 3732 7827 1266 6963 8432 9552 1435 2231 4856 5286 7016 4365 8177 4009 2710 1953 3369 5698 2647 3579 6334 4578 3271 9193 1328 7577 6734 5945 1158 3865 6873 3807 6230 3236 8488 6047 1265 6204 9295 1372 6085 8005 8715 2019 6662 5158 7602 6307 3686 5100 7127 8176 8006 2139 1005 1759 6988 2517 8512 3001 8232 6102 4957 6333 2713 818 6978 8158 314 9699 352 4563 8408 9200 2508 9959 3379
90 6392 6060 7544 9213 4348 9901 6792 8641 1476 4227 4906 41 6924 5409 3677 3670 3650 7925 3211 5270 7172 3884 6944 356 3914 3398 6807 1783 6492 6453 3460 7113 3373 4960 1404 8076 2941 2870 9669 6615 7632 5735 3134 9010 2899 1730 8475 707 219 4749 7774 2951 8701 5646 7561 228 9989 2058 840 5569 1553 9354 2950 73 5968 5994 9647 6139 3840 147 7120 137 6533 966 7281 8264 4516 3525 8616 5050 5533 894 7021 7240 7717 1371 6159 8899 6284 7121
97 1363 4712 1638 3943 8745 9448 7499 7466 4148 948 2465 7289 7549 9611 116 9806 3223 9873 3970 8797 9819 143 5980 3155 9758 3250 8908 8485 1285 1292 6207 1069 4458 5101 2089 7556 5394 5102 5717 6990 4041 3116 1888 7597 4585 6195 5326 5999 763 2179 8370 47 5245 7712 7123 1747 7057 1796 326 2541 8858 7155 4708 186 309 749 9928 4437 7740 3514 6042 9418 812 9366 5880 5079 451 2604 8532 7600 1415 2537 456 7930 9230 7838 8737 9028 645 6707 4494 1680 4972 9866 5610 544 7678
98 8413 1820 1162 777 8046 5117 2340 4840 1254 1963 3102 3399 2115 6236 9242 8416 9605 9560 6885 4690 97 5099 4521 6784 6527 7488 7448 7483 6763 9207 3691 3826 2426 1712 245 515 2411 9787 3692 2741 8686 1606 7876 6389 445 5841 9612 8250 855 5016 3721 9476 9014 2503 3927 8635 3085 1510 6372 4851 7004 4340 3231 2758 7855 8952 3510 5312 9503 3478 1560 8652 2844 2382 1859 1887 8212 6954 1748 7384 9802 3617 5105 5411 8325 5733 4666 6965 3997 2432 676 2125 175 8694 7966 2155 3473 6725
85 6563 8174 9051 5523 4736 3697 8525 9680 8681 199 8353 6698 1336 8768 2142 8367 1212 3220 9011 8534 9101 4345 5416 6135 9931 5284 1739 3325 4529 8261 3098 395 6534 811 1666 7777 2156 4157 9317 9221 1707 3844 2122 2857 740 4125 1840 8574 8446 900 7558 3323 3526 2477 9966 6298 8302 9134 3006 5344 4376 1564 6951 5424 6840 1055 1778 4387 75 9515 7410 2121 4969 5244 6896 962 1998 6378 7578 4457 2827 1731 4231 3395 5847
79 9888 6496 8588 1248 8200 9661 9880 2902 3824 8454 2 3500 1076 6828 1611 5906 7994 232 3765 6616 5189 6923 7320 5172 6528 959 9799 2286 4071 977 5925 6125 7902 3917 5141 9278 7642 188 1383 5161 9285 27 4964 8069 1896 3040 5947 9730 5956 8845 6097 3440 5410 1694 9934 5145 9270 3900 6109 9173 0 8328 3894 7315 8811 990 4871 769 4016 5250 8980 5541 2662 5009 6717 1554 427 2709 5085
89 4735 9856 3773 9547 6362 5058 7506 7909 9133 2511 675 1899 3713 8547 8445 5178 7985 9506 732 9939 4680 3742 866 7763 7951 234 1264 6380 1919 7871 2498 8948 4165 5805 376 4511 4861 872 9987 247 4932 6346 3803 1297 8339 9104 8977 6629 1484 9847 9063 797 1691 2762 484 8959 2449 35 7536 4455 2258 9021 7584 321 3487 523 6904 9630 9777 9243 8805 8888 194 1997 7537 5051 9875 1709 7212 5371 9004 9455 4647 3103 5597 926 6244 2351 9417
90 4349 7775 3874 7374 9069 4456 7592 2957 3492 6212 3788 2856 4187 4290 4311 2595 4139 6907 8870 5525 3757 5201 7503 494 5198 9585 1625 5414 4750 1869 78 4188 6560 2381 694 7245 7500 4728 2064 4824 6408 9457 6736 9407 7498 3585 2689 4582 5271 4042 3453 8611 1108 5824 4145 7943 9871 9771 254 8931 4754 5799 4461 7982 8759 6709 84 7313 1910 1276 1818 2371 1091 6948 4570 1952 1008 554 7879 6800 1627 5274 3312 5778 51 1900 492 8399 6862 5834
87 503 9504 598 6690 8624 3147 8720 1464 6861 9897 1821 2615 6196 8222 1630 4632 809 9885 6787 5785 7727 5055 6304 704 5179 4331 6487 5898 1526 8790 711 8199 4119 9215 5449 1551 9150 5680 9687 8524 3376 6449 7444 2962 243 3534 6217 5421 3741 9276 6185 9290 886 8957 8667 2206 2469 9990 3641 2718 3452 8412 8146 5649 7886 6583 6168 8791 6311 8404 6092 2518 2797 2716 4700 1197 1418 4823 2037 9288 6584 727 1240 9774 8610 1180 7229
104 1056 5212 7311 3106 7445 9384 7045 5581 7156 8165 2497 8472 6148 7713 8660 628 6011 4917 7978 6193 6374 4895 2194 746 3609 5452 7648 192 8647 1593 723 3869 7715 3225 7835 2552 6129 7816 2481 1682 8901 5032 2225 3660 7891 3925 1582 3345 8311 540 4612 2414 1628 7808 9487 1545 2563 1586 9131 371 8463 2332 2344 5978 3216 3200 4415 9893 4439 8344 2815 9012 1870 9809 7264 985 5368 2059 5121 3423 1923 3793 2029 2107 502 9360 621 8240 5209 7582 1018 2573 9423 4780 4201 4673 5891 6305 1118 7157 4784 3684 4649 7137
90 384 2453 1330 2412 869 8400 2850 5498 4674 8879 5848 1142 6476 9937 1949 9965 9865 7732 2952 3589 7145 3618 8905 5143 8270 3129 124 9779 4955 3661 8516 2530 8299 8625 1805 6834 8281 8659 4178 8041 4967 2245 8094 3712 6467 2176 1202 7684 6741 6437 6450 9022 5373 8024 3632 5108 2337 479 1917 7520 9027 9454 128 4911 5627 9541 3272 3705 670 6057 2740 9091 7326 5289 5404 4287 14 2005 3477 1304 992 5223 1290 458 7174 322 4553 2236 5033 2808
100 6516 6598 2670 5672 5195 2480 7028 9254 8594 9172 5984 7524 9892 9320 6466 3210 3794 330 7403 7675 4800 353 1660 8808 3998 6504 3957 3075 1928 7280 4859 9821 4270 6886 6122 2366 7143 3363 7780 1032 7386 8361 3619 6393 2200 4896 6066 9483 3059 4291 453 859 3768 3992 4887 7129 8205 3052 4503 2944 1357 4249 4607 1986 2213 1550 6430 9653 9458 7332 74 8315 5266 8022 4950 9902 6620 4454 7244 1045 2737 6120 2151 6605 9327 2041 3605 3868 1977 8190 5441 9593 2878 9370 5026 5282 629 1656 6267 3420
98 3056 3879 2050 4403 8831 4572 7001 5202 4937 8329 4994 1987 6325 9770 7889 8138 8947 7811 350 439 719 1425 6027 2975 9330 2282 5104 8424 193 238 5053 4636 6667 4138 2784 9711 9972 2620 627 1602 506 3397 6657 490 3178 7434 1784 2599 8032 5640 1312 6256 6187 8993 4890 9473 2519 8468 7358 7262 3753 7037 3915 6738 3572 4297 1693 2798 2768 7391 5267 9737 5802 7152 6464 2980 1491 7783 1394 67 1249 6525 7175 9345 9411 1243 2288 5882 8453 2038 5931 7033 6161 4886 9451 8115 8740 9264
89 443 773 396 4818 6622 3251 1798 1252 9073 7662 5727 805 4280 1344 5758 1447 1001 7522 5443 1721 6324 581 4014 9651 6597 370 5630 3747 6083 1897 4421 6727 444 8016 3463 9289 563 1984 1126 1570 7884 969 514 2733 5095 7333 7449 4140 5017 3468 2736 6395 7794 9723 3584 3030 7841 7297 6506 6902 249 7709 4356 3966 3962 1815 7863 286 4541 9125 7254 6569 7766 2150 9038 2295 2742 974 8838 8318 4777 7845 9823 1854 421 8087 5355 7354 7340
90 7368 5767 1183 1692 7962 6103 6818 2739 576 2964 1523 1159 1113 9103 7901 4828 2410 4206 7412 768 5750 4835 487 5206 2227 7760 8658 5585 1556 4898 2102 1972 5462 7416 5575 2987 9675 1537 953 6051 6263 9115 8923 9219 3356 4727 6186 1713 6048 8862 9018 4762 9952 2062 8698 5390 108 882 9085 9670 2871 2152 3775 9810 3907 2385 6368 8744 1700 6240 4566 6303 1956 7647 7772 8455 4260 7538 6714 1512 4089 566 5295 6473 6700 8846 5797 896 1450 9524
92 8175 8817 1533 9268 5711 2720 3655 1705 781 9033 7882 8083 5615 1161 9118 9008 5803 7243 8709 4472 4359 2467 6270 7532 5985 2832 4794 3035 3569 4440 2398 5887 3412 2547 1790 3638 1549 3984 3362 365 1909 2919 7269 536 8789 8887 3002 8321 3340 586 2833 3831 810 2916 8388 9441 4667 9347 2938 6509 1173 7859 5155 8632 1520 1416 1172 6114 8507 2226 2496 1007 1382 259 6858 5795 5401 1090 9505 5122 6590 9562 4335 1524 4638 305 145 8552 6652 215 8308 9075
91 6823 9753 9169 6258 7427 470 5970 1543 942 5389 4486 5087 4495 7182 9666 5340 3013 4981 7530 680 2652 2534 2056 5006 9379 5149 6962 5471 4870 3916 876 8183 2613 7060 3495 2165 8727 6756 2661 3928 4066 4286 6720 4661 3662 4726 8324 9302 244 5979 5387 8071 9025 5659 6694 3782 2191 1147 5081 3330 2043 5833 7192 9814 6293 5832 8757 8891 1370 7407 2601 4360 3872 6767 2942 1178 2299 3588 3518 6934 4401 1665 9776 6495 8883 7897 2202 9545 382 173 6107
95 5760 9244 7867 991 3973 8718 7596 6919 1040 6903 9725 5595 9761 1937 2947 4411 3105 3100 4843 5704 7758 1362 5831 4778 1062 6617 7633 3346 8710 5341 4030 5458 4698 9377 6950 5437 6992 1522 7209 1892 2616 1894 8605 9438 4880 4001 5531 6171 9445 1115 9031 679 1021 9616 2922 5348 871 7046 6291 9764 5082 3720 1086 8478 3536 134 6385 6025 4094 2818 1351 2472 9993 3305 9083 3385 6068 9305 9164 2914 8260 2196 3545 6123 1424 731 4226 7431 6855 638 4046 1596 2605 7425 1084
100 2216 2250 3830 1921 7990 9936 4361 5714 1307 7062 7051 8096 7987 8553 8156 323 4919 8775 6340 7063 847 7894 4711 5692 2520 2370 3529 4918 3097 7965 7337 610 5753 7371 1546 9156 5320 7832 4199 3624 9703 8123 7456 5546 5675 8430 2988 6331 6880 8504 6637 3245 6131 4849 6966 9210 8036 4010 5928 6383 8666 5018 33 4814 4498 3724 7205 7322 7242 780 7482 5885 1393 3341 2289 7905 2239 2459 2862 5010 5346 9380 4558 12 5679 8954 4874 9236 6283 9372 8273 1271 6353 4091 6188 3557 9848 1426 5952 3286
95 9702 6475 9161 6257 595 1047 3734 1132 2460 6465 5699 6820 9109 4102 7170 5721 2841 8620 6552 9523 9567 2461 8316 9226 4463 2003 3921 4108 2409 4045 9878 9533 8968 1310 3353 7688 8945 9323 2765 4701 4342 8245 5237 9553 5555 4121 9911 6779 5052 9556 6819 72 4584 9486 8342 6121 5196 3380 8974 5612 8417 8520 5688 7516 8683 5713 3348 200 4938 7913 9886 4806 3073 8962 9686 5792 9239 3702 8835 2800 6261 9307 607 6914 578 6813 4267 7408 3818 6952 141 7682 8347 5907 4783
89 9727 5094 2112 5093 2923 3058 9071 9222 2978 6984 1229 2228 2183 9945 5908 3935 832 3392 1701 1489 1788 5128 9336 9481 4309 7261 7655 6402 8414 7347 246 5495 9181 2540 9094 3372 2500 8330 7142 2054 4389 6483 664 1505 8375 8679 6414 1912 7055 4580 5878 9922 8285 1846 3358 5361 6498 3011 3963 6165 89 9803 5342 663 8288 1584 1268 5850 165 4500 392 1622 1557 2487 1427 4126 2237 3784 8272 4413 2945 783 4676 9722 3535 7356 8803 3547 5254
89 8717 5319 299 4275 2804 589 7920 6433 9801 3595 5126 4974 8228 4995 1654 5636 3157 4758 4351 87 756 4600 1041 6806 7380 3138 1935 483 6684 1423 5606 5152 5067 4081 3104 3355 7799 3101 2779 276 1985 920 189 4381 5973 8531 1155 5879 380 223 3248 9719 1741 3600 409 201 1980 4095 4003 2773 3738 6350 3311 720 93 4279 9995 7227 925 345 9589 1833 7668 9576 5598 7471 3798 3143 9335 6721 9269 897 7526 203 2235 596 3833 3110 4785
95 2457 9977 1163 9092 8380 6216 5583 4127 8649 5822 6922 8569 8434 1996 5935 4274 2682 9065 7035 489 9731 716 4264 4184 571 6981 3783 1978 2406 8340 999 8309 2293 5208 3719 7696 8501 5088 1124 9471 1338 2002 4796 9220 5426 3287 3846 6909 6969 8826 130 3566 8793 5609 9019 8637 9655 2490 6012 7069 6515 4057 4380 9273 4050 1224 1993 8373 9625 4539 2402 4575 7953 4601 6115 4564 4534 4136 3219 1793 1651 1563 6069 8003 868 1151 144 1078 613 3078 1368 6265 2015 4908 3150
92 2995 3735 7177 4017 7963 2636 6608 1771 6685 6428 268 4255 3207 2828 5364 2219 2968 6133 1194 150 7801 5019 63 8920 8000 2484 180 8167 1417 6364 9058 2334 9127 2008 38 263 7626 8944 2330 25 4942 8650 1619 1754 7491 2548 4113 4595 6558 8956 6659 3880 399 3082 221 3195 5903 7112 8443 9762 5971 1281 9231 6681 8426 5617 913 3475 6857 207 7067 2000 7844 5660 7802 7457 1632 2650 1886 542 4574 4944 528 5508 6588 7616 7960 2839 6238 5855 7206 8223
92 967 8201 1092 58 8627 6108 6835 1959 1097 4642 9266 1157 2223 1883 935 2946 7862 6082 3243 4747 7931 4658 9137 3835 9607 4078 904 9319 2489 5029 9496 6603 7094 8670 9214 6788 1171 826 7993 457 9234 9449 3237 8996 5718 3476 2099 4019 4764 272 9688 2066 4307 9300 9039 1104 1658 7541 4893 9061 5571 1577 461 9070 178 7072 5742 2388 4156 6366 5234 2906 7436 1685 3224 9624 978 1592 3448 5038 4186 3038 3847 5275 9467 42 9444 3859 9904 1777 4760 2543
