95 333 1877 5829 1122 234 7955 1430 1692 9264 1309 5246 7007 2687 1368 172 7480 6432 7183 2566 3349 2487 8193 3225 7904 7433 3392 5118 4673 9199 4009 4342 3638 3020 7831 7986 4475 9474 5639 1789 2100 8685 2603 1108 3781 7354 9087 4888 6710 9310 8173 2488 4777 8670 5409 6751 146 900 536 4442 1193 9218 7405 3802 5142 4603 1825 2161 6137 4960 5815 7495 5979 9677 5040 8502 2778 9762 2725 1799 4889 41 9554 6107 1347 6127 2918 2109 8230 8025 3448 2066 7968 964 5489 2279
97 3892 157 6701 3012 1791 5564 9960 7348 8207 1129 9543 1945 8753 7236 8945 1408 7381 2276 4744 2923 3683 6136 9360 7054 5567 3744 2408 9637 7615 4086 8182 8374 7825 3509 4208 6574 754 5153 4199 1531 6771 749 6351 2779 3690 8248 4653 9399 8534 3670 2084 5157 3805 8800 6582 4462 5819 7223 3376 7201 7755 1592 93 4993 9313 9982 8904 1044 3896 5986 7790 9938 2335 1671 3368 653 253 9871 8126 9191 5139 655 2773 7877 81 9402 8927 1121 4795 6022 2010 5413 2611 1062 8134 400 8887
96 4767 4131 2303 205 7424 829 4460 4801 8400 8980 7627 99 6526 1263 6290 7619 6204 6507 2703 6259 9021 5201 9035 8490 1063 9198 2808 4813 358 2662 2920 3866 2373 9785 4192 3736 9493 5893 1794 4372 5026 625 1162 5173 1746 5672 8456 6929 2867 6378 3662 2860 4672 8986 7152 4779 2886 61 4371 382 7492 9231 1352 1815 5581 5378 1405 6043 1274 8873 579 2248 3658 2647 719 25 2146 7867 4974 1501 5953 1833 2844 5078 1556 7198 6734 3355 3339 202 1441 569 423 2446 2792 7461
95 3046 5731 1413 1523 6222 3215 652 2623 5825 7252 4887 7065 2182 7255 7864 1283 3559 1197 5598 9826 9151 9427 7483 6651 1696 5946 4542 269 2560 6546 1322 4558 6337 4448 1419 1655 42 7857 5776 1237 7277 923 9185 134 9072 8132 7596 9495 5717 7761 6995 4730 9419 2710 6485 8169 1564 7195 9885 5227 9326 214 8492 2559 6730 8209 2309 7622 3566 580 3819 188 8442 881 8114 3964 9108 7893 5283 6294 1246 6105 3175 9208 6192 7306 8135 2719 5600 5535 1313 7233 5386 3003 5624
98 9965 5490 8499 708 904 9682 4203 2427 7468 9504 5635 2074 5358 2049 6548 7834 6978 390 3764 8480 5755 8491 6198 2313 2329 2868 2845 6092 5229 6454 6221 1179 1962 1878 9643 2107 76 6744 7762 1926 2889 2072 8571 3452 7582 690 5849 7274 627 8763 6789 302 6868 1539 1841 6897 3798 262 6904 7898 841 9811 9164 8507 6860 3016 9639 4149 1782 4117 3430 3197 5965 7587 1654 9841 7890 8707 7845 5522 1816 2763 3880 675 8612 4589 2573 956 369 7382 8861 3821 7251 7310 2543 5901 6312 2507
93 429 8294 8778 4616 326 6366 6619 5503 8664 4846 4068 7961 3278 3143 3443 5305 2240 3383 5408 2409 334 2649 1399 4934 7192 2089 4745 3508 2247 4829 6056 1955 7753 1750 5526 1164 8655 3238 3488 2301 91 147 3974 4210 2672 1461 7550 399 1222 4963 1541 9336 4843 8259 485 8425 4212 4268 8759 9573 6493 5713 7917 6971 3444 9736 7262 4327 8350 3937 1028 5020 3341 4301 9345 9861 9455 7189 932 2714 4497 3424 1168 4071 5604 3657 7902 9518 8351 7687 5428 1609 3790
86 6367 1138 9462 1888 7204 7063 7288 3297 9237 8215 318 7754 2454 4075 527 3905 8645 8761 428 4107 7666 9407 6260 2850 1140 7830 1110 2508 2135 21 5974 1467 856 1830 3231 889 6375 5679 3363 6534 2031 658 8921 2976 9029 8229 1358 5843 9572 8579 4473 4670 4137 1450 113 7303 3152 258 4794 6297 6041 7212 1460 9557 2394 377 8127 2610 7868 7163 3562 4260 46 8642 6359 1041 823 5494 460 89 2869 4456 5159 6794 8888 7137
96 1130 4657 4164 3029 261 7800 7062 977 5405 9262 2697 9161 2503 742 9249 8837 443 9890 1219 9697 6520 7116 4450 2910 1107 2558 6002 6580 1340 6145 9648 8689 1685 6365 5840 1348 1054 2238 3573 8264 8731 288 3659 1261 1251 5011 8110 6880 4766 6407 7398 3504 7905 2059 632 1509 4749 3018 2132 1351 3243 2384 3650 9328 3554 8772 5516 7901 5553 6625 4243 2952 7060 3602 7809 6243 3106 2001 2062 2928 8973 7267 8128 1965 8142 5698 9374 7944 3028 8925 5732 4230 2318 5903 9212 40
99 3986 4980 7273 60 4116 549 8966 2989 2037 3585 9681 6021 3051 1172 1022 9058 193 561 8487 4404 8241 9501 8217 222 5426 2528 8835 2278 7556 255 2255 4361 5466 6385 7733 6231 4469 3796 3282 530 7214 6373 4981 2423 9858 4379 4965 1677 1341 877 3936 5238 3198 6792 2571 9150 9074 2308 8795 7491 682 5209 9101 7631 6728 7075 8245 2088 4221 3420 3144 5233 2221 5128 7856 2359 4386 1426 8454 2915 4099 417 1196 4912 9822 9646 3338 8754 3014 7050 8623 3633 5569 8474 2448 6116 9506 2545 853
94 6032 5312 2927 4063 9579 5043 3109 605 6264 1475 8813 3072 9789 5972 5502 5088 2563 3168 1716 6167 8956 8723 6812 2484 6884 3988 3550 180 1266 6691 2693 6931 4012 7718 8443 321 5501 9285 5160 118 1070 5647 8968 2831 2898 2556 1268 7328 6050 3957 3850 4284 3183 5616 3643 2921 9350 4045 3533 7161 2246 409 5540 4805 8108 1436 3922 9983 972 1112 2211 6013 7425 5608 5824 5252 8844 5520 7024 7330 4791 8417 2666 4029 9552 4822 7318 6434 3318 9707 6478 7607 6951 9629
89 2028 4735 8429 498 4605 4899 1693 2704 5596 5253 9293 2233 371 4311 1642 2158 9373 4802 9936 878 4824 2425 3453 6188 389 554 2024 9281 7720 4852 8868 777 7606 8208 309 6902 4359 4559 1093 4514 9810 279 1842 4776 4576 7639 3303 8495 7509 3434 6169 9809 2193 676 5687 3406 7576 7987 6160 8303 4201 7685 4454 1117 990 3948 9143 2245 2442 7909 3895 9276 6462 9213 2774 7001 3549 5170 5404 4471 4682 5122 2459 4367 937 4076 1030 6917 56
99 6099 7014 9024 6242 5671 6417 1623 2330 3364 5512 50 3801 9200 74 5052 6890 3783 748 902 1464 1199 2043 6149 5673 4891 1973 5570 5433 8654 4758 2520 9618 1003 8461 2231 1839 8566 647 2490 5810 9103 77 3841 2754 2985 6941 8147 2975 995 6958 1326 2032 137 9578 5995 1957 4173 7826 4654 9676 2415 3337 8256 4432 7681 9948 7249 6082 5781 2887 4881 6839 9251 6750 5385 354 3505 9596 3944 1744 1668 3940 9773 5339 9642 9783 5045 6315 6494 9498 6635 8839 6553 1710 4127 7352 7240 5574 1069
89 9926 858 9205 6758 954 433 1241 6721 8450 746 5235 9242 7497 1010 7454 2422 2379 5536 5099 416 8691 7992 9632 1123 7505 9598 787 1415 447 1817 7479 9223 3067 7248 8601 1637 3019 2424 6286 2587 6719 4031 2586 4482 6660 3713 688 8233 1770 8741 8951 9375 1027 4294 5709 1727 1683 1631 7594 3395 3002 306 5800 7854 3865 6153 1624 799 783 9196 6074 9726 9834 8935 8965 2338 4722 9036 9873 5296 7751 353 1607 3647 5067 943 3255 7948 4819
81 3743 1909 9452 578 6390 9508 982 1114 4844 8915 1621 1152 6504 348 2499 9139 4275 3111 3040 8016 4902 8648 1822 5098 8782 394 7081 2260 9689 9749 9121 9316 4645 7112 351 7448 616 6508 1053 8632 3320 5365 7846 7387 5149 4969 5890 2689 591 4062 349 1828 3139 5949 3124 3810 2546 4339 3875 544 444 6924 9928 9061 6064 8894 9068 6246 8546 2857 6509 201 4254 9216 9979 9338 4666 1590 2709 8854 6626
96 9731 2691 3060 7463 6834 4521 8015 1853 4303 946 7667 5525 5332 5506 7069 2789 5221 6146 7580 3150 1847 9088 8027 5867 5648 2935 9456 8119 9609 494 4228 3412 8112 7434 5999 3608 5711 3779 5383 7098 4561 4990 7964 2295 6753 260 9874 7146 3154 7202 9668 69 127 2306 8364 135 6828 9817 9972 1047 3402 4380 5666 7993 8199 15 8146 8296 6197 9309 4625 9070 508 1097 446 7814 4356 3599 2548 2061 3961 3375 2111 9259 8722 4971 9686 6311 2805 792 6305 8106 8696 3336 9519 3979
96 2270 236 6120 7304 1573 4705 5727 7344 6181 5310 478 1937 4920 9299 3418 607 4857 7598 8733 1781 6805 412 2512 3428 1081 1690 5591 5844 7225 7745 1244 1356 2440 7331 589 6018 8081 2799 6459 4978 3539 7544 1218 8357 8667 3877 5356 5471 610 6820 9307 2747 6559 8279 6475 7648 456 6523 9997 5670 5138 9692 2692 1000 5347 4121 6909 5873 2152 9815 1496 9144 2297 1864 8992 281 3115 6593 3459 4892 573 3393 2628 7599 8139 4928 6301 457 9716 1073 7828 1552 2949 3351 1367 3044
95 9342 3553 5928 614 6326 6042 1653 5745 9381 3883 7710 7034 8677 6298 9400 5589 9219 4613 2941 3915 9727 2232 1891 2601 2485 935 6979 6065 6661 90 239 163 1676 2038 6233 2401 7476 9894 2026 461 1506 3904 9210 9376 4084 3270 9889 2120 7196 7519 1401 8629 3126 4535 1522 4032 6992 9225 1704 3627 7569 5860 9260 2362 9454 3158 6046 1584 1714 6349 7551 1905 166 3830 1099 3005 822 3290 9355 8871 4189 3644 771 5529 8197 4614 7795 2381 2700 6356 7430 5912 5069 2212 9401
96 2836 1612 257 9370 6452 7808 9171 6182 6275 216 8072 7558 9304 2516 5262 9524 7744 621 3678 7134 3245 1871 3450 9664 6851 6328 3065 684 2162 9478 5927 5181 3353 504 1875 483 3788 3534 6416 4513 1630 2397 577 2772 8320 5980 2606 1052 3567 2750 3617 8675 8460 8866 7444 7664 6379 335 1809 9836 975 9959 5775 7869 9540 3529 6338 481 8994 19 8811 9622 1371 3745 911 3571 3101 9109 1866 3033 8252 596 4388 6709 5225 468 2164 355 3091 4023 1707 9667 4272 8031 8441 7999
95 9945 6011 3635 4423 7719 8321 7343 2259 8468 8042 8658 7844 2325 7193 4830 1561 2972 1403 2702 8171 717 7170 9134 2574 1703 9038 7149 6685 5268 2184 6466 5814 9601 1518 2367 6977 6633 5322 8960 6476 7504 4746 6372 5650 7351 336 2357 4964 5279 5278 104 6148 7878 2057 4847 4365 1988 9971 3151 9705 8221 5382 4202 8019 1166 8036 9535 4518 8783 6040 8269 8687 7783 6772 3295 8932 7242 313 7131 4072 6986 3229 2021 4596 7283 6300 1579 6486 5993 3112 9046 7506 9027 5676 1163
98 7765 6123 6819 6436 4224 2416 1281 5779 3575 3512 3927 1440 9424 1060 7327 4510 1849 5579 807 499 7219 5976 3128 2622 2888 6482 8159 9091 4156 3784 8852 854 7841 6157 4439 154 6641 9192 2115 3247 6555 7725 2137 2570 9915 4878 3140 4814 1120 7632 8485 3912 2856 4815 7926 9084 2557 6621 4950 4703 381 8144 5282 8254 1195 553 6067 5978 4434 925 7929 463 6778 4839 9127 7659 7601 1551 7739 6471 6175 9903 6952 801 664 6681 7821 6611 7360 9799 6624 574 8452 1409 9891 3695 9266 6106
94 8448 5000 7810 8610 7184 3526 7118 8368 5162 1374 2165 631 153 9102 6380 3910 1567 3548 3194 4146 6293 9291 6049 212 3804 926 2167 2912 7677 3285 6030 462 6448 4797 5603 4932 3009 9247 2590 6262 1529 105 8552 6821 552 7840 38 207 7038 9683 8633 8750 9814 6859 6398 6252 7802 3981 7153 13 9655 3698 528 298 1002 9253 5515 9553 3340 1015 9250 4775 7541 5852 991 324 8867 9425 5767 1992 1486 491 5904 6613 2498 3039 3410 3932 3332 4285 1072 3102 1489 4073
92 5900 5714 5605 6492 2642 5785 5809 760 654 9439 2589 1395 7496 2185 8877 6677 8916 6590 4556 8896 1144 2962 7757 4018 5009 5240 7363 9977 2138 6980 9278 4376 6309 3372 6447 8806 4313 3942 7286 4182 7103 9759 9096 156 5798 9770 8348 6135 7171 1039 1831 8387 8274 9296 4667 1233 7011 1943 8419 1681 3724 2655 8644 2681 4612 9141 6111 7651 7780 9561 3507 8289 1788 6276 8961 9694 5458 4436 1850 3577 3824 7165 9588 1876 4160 6352 9954 5436 5320 1545 7194 5035
98 7003 4664 9813 1994 4850 8768 3911 5556 4935 7788 7056 4317 6164 1726 4168 7345 8420 2749 9016 9930 4159 2599 8649 691 5334 5230 1452 6720 8803 5615 7241 1186 5533 4782 6396 1473 6439 5593 2644 9821 4077 7675 6953 290 9876 3008 984 5504 6335 2652 4663 8421 7020 9993 2964 8735 9756 9206 3132 4792 3470 4845 8338 1818 18 6418 1145 5416 790 1963 8409 5924 2349 5488 6283 9843 2387 3710 1752 291 3625 8009 2838 3537 1497 7853 3520 2671 6133 4451 1583 8836 2901 2995 734 8160 5985 263
91 3423 4299 7860 4419 8886 2965 8709 7210 6705 32 2909 5165 8907 4796 3007 5575 4336 2987 9905 3212 8307 520 6640 6265 9120 8777 3546 4368 2645 1867 4147 8661 8389 9574 4043 9325 6885 7362 424 4551 9353 7605 415 7282 4611 4560 8851 5744 5791 7772 1148 4679 8088 2660 6539 8040 3415 6765 9728 3772 7366 5143 6524 6143 5599 8416 3900 7945 8145 4006 7526 9414 5438 576 7309 4876 2561 9186 1458 3848 276 9104 6982 451 5497 2388 6776 2828 6793 6697 2682
94 3048 6850 7696 8729 732 7317 5313 7390 6911 4677 8246 6777 8914 420 540 4590 3935 5906 7368 8115 3472 6457 779 1043 4827 4397 5491 6703 283 3188 2181 2209 961 3068 5228 4947 4885 4696 5557 8513 1005 3394 2955 6855 773 6877 3572 7002 4422 5319 4681 8430 8174 1776 9673 9556 1091 6918 5830 6832 2475 4566 2739 6059 4628 1851 920 2833 4787 8672 656 419 833 3380 2345 3663 1810 3709 784 5415 6537 3939 5350 4896 9175 5477 9657 1882 7976 3632 7863 2585 1194 1925
90 1499 4987 1285 5152 763 9149 890 953 7260 372 2855 9359 2815 4817 5091 9271 2333 4600 4390 5576 6949 598 233 3045 9895 2881 7040 5255 4083 8565 4820 731 4378 3928 2275 8958 4021 3831 4225 6653 4995 8116 4247 6623 2891 7220 6610 2491 8178 8872 8434 9691 4764 6994 6062 9009 5116 2824 1323 7415 4223 5072 8737 2176 7928 177 411 5747 6455 9805 914 6645 2319 117 8794 5029 8497 8617 3248 9548 8089 5794 1991 9777 604 2953 2522 9754 2288 3135
94 6195 1147 6646 1759 5653 3908 2658 3868 6786 2638 7339 2504 668 171 839 5910 6999 7920 2769 2917 9323 1785 6097 5375 7280 806 7595 9804 7721 6614 2515 1898 8496 3352 9013 5244 1594 5934 484 2426 3161 723 2210 8444 2332 1103 7055 6561 5129 2776 9314 4262 866 229 5644 4291 9365 6932 7326 4394 5761 9371 8627 9165 3621 7397 9014 6780 9045 4363 8681 101 4030 590 9523 1718 142 9670 8727 9654 4900 4879 3483 6706 3138 6905 4620 5130 4141 2254 3279 7554 1185 4134
88 4204 8118 7428 9443 3417 174 63 1948 3343 1775 4992 826 1939 6125 9358 9640 4406 2604 3995 534 1463 8390 1629 7914 94 2337 4215 3516 3193 7676 4918 7722 6770 512 6314 2476 4088 4349 3489 4562 5988 7799 1425 5765 3889 55 384 9825 3330 8936 2766 128 9043 3288 3776 2577 2712 1389 6869 7736 8102 1363 712 6538 2189 8392 8311 449 8423 4858 1383 3256 6787 8291 2626 3990 2289 2216 8356 930 277 6785 9627 2452 4170 232 6817 3753
94 1512 7924 8346 144 8791 8222 189 1247 2000 2945 7012 6541 5989 1585 5224 6565 9067 5056 8305 6866 2866 8628 3432 7090 9321 4486 5086 8746 4476 3460 8418 8640 4227 4015 8678 1050 3234 43 2042 6479 7023 809 2169 4851 8176 7109 9341 3207 7106 4524 4061 9778 7272 168 5174 7998 2795 4649 1006 9380 6965 7593 3527 6637 8997 2113 8929 3219 8901 2470 2154 6017 921 7794 6095 2283 6925 3374 6934 5342 8371 8121 6150 2665 6003 9661 5314 3688 1139 2990 9430 3149 331 6894
93 8341 6389 4541 511 7429 7661 2019 2079 2269 1535 6938 8281 7760 4873 3390 1417 3639 44 8787 7141 8637 1985 5021 9173 6489 4943 6184 5459 5982 796 8970 4549 8724 1170 3053 2175 9093 5875 4304 9586 6802 7935 7136 8728 7861 6360 6667 3864 9269 663 387 9733 8816 2272 3921 2414 4074 8306 4694 2002 4768 7991 4617 8535 2356 1085 6212 5649 2022 102 3791 1333 5280 8665 4583 9308 8911 9847 3058 1979 1599 8743 4479 6295 7221 2449 36 6053 1273 342 466 5034 5795
92 6234 6743 8393 5379 7450 9054 8597 3739 4609 9946 8824 9587 9933 9666 1329 892 6557 7245 3082 5251 8899 6960 2873 798 7185 8926 5231 3823 7748 7321 4297 9764 7299 9447 8624 7763 3403 2116 1077 2173 1165 523 9969 2092 5288 537 9591 7078 3914 2033 3261 1517 1732 1721 4098 8481 4232 2971 6491 5668 9457 1255 8826 6460 5964 9751 6714 5194 2821 4658 7887 6025 1806 9970 3968 1717 315 8621 5106 5208 3210 942 9955 5587 9303 1321 272 5292 735 6742 8439 2627
88 3074 1613 8202 7916 4728 3442 4126 8370 6554 2058 35 2961 9517 2112 3913 5823 6341 1625 9628 3603 8630 608 7839 8107 9607 8408 2629 9722 6451 8498 1017 5944 267 2944 9748 5997 3145 9272 4264 8510 1557 4300 1747 7490 6919 2236 5367 6814 206 5331 9917 6490 6421 6585 5429 7871 9961 2166 1477 2583 9053 4458 7216 3038 6034 4174 3748 1319 6499 5300 4635 9934 8014 9719 6735 8963 1618 1238 6962 3775 9123 5887 7052 1895 9466 7315 737 5812
93 3800 4606 20 6054 3855 5508 6887 1954 4854 815 4942 1682 2761 2899 6070 8462 9461 7501 4939 2215 9168 5523 1731 5243 1713 6208 2946 2316 1439 6445 7891 6431 4308 583 3816 5287 7308 1418 114 246 828 9372 5700 9866 8157 4443 775 788 7824 2531 4718 1297 9985 4102 3171 3312 5822 7258 8690 1046 6560 1978 4157 4070 7268 3827 5 7231 5549 7312 6519 2286 8547 7385 9499 2219 2718 8575 9494 8067 5626 4191 4933 1016 441 8166 7699 3846 7571 8719 4500 9932 3985
88 7319 4869 5286 6331 9404 9849 1993 1536 3011 8482 985 8814 1861 7585 160 9334 9893 3385 9412 7990 1504 8388 1803 9565 3367 657 9767 8673 6128 1547 2615 8422 346 9581 5987 284 9824 6103 3061 470 601 4860 8561 744 1324 8451 5716 5931 6172 9255 8070 6196 7129 6316 6716 5357 6684 5617 2261 8084 5037 5362 1088 1606 7889 700 6230 6444 2809 5620 5135 3610 4109 3677 3975 4759 7074 5470 7588 4762 6187 6551 8034 8267 3616 3828 2596 5621
93 3668 1375 4338 8402 9230 8315 1033 1051 5914 5211 4554 810 6823 3564 8055 3849 5012 1316 500 3300 3844 7712 8424 8996 938 5479 6908 6109 9765 816 7792 8280 6712 4321 7503 4382 2643 7045 2265 4220 4138 1019 9207 431 8347 5736 7502 8910 1307 5996 4872 1378 3398 4494 9745 9740 8216 219 2172 2378 3836 5782 488 6142 9429 9012 7933 7973 6104 9113 4007 5913 5902 5344 4669 6031 9378 4305 1235 8273 5758 8821 8327 8244 2466 1092 184 7613 8022 5308 5042 2767 509
94 2521 550 4281 3786 2257 3169 8290 6865 8124 9899 5790 1968 898 4911 230 6061 9533 2374 4056 1035 9112 4773 7586 9564 8568 2674 9696 1777 8049 4877 9155 9980 941 1709 9465 8382 2957 3614 6346 8838 4253 7523 5178 555 4444 6532 1315 3631 1334 472 5215 6798 5075 8158 5688 8312 325 197 228 1942 1694 7015 1928 3863 7684 6400 7975 1764 8335 3903 3945 1471 8939 3696 1277 933 5509 7535 2348 5737 9391 7859 7528 9019 6569 7030 8038 9555 993 7894 1597 2065 6803 3528
92 7021 308 6852 9007 1739 1284 6179 1588 6308 7638 5406 7628 8708 2641 1150 9688 4392 7640 4240 2535 3641 4826 2 2925 1151 6976 8788 7057 6340 278 7637 1975 8045 7222 8284 9097 4040 5841 6896 2244 4619 7117 7655 2025 7717 7793 3642 8117 1745 4391 696 4737 9531 4013 1350 2540 4966 2052 4322 7064 2056 6862 489 2008 49 8878 7652 2505 6228 6206 2399 6957 5530 1398 7785 4799 285 8073 7329 3817 1738 5317 3089 2735 5110 586 8379 3262 6090 5618 9594 4810
95 5216 8933 1772 1298 7142 3684 4187 7985 3298 2395 5407 9580 3013 2564 4711 7449 8125 1961 970 9332 8226 3241 847 8979 730 9812 1362 3170 3735 5562 7811 6319 9116 1575 2328 122 1883 8367 9999 1946 121 215 155 5053 2565 7906 3648 8760 1725 8895 6964 6583 5205 4256 5580 4092 3490 7209 3560 1766 4485 9528 5870 5545 7620 8212 3384 4890 6662 1387 6285 5764 2814 2411 39 3861 8077 5071 794 6615 8328 5393 9856 8140 405 7562 8359 2087 9408 6943 6996 7285 5258 4818 3108
90 7151 2483 5619 8261 4970 3129 3785 9918 9005 4198 2762 5033 944 8092 3451 3711 7521 8384 9855 1836 2659 2432 2102 9227 7547 4585 1917 5120 2656 885 9620 7459 6726 9651 7335 606 2859 4643 6947 1967 2533 7653 707 2526 1082 3178 8776 9621 2380 8823 5156 436 738 1299 482 3315 2980 2582 7481 7932 7782 8401 9214 6345 3496 8319 3812 305 4 4584 5094 5131 2790 5197 4398 6517 5352 1240 5826 4586 1823 4332 6395 4593 3555 9787 8885 3959 3221 5514
94 4533 2420 1773 4574 4706 3388 7391 1289 8172 2327 8251 1021 9830 2532 5022 5856 240 2567 9850 8701 9665 9981 9973 5582 8301 7683 242 5820 7915 8156 4445 4548 7972 2281 1275 4595 1206 9738 7410 2576 1795 3511 3259 53 4804 3973 929 5095 1858 9416 9445 5384 8625 1687 2711 8004 9297 1457 1410 9641 8998 7951 3034 6141 5937 2756 4319 6248 4674 5260 3691 1525 3476 543 3047 4856 4825 3494 8948 3454 5957 270 5085 5239 7517 5059 3997 9887 2529 2701 1346 755 2932 7232
91 793 1661 9658 7162 8990 9471 1131 182 9746 4855 4229 7270 2363 4318 9124 6174 7610 445 254 6199 9228 221 7247 7019 8774 6648 8061 7440 8493 3583 2099 1435 8710 6506 8720 6410 1466 1111 2190 7159 3963 4366 6384 5446 4713 1899 4615 7404 7132 4218 7693 467 8010 532 5087 1446 418 1023 3967 9476 669 5710 919 5318 9592 795 1198 52 4740 8447 7797 5395 8295 4179 563 9927 3920 1212 8361 492 4333 4602 8190 9567 6718 1128 7469 1804 9509 4283 8635
93 8902 7997 7278 9128 3721 9914 8619 4739 3272 6933 6973 4374 2997 490 3473 3563 3589 5961 7614 388 9057 4508 3902 3799 4449 7510 5521 8223 158 4948 2467 2293 1484 6985 8349 3994 2905 5838 9530 9357 6732 6203 9547 5111 9922 3130 8828 452 5983 3881 8978 6180 5833 4296 3938 4039 6176 8196 68 5273 8581 4651 6899 2197 8829 2224 4478 8573 3440 962 4329 2600 1155 6596 9286 5938 3965 8056 1912 2839 3655 1384 966 8981 3159 2621 3184 4926 4750 9346 5846 1715 6278
95 2728 5645 37 2663 6496 6921 6967 7703 2871 8818 9405 5424 1034 5204 7376 6253 835 8104 2538 4114 4959 1903 7512 1412 3774 5184 8032 8748 8747 6132 1724 8278 359 8322 1595 626 7401 7412 5269 7568 6707 6954 1210 4636 2982 6066 3584 6831 6084 3258 3506 5177 7487 3263 9611 6543 3780 4821 821 515 9320 4660 5970 9481 1287 4172 2131 8556 4246 6881 2495 7166 2095 4130 2383 9394 7408 1355 5136 4841 5066 3078 4727 8716 8383 2994 3926 6394 4287 4698 2361 2045 1216 3495 603
91 5481 1078 3230 3419 2393 1485 3190 8820 6779 9963 8048 6119 1550 9747 5439 1633 6036 5008 8317 7374 149 3760 8001 3017 5677 6453 8103 373 296 1986 5950 218 3073 7436 3400 4835 5175 7017 5642 3086 8922 9022 3063 1392 7066 6571 7266 3661 8428 2657 3107 8784 8047 2126 8012 7473 2713 3179 2745 9417 3342 812 2968 2699 9487 3556 2147 2895 6594 6649 9193 8129 5789 7786 2519 9030 132 7522 8403 7563 4195 7789 557 8184 2630 931 5374 5062 3379 2080 5866
96 505 314 7439 1064 3257 7549 3960 5289 5685 4868 3667 2518 3070 5507 908 588 526 455 8539 5214 1761 5614 4946 4113 6893 5376 209 2525 4671 9916 7707 8458 6668 6837 9968 681 1608 340 1156 6601 1812 3924 8380 9078 7680 3733 1774 5361 8758 57 4341 1763 9944 3873 7700 9387 9625 1119 1032 3220 6449 879 8076 2350 6737 5806 6713 4544 165 6558 9145 7567 9098 5168 6873 9203 4472 6920 1844 4461 1009 5941 9059 2998 8542 3133 5984 4002 7009 6216 5665 3413 547 1048 8302 2816
90 7515 8309 4886 3026 9384 9065 8192 1008 594 237 1432 2130 2960 4973 1243 5263 7092 4610 7213 6825 7750 2104 6151 2075 6114 4921 3570 4415 4163 2758 4994 8505 4940 747 9852 6325 3457 4154 5343 3449 7671 365 4781 9063 3951 5686 6399 913 1106 3224 5028 7380 918 1998 2385 8909 4601 9327 496 1061 7994 7570 7086 9263 768 8987 6370 9978 347 3180 4162 1482 1188 307 4155 164 5905 8005 2970 8381 6961 4274 2220 2726 3431 2730 2082 3762 9354 4401
87 6781 2500 5922 4108 70 8249 7188 1666 2103 4440 9011 6498 8697 477 5908 9073 3441 1546 2073 501 4014 3919 1940 3751 8453 5241 5102 5048 5878 5172 9900 3984 6302 8299 6876 6467 4557 3728 3114 602 7769 7203 2431 259 1192 9232 8662 4956 636 1664 4958 5435 6409 960 2228 9525 1270 4862 7539 5695 6238 1989 2759 2908 4895 465 3949 4427 3487 7616 6433 6270 5895 820 8200 2858 1271 3618 5770 9912 3842 5003 7796 7971 819 1792 1995
90 9593 9364 4269 9085 7472 1540 3172 4261 323 1256 2593 7083 6717 6083 6012 8693 3209 4420 9209 2963 7561 8890 5057 1711 4042 421 5164 855 9975 2527 3461 7418 2813 8457 6682 5189 6429 1934 4790 5271 8186 133 9157 739 3723 3806 7257 1796 2186 9302 1915 9080 6329 5455 7396 1771 7169 5669 1983 9160 4408 367 7697 7838 4631 9769 5210 6209 2829 1132 4945 9672 2465 9505 3427 96 167 949 2294 2258 2039 2206 3834 3166 8736 2613 1377 7484 6516 7005
99 6327 3081 7804 1675 4282 2119 8567 1519 1330 8168 7885 9042 4036 2552 7514 9298 7682 6752 6966 9217 7602 680 5038 3113 1570 781 4310 6849 7114 1360 8589 2124 8558 5708 8767 4640 7462 861 9690 16 8051 2818 4413 4683 7635 8204 6401 9107 299 6039 3328 1974 2537 1462 2513 6968 6944 3467 6213 6269 198 7773 1977 1133 4095 1288 2777 6946 1698 217 2015 8557 1443 1921 9897 5537 5112 3687 6969 2724 3405 368 9437 3746 857 629 3456 3314 6940 7107 7182 733 2939 3538 3676 4093 4812 7625 7819
97 4621 9584 9275 2988 9347 5480 8771 7770 6991 7313 7101 9020 6791 3794 7516 4757 1101 7690 9015 3484 6959 8122 5242 5892 4165 7123 6202 2351 5960 9907 1896 8105 4754 3319 8376 4955 1215 8679 6914 8318 5249 4067 2227 1787 1470 785 5499 4466 6540 4255 791 9052 725 364 4495 6112 571 3195 4772 2940 4395 2607 2226 6354 3334 3189 4194 4022 6875 7332 6194 1115 8843 9823 3187 3205 356 8942 7010 7848 6391 1544 6350 5024 9779 782 8809 9760 5877 8692 7082 5879 5005 863 1191 7508 3763
95 9984 8770 7764 6010 5560 834 8336 6425 2267 3685 4259 9023 1113 6255 762 3411 5583 8227 646 6446 8918 8698 7373 832 1644 150 6344 7849 5678 1632 6983 3983 7150 5623 4626 8069 3601 5628 8652 9532 5371 660 7447 2340 6847 7735 8799 6531 5032 3137 3906 2986 1483 241 2605 6857 5771 5547 115 6415 630 7467 4231 5025 5954 516 592 2785 2942 2575 1680 5119 1670 874 5923 7158 1780 3083 1011 8755 6422 6374 3023 9033 3600 4975 3701 7395 7644 5766 5971 3886 8071 4054 1678
86 8210 8745 4951 7067 330 950 6193 9576 5712 8924 2434 6923 2266 9258 9931 4017 9952 2194 2364 817 1065 4515 453 868 7954 3244 2140 226 5327 9292 5613 8141 1838 5483 1821 4078 7127 2300 1931 624 6321 9695 2018 9099 5396 772 7027 6368 282 440 1407 4433 4335 916 2669 8842 5807 3510 519 1576 7061 8738 5219 3514 8959 2496 556 2017 7036 6330 2160 9189 2916 5606 7046 6773 9800 3407 9619 8548 1542 8473 6029 3894 8543 5090
91 3226 9435 95 7787 7400 8180 8683 8436 6237 4685 116 1783 3260 5345 3731 2624 9422 1589 981 9117 7160 1572 7077 860 4765 6423 969 9865 1938 8415 4499 8669 2720 4550 5862 7981 9118 7612 3907 2584 5787 6622 7698 4213 1602 8062 8744 924 7155 7455 8165 4186 7581 1701 9433 5774 836 613 507 840 8732 9780 7167 7758 9537 5199 2048 8923 1376 3119 6629 8646 3727 3098 640 1924 1386 4716 3253 7557 3306 7679 1860 9838 1184 2893 3426 4144 66 5060 7949
98 4853 7781 9480 5646 1880 3747 4331 59 3276 4809 5180 304 8618 5739 4539 9041 4917 8471 8793 8730 5612 5634 593 8214 4743 4527 2139 1569 4008 3811 4564 6842 5083 2675 5192 3414 7095 1736 9050 8666 1014 5631 181 4629 575 1258 8674 4828 6166 674 2342 6413 3680 8616 5432 2727 6358 4848 4375 9910 8602 5876 6118 7643 6495 1669 4435 8365 7805 6886 2229 2874 1765 7115 5725 1981 9725 8065 224 3568 6020 6079 3462 1813 5206 1349 3840 190 3465 6427 4929 4273 9451 2746 9792 4909 4459 599
94 4630 7347 7746 7686 4328 1684 3327 7604 7238 778 2256 2786 5311 3813 464 4051 1548 3999 992 103 148 7121 3654 4572 2218 1057 9539 3223 3653 7813 1359 7600 204 7609 1157 2339 4251 8957 769 5291 6782 6387 5793 2097 8020 4985 7227 4588 1565 1257 4760 1610 8167 4350 5126 4748 4516 6898 4429 6795 1476 432 849 2069 8188 7670 6797 1953 4345 4690 169 502 2492 112 1154 378 3893 4119 3858 6572 4789 6942 7292 1798 3758 3099 7658 8277 1388 5932 7832 1331 1720 1856
93 7520 5869 4639 6644 8524 2798 9879 9003 3869 4729 3552 7256 1935 3080 2906 5335 3623 379 6676 7912 3888 6547 7079 9925 2287 8316 5563 2195 303 7199 1533 1560 6505 2676 2931 859 886 9179 2180 9613 8224 7044 9617 4112 6669 3236 2530 6310 5137 4097 7100 4523 4000 7673 7250 4166 9633 9986 2353 5437 8975 8834 5724 7145 5443 8326 852 7217 8002 8064 7980 2472 8239 4481 2366 5854 9140 3672 2285 4968 2668 3084 48 8694 9801 4151 6055 951 8993 7855 7128 4530 8638
91 8891 7187 8385 5398 9844 9453 2791 9283 7974 211 3972 7873 743 8703 9477 9492 3357 7311 2670 8344 4979 9222 5792 9600 1819 1834 3725 3998 6006 9335 1090 3576 1498 124 9337 4720 521 8611 7931 3622 8603 9708 4834 9939 2041 7738 3503 8819 4035 6158 3820 3382 1242 5019 7688 1205 2354 3478 4747 8833 3153 1083 2568 6858 3491 3062 6671 896 344 406 2834 3759 4219 8533 8989 8856 5656 5818 1605 1173 6826 1176 2250 3722 2757 572 7801 1927 6528 1879 5150
97 2402 3348 5707 2979 4346 3015 3157 4961 4111 3513 9392 3497 2967 7691 4104 7457 3066 5041 6469 2311 6279 1507 5702 357 8512 9174 7925 9941 4010 1109 9289 5527 4079 6214 8953 4689 8650 8562 4770 5400 4905 9393 2413 2598 3954 1643 510 5940 1423 4176 8522 1638 5572 4020 7724 2992 6267 9516 6575 1175 8086 6477 1373 1332 4894 5816 9991 4931 1160 8511 2877 2820 4136 5267 3043 4910 7176 2782 9612 6215 5293 4492 3946 8977 710 9398 8940 6696 1089 3267 434 7842 4033 5907 2826 1577 9169
91 814 3481 638 2743 2578 4831 7323 286 7294 1650 2148 6829 3404 6456 789 2386 7952 7377 2302 8526 7181 9148 3305 9712 7 2883 4369 9534 2843 4734 8183 9698 1919 5969 5355 4237 7004 7851 1361 7777 1990 2637 9056 1424 7235 3843 8008 4525 903 1366 3943 4277 5696 9290 8426 1511 2486 4984 1290 5351 8405 6922 9132 9634 9142 2343 679 479 12 7420 901 9906 4484 1735 1574 2299 8765 1161 6098 1601 5084 3773 1528 9485 2612 3347 9368 5222 9181 560 7122
91 8372 1345 1434 2235 9752 1479 7135 582 7431 1884 8717 7177 6402 8018 3401 1036 5722 1748 5248 7942 2331 1811 4811 4803 7978 9090 4506 7411 5330 4250 2553 5217 2618 2225 9577 5759 7560 9790 5723 5074 9781 5100 4405 2517 9361 4463 6226 8406 5925 6642 251 5223 4930 2101 7592 1328 8063 8519 3771 1259 408 5388 2715 524 8529 4710 9240 58 7043 2592 2090 7533 8972 6035 7532 2733 7300 7414 1203 3174 1874 9265 4129 2458 7358 3952 3350 5689 2736 2851 4425
99 687 1729 6838 2595 8247 7647 3649 4913 1254 4438 2609 2494 7577 6382 4655 3280 5047 7042 4490 3076 5585 6888 7552 4624 3767 9551 2462 4774 8407 8083 7254 8354 2014 8130 4634 2684 704 1532 5220 3594 3719 2810 4732 8331 6320 2688 8095 5145 3837 7416 9872 4904 1740 3501 495 5254 1079 2842 4142 7048 4753 471 4289 5524 3123 6879 5465 3032 14 2716 3679 5659 4642 9734 6424 6990 7338 8075 9583 4153 5651 718 5381 1786 1869 1628 845 1493 8397 8639 6207 1960 3929 2639 1920 9951 2744 996 8085
99 2950 7110 6190 818 3675 8917 4081 6591 8332 8699 1756 6405 7197 3022 9652 3519 4417 5720 8919 7000 600 7995 5498 4330 9774 2875 5161 6733 2034 5917 8594 6171 6339 8292 3000 9901 9549 4547 8218 7261 4430 2830 5897 9687 7775 5158 4875 9761 3544 2214 5190 7105 6727 8860 6152 3251 1236 9753 2053 7413 5749 8516 5590 2807 804 3980 3479 3970 3192 9449 3524 2046 7297 4279 9490 7148 3289 6024 4780 47 6573 1619 2555 4509 8734 4925 808 7714 5212 9541 689 1651 7988 3227 3666 876 8478 8300 6007
94 875 7665 7711 145 7139 1087 3807 9441 3916 3362 5756 683 7678 5834 3884 9763 1292 1728 1719 4503 7140 3105 2030 709 1245 8043 8569 5328 2837 538 8822 1098 7287 3447 4044 7320 5719 6183 4193 8781 1596 4880 8258 2040 6618 5390 5967 1213 8967 7498 6376 8111 3941 7543 6963 2230 1699 2819 4248 6348 350 5107 9802 243 3471 4597 2355 2023 6468 8740 8514 6162 1136 4570 4967 173 7728 702 7513 5801 6867 2882 265 3468 5858 9044 3325 5868 9550 9511 8475 8726 7393 3485
96 3832 1663 5354 8598 4196 4577 3437 2407 7333 5448 6287 395 5420 3778 9131 8892 3606 3551 8091 3439 1480 6848 5760 1066 3558 4552 28 1933 5372 2977 1260 8962 8991 5337 5888 5369 1616 1790 1762 1134 9119 6139 1208 3071 2263 2547 870 8570 8330 3718 3 1665 6527 4545 2480 3547 8532 5133 6634 3307 3204 2673 6915 3987 5373 6597 2870 225 3605 3803 3540 7388 9018 9845 2825 8470 5510 6937 7672 1421 5419 1997 3859 3287 3590 8334 9450 5148 6754 5715 9089 6159 9937 6745 5304 8181
95 4120 9418 9603 5586 9423 3160 1248 9956 2445 5115 5777 7138 8801 402 9597 6081 1972 8484 7037 2163 4410 3316 7234 8636 9138 2534 8488 3953 661 1239 7694 338 2085 6299 6463 5333 1932 1343 2690 4122 3612 1969 8373 2447 3095 8947 2721 6217 1907 8039 9877 5166 3294 9245 4761 3522 8804 5566 5096 5363 1571 9197 176 8982 8068 6556 34 1229 9886 6595 1754 1984 1431 612 4793 3838 9860 611 7927 906 2753 1116 383 6568 3435 8413 3741 2879 109 6377 6364 4389 1209 8863 662
91 438 3665 5105 3293 2999 7611 5186 8527 161 1369 8656 2633 6664 8825 6704 6827 4103 151 9744 9829 7555 9040 8585 3890 8060 8592 4133 4692 4840 2536 1029 5945 2996 3734 7776 5259 3681 651 6210 3116 6878 4997 2832 2127 7178 9241 7173 7649 5418 7910 7407 1593 7511 6450 2456 2840 6404 4085 897 5353 458 6628 7253 531 3966 5109 8155 9546 3652 9133 7911 8798 6576 1749 2737 6245 8362 3252 6656 1679 7892 6235 622 4037 83 9166 5935 2549 5939 7035 3925
96 2320 1647 4598 1308 9786 1342 2771 8880 8304 1848 6674 2884 4977 7341 4441 8235 8431 5750 936 736 8920 1224 7485 6129 7852 6322 1295 8225 9129 5857 9202 5921 7597 4838 2924 562 1181 9737 6037 9306 4788 4798 4665 8255 5015 8591 1465 6219 6254 9362 4302 3142 9610 4884 5402 8288 6057 6813 8343 301 9920 6268 9644 1843 7956 8530 5302 697 6306 5531 7302 4915 7646 6883 6464 4105 8712 3971 8340 1487 2086 9188 2847 1837 3962 2406 864 6514 3992 2991 9702 3096 5370 3752 564 988
87 8432 6799 4209 2885 6393 8466 5247 9521 5627 1641 4998 9869 8243 7482 7389 4276 3955 4234 9848 2509 9919 8749 3177 6891 6225 6323 5306 264 8874 5065 7208 3464 4783 9599 2253 3030 8946 7608 5730 8154 3708 9656 4326 6085 6584 4924 493 8298 9816 2262 4742 123 6001 5329 1231 9771 6955 1320 8884 3127 6371 4622 635 4882 9921 9995 568 6347 2541 9566 895 7156 7650 1636 3326 4962 6974 4265 4428 352 5899 987 1768 4688 7823 6564 8857
94 8150 4049 8440 4278 2191 7731 1472 7642 4906 2274 7965 8700 8827 6155 9317 9750 3720 6470 1868 5309 1354 3615 3712 6643 2334 6587 2969 7284 2913 6652 1232 4059 9808 6810 3706 1187 2304 3707 3233 9156 2903 766 3958 8786 3445 1824 1753 5796 2451 9791 9106 5500 9512 2060 6408 7953 2405 976 9514 9366 7443 9431 8240 4731 1025 3815 6518 2368 3335 5001 5784 5853 1956 7386 8459 5839 8643 1829 3729 8599 7477 4094 9257 2213 3165 7058 7369 294 5002 5943 7940 8138 1581 3542
87 934 1586 4859 6804 6250 1559 7218 9575 4699 5125 2740 2973 8560 2493 2477 9363 4678 3518 2544 5991 6535 8187 3200 6722 1200 6051 7451 5451 7874 3782 1189 3757 5539 7084 7453 6604 5017 320 6163 5104 3308 31 2159 8026 7305 6282 539 4785 8870 8984 7104 871 7847 2110 5680 2344 1591 959 3254 5218 2291 5264 4650 1217 9729 7822 3250 3699 5237 706 2070 6563 6336 9075 5778 5783 6277 2441 130 7957 1481 7923 7820 9226 4233 4528 5039
100 6147 5577 3933 672 3770 4701 5916 518 1045 551 6790 8659 9649 2083 7500 3035 8161 4046 5236 5492 4832 4867 51 9635 3358 2741 1207 2177 1578 3931 4190 4836 6984 5475 6972 3702 2654 1370 4066 8805 1941 4986 9172 5476 3024 912 5113 7085 9273 3422 3397 5301 8847 9616 7446 4715 7489 3867 1494 4903 8549 9896 8013 2314 9638 5835 1211 3409 2141 3463 2242 3587 4726 5942 3208 2136 3077 3274 3088 4115 5427 2677 3148 1911 8751 1230 5452 8358 5505 3525 1854 5391 9992 497 4080 4953 4532 1524 4927 2993
101 4316 546 7099 4866 4714 6800 7215 1778 5316 3579 3825 6762 7705 3120 1918 8780 3716 4632 9280 1743 5114 29 1444 9819 8883 9311 1385 3822 5762 1488 513 999 9215 4038 2251 8287 2199 2271 8713 5450 5281 4483 316 5167 9333 6608 8564 9488 8944 7371 4217 7179 9153 8756 5277 1505 6731 4047 5578 6833 5546 7226 1142 9710 650 2365 9857 5468 2880 9438 5752 2802 475 1226 2004 2569 3361 2417 328 891 329 8464 8876 3322 764 3196 6936 8684 1604 1146 4741 5664 5080 4837 3857 9415 1936 9464 9675 9515 6069
93 312 1404 1881 322 1448 1902 4578 5401 5786 4641 8044 2580 7499 5610 9604 1603 9998 5399 8606 5609 2951 9703 3090 1177 2579 6763 9679 727 2966 8725 2471 6284 7934 410 8201 9950 3036 9167 6683 3860 9122 6901 9615 2983 2390 8545 6078 7983 4756 5592 6004 1049 3732 5842 1416 7674 5155 3093 4320 1414 761 4005 4314 1286 7076 4323 9388 2007 1084 4370 9953 1311 6484 3582 4769 9467 5117 9163 1801 1814 4306 3689 2134 3265 4522 724 9784 6343 3874 3354 703 3766 4738
98 7290 5735 5472 8622 9288 9867 6249 9010 2098 2664 9854 5478 8263 1126 2632 3530 414 8395 1067 3199 5652 4312 7276 5864 7008 6257 2421 3436 7494 2635 6266 4608 5461 3636 9489 8353 4511 8494 1526 9709 503 9988 92 7918 9071 2188 1227 7224 2948 3097 5918 386 6544 967 4140 3717 6630 1767 7565 2027 2717 5738 6892 3499 3331 848 8695 3629 376 2943 1372 8531 1646 5636 7275 9520 9436 9976 8276 7337 1723 6665 1862 7073 4175 3283 5018 6403 9252 8572 722 129 7441 7960 872 6981 8272 2800
95 4607 9839 1451 397 4468 6702 6609 6688 5534 1269 9833 6154 1508 4957 22 9803 7518 4090 4702 7168 8198 9055 30 9862 8509 729 2539 3826 2934 6028 9717 1495 5559 4594 2307 8711 9558 3246 3950 4534 9882 159 3275 1453 4567 7716 5998 6241 4568 3569 9180 8411 1406 9224 6124 6678 8074 2907 1562 6063 1563 2469 4648 131 6769 3381 867 8815 5684 1947 3976 6650 7190 922 1543 2068 7919 865 5462 7334 1380 2625 8445 5257 9660 2096 6426 2156 9608 7051 3871 5661 2784 6 97
93 8588 422 677 9605 4226 8283 7850 1949 5532 4908 143 6271 4540 3057 5366 4751 4543 3887 8463 8862 8391 9077 0 695 6749 8605 8807 2683 711 6381 8881 8211 8179 7438 1004 1890 8613 6224 8506 1396 6458 6998 939 8705 6223 6993 9066 3373 9522 292 8536 9446 9718 3792 4414 894 6675 7818 33 9177 5473 7032 4245 6000 6870 7756 5733 8378 7237 5422 2929 413 7936 1568 522 905 6487 6970 5140 1325 8682 9377 9966 1276 1980 2680 1971 5213 4733 4517 6699 2872 1959
92 8265 9062 8615 8238 9713 7144 8949 7191 4057 4169 3399 8410 1438 4538 2268 6830 4638 8831 2444 6578 2183 9544 8297 7618 79 6845 5933 8620 9630 8271 1449 5061 5622 5193 3726 3136 4239 4184 620 7367 6438 5397 7174 811 3378 1075 6840 4719 2937 8576 9082 4183 3031 1708 4587 2201 5387 2958 9818 3191 8508 7534 5487 1400 4725 2437 6220 1999 7207 1587 6570 4806 893 2277 1662 8517 9742 4050 6048 1966 9782 6058 7507 2634 5495 9367 4096 4241 4258 5171 8369 888
86 4123 1521 2400 4502 5440 1312 3356 4139 476 940 7574 1318 4707 6997 2865 6861 6774 8446 8438 6274 7289 7668 9064 247 7422 8584 2202 1900 7364 5718 1537 2404 9256 9125 1474 3852 7837 2780 392 7537 231 7349 474 4546 2336 8143 4778 2864 803 8203 5485 4384 191 765 3996 5881 3628 1695 4364 4171 24 4003 62 6522 3835 637 6581 7881 7947 5607 1500 7872 9878 909 8715 8153 1190 2428 9700 7835 8582 9758 3049 2796 8614 5751
90 108 9459 7361 9653 8985 4704 6502 2205 1411 529 2936 194 2822 9863 8313 6440 3162 1020 9470 8931 6956 273 119 9475 862 3480 1379 8098 6511 6355 6686 2876 1012 4060 4646 1913 3977 9962 3365 6566 1024 9542 4041 3818 948 195 6126 1042 7930 9772 5290 609 1859 2077 720 4011 3982 3917 7031 7743 758 3438 5690 7692 7488 4180 8900 3891 5859 6165 5245 9201 2482 8035 9233 7654 9238 6038 7265 8404 4055 9135 8583 5837 6168 5721 8976 8858 2846 9158
96 7603 1914 3458 5463 3862 9538 404 1538 6889 8641 4400 2506 542 1835 2114 7591 3408 5340 6700 899 8257 8435 5089 6435 7875 5681 7766 1826 2029 2723 8412 8541 2616 6130 1174 2145 619 1742 391 4334 5076 8586 565 3429 9147 4207 3742 2391 2315 6239 634 403 5691 17 6708 4691 2861 5813 6600 9178 3346 75 8607 5981 3630 9711 581 9324 915 5359 4324 7291 6044 6178 9715 5101 1840 1265 7271 4027 3041 5445 2419 8282 6530 1344 9940 139 5517 1382 1094 9060 7941 1169 6809 7124
92 3164 4351 545 3266 4565 67 7403 1490 644 2284 5865 9329 3421 4403 7370 2661 957 5132 5874 5528 5920 9486 1640 8017 5847 7636 4647 7900 5036 7399 3131 986 1889 1013 7357 5364 6536 2651 9114 2523 4004 6647 5588 427 6281 1055 721 9942 6205 8706 4849 9049 6503 8162 2050 9032 5454 3186 1757 2911 8928 6244 9390 8955 7798 7298 6068 8260 4627 9301 8427 7634 6579 5169 8554 2171 9287 9469 8501 2296 7205 6602 8671 5625 7589 4148 535 558 3899 2914 752 6420
