87 5155 1799 5849 9808 9175 3091 1064 9280 3977 3355 1679 9129 2061 1180 8523 4402 5545 8924 8202 7870 3783 1141 9713 275 6083 6745 1682 706 2458 2043 9718 2970 8851 4141 5617 6771 6619 1072 7030 3202 2411 1288 6960 9787 7026 9025 91 7749 6711 5694 5785 3434 6776 2437 5910 4408 9487 2977 9043 9655 3864 1716 3879 613 6752 440 2406 8384 8805 990 1495 6236 6757 2125 4105 8828 6588 781 4641 6799 3052 5021 5441 5409 3874 9988 7703
89 7193 1186 1080 799 3650 3578 7598 6040 2592 5149 8129 8722 6131 4173 9729 1518 2165 7499 7405 9602 2463 5810 5082 2529 6287 745 2958 6806 8377 5958 8347 9624 5811 9842 3539 8485 7747 1670 8333 7682 5018 1658 3242 3148 6268 1493 9422 8588 6058 2255 5292 5093 4126 138 7796 2862 9095 6764 1585 5837 6974 7521 9586 7085 4937 6003 412 23 1625 1872 9918 3798 7415 5011 7555 6990 188 3068 2378 8313 6276 231 4452 5669 9722 8180 5370 4781 4552
89 6011 6624 147 849 4662 9770 854 9454 9346 6205 4812 3938 456 4348 9556 3900 4424 3345 9113 5425 3818 3309 8410 707 7738 6923 9662 4083 2249 3516 6009 7609 1681 146 8937 738 3821 5611 8849 5898 3041 1149 5517 2197 8784 9694 2750 1287 8432 285 4202 2436 6863 9490 7610 6586 4152 3796 1555 852 7291 355 2351 6043 155 6518 746 5710 5242 8144 2550 7923 253 1244 5129 1904 8539 2044 4557 676 1922 2978 2795 4722 5587 5528 7712 242 6405
96 4971 2500 254 9889 5279 4685 1721 550 6342 76 2837 1856 4636 2204 5931 2325 3315 8512 3194 9555 7443 8491 9468 9634 4744 6626 3102 6029 1087 488 327 1871 4932 9840 6700 8056 6841 2060 2629 6006 1929 4882 4944 1820 7001 9108 291 9871 7697 8484 836 7813 2791 8940 301 2736 1289 2484 5295 1464 6621 4085 6948 8341 4422 439 3712 1608 1181 9066 5371 6041 8427 9781 9210 1989 5573 5817 3910 511 8310 2948 7412 833 7919 9183 7075 3193 6876 6908 9167 1059 9599 4447 4869 7273
96 9451 7111 8975 666 3214 114 9739 3704 6476 968 8373 9805 3813 5182 3797 1062 363 226 4116 5469 5170 343 5912 4290 9464 2042 8898 4580 8382 2037 5826 9055 7342 403 3326 2383 282 9282 8890 4437 3986 4532 8058 9613 4379 1853 6946 1698 9631 3159 740 2029 5767 2055 3223 8827 3444 5372 949 895 9235 1485 6186 8367 9118 9438 8929 6613 4710 2054 527 1894 5564 593 9696 4477 9760 6570 4651 1153 8275 8932 5522 2241 5891 5323 619 1343 328 9268 6427 848 2714 2733 6635 4193
94 506 7147 1275 1732 700 8232 6054 5356 4716 827 633 7408 5415 5494 3415 3695 8600 466 5959 84 2221 2439 5167 3493 5434 1604 2426 3586 9791 3561 2509 5720 8133 6216 7559 4413 9577 685 3620 6587 4859 9628 6495 7585 4920 4906 3724 8874 7118 1047 1399 4934 9283 7719 7840 5954 3277 2525 7428 7853 6008 17 3804 464 190 3067 9817 7488 461 6214 255 2022 5414 8052 8775 6435 958 2805 9800 2916 5616 6305 5113 4898 383 7525 8086 3000 3215 5866 5875 5440 4966 2846
94 6069 774 5672 2385 3445 2231 6750 2518 8192 1329 3535 6486 623 8241 8502 1696 7766 7762 6174 2753 133 6179 7305 2116 3476 8426 7299 388 2191 6687 6831 6361 9876 6301 1785 8968 9426 3540 5656 3658 3985 3311 9032 893 948 4515 7303 56 9928 3998 1305 1730 8156 5926 4659 9888 9358 9527 5195 5486 1912 7423 4747 5087 8447 7650 5225 8734 4234 4061 4958 8084 923 5184 3862 8721 2828 132 6520 9581 4134 9720 1903 9107 4895 3742 8900 9054 1417 8252 8691 2618 3237 785
93 1936 9212 3793 2333 6187 9803 2817 2897 3802 971 5665 8031 6765 8080 3526 156 7148 8604 7009 6816 6918 691 2983 8648 3324 3588 4007 175 4586 1482 5519 7866 4543 7733 9012 5889 4156 4238 6942 4410 7116 5865 3744 4705 3150 3876 2982 8837 7950 3999 1978 8433 6017 7502 1182 6856 1299 9119 9217 9224 5017 1594 5378 7903 2482 207 4119 8143 28 591 9689 7539 7675 2727 1372 4569 8778 2668 2956 2399 5379 8413 5501 100 8035 2039 6836 6747 3887 4597 6012 6992 2217
91 7196 8319 5068 8120 5002 5687 7770 5198 2611 8662 5465 4236 7681 2284 6383 932 3745 3924 4335 7158 3925 3386 4349 7708 4683 8915 1415 6973 9776 8582 6385 2260 9607 5798 6691 4390 266 4050 2457 4947 4787 421 4217 7976 8960 672 8256 9271 2201 7072 6574 6331 7646 1664 2136 9752 3533 4138 1487 36 5846 6525 1467 9124 7810 9769 1559 8289 3692 1258 7418 8882 357 2335 5631 8743 9073 5507 995 6893 3425 6968 4351 140 6641 1638 8497 9505 3733 93 7558
99 6399 4711 1434 5136 4395 7233 6403 2020 9364 4043 5477 2904 7607 9191 8634 4431 1728 3372 6388 120 4122 1962 896 143 3276 6247 3367 734 6939 168 4201 9040 4328 4235 5737 7802 7864 9614 6645 2424 5867 636 9047 6376 6311 3225 9340 8547 9276 3368 4878 8400 3973 7625 8315 6149 6015 1325 651 3850 8925 7774 4449 3205 6419 7907 2145 9864 891 5146 8934 7146 2645 4057 1611 9750 6867 4972 4346 6433 4605 8678 1260 4166 4762 339 9309 9116 4499 7557 1321 1684 8561 1173 7917 4034 3105 4451 4827
98 756 4157 9180 271 7128 5013 795 365 1136 2643 4412 9975 5108 9335 4013 7567 2864 5209 2121 9072 8906 9233 9052 9590 1907 1848 9727 1963 1241 7659 163 3722 463 299 446 8414 4675 6784 1706 51 3988 1977 2720 2844 4797 6690 6444 5294 8227 7651 7989 35 5830 1408 7988 309 2452 6229 7302 9999 8154 4854 3123 9044 27 3853 5577 5853 3594 5123 7404 5186 1663 8492 7229 1237 2664 9654 719 8442 7102 8565 7301 6777 7449 6472 6096 5339 3859 7321 5679 7679 2636 7836 9140 8161 6471 5053
103 8610 3711 181 6555 9915 1885 9065 5781 3593 1327 9096 9382 5641 9253 4177 7826 1979 2115 8892 2479 5592 2331 8810 6404 3013 1695 2972 6462 6513 2407 7394 7356 9098 8980 1617 2940 4066 8826 4997 5218 544 5515 3591 9469 2014 7979 7868 7510 7992 6913 8396 123 5081 7421 2715 8658 8498 457 3492 7469 8596 9626 6501 186 1438 5801 6877 3866 8815 7 2408 8106 8362 3694 1014 5247 4135 7034 1599 912 3132 9325 8264 1813 5161 3040 4846 2272 4547 8476 2597 6780 3274 9897 6085 2922 818 8825 4665 9902 5663 2409 843
90 6929 9745 4359 3916 5435 1770 4888 5022 1490 9625 1508 6183 8976 1006 6076 9512 9388 7132 7413 6506 4983 6362 2079 2158 2924 3909 4841 1588 1152 9480 9083 6978 7857 8451 4756 3613 9683 627 1623 8978 5951 1711 3906 1587 791 4205 816 7253 8611 4637 1375 7419 2951 385 7825 7745 678 8845 2348 2030 2819 3581 7332 1161 2326 8993 4876 4053 7688 1545 9528 3463 1951 2088 3402 1920 9594 3042 665 2617 6052 1601 1379 8119 7025 2632 9474 9719 7666 7986
93 7121 459 6985 2552 7742 9942 433 5615 9979 8053 8632 2889 2069 6548 8183 2605 9983 7338 8013 3827 9088 1452 8987 4189 5715 5716 6854 4206 4182 305 21 5019 8423 1512 4020 1824 5597 6 3313 323 1530 5074 7022 6996 1357 2722 565 8958 78 7098 5514 7959 3168 2320 7535 4325 5293 3403 4417 6567 9546 6128 9494 8913 2113 8132 5786 3661 3396 101 1504 1309 9790 3846 8875 5133 3911 7511 2332 8619 4852 6697 3869 7954 4371 8137 5134 2989 6415 5996 4098 3568 7285
97 1426 1392 4429 9504 9823 9204 3515 9341 6286 8248 2441 6132 4339 9376 9501 4938 4978 3111 9987 3505 7439 6660 3304 7174 3735 2475 3203 2243 6975 6328 4014 9237 1804 6373 6027 569 5153 2473 1068 8537 701 9387 5873 6099 1283 6590 5652 8301 7630 1680 263 1494 5726 8592 8768 7874 601 8345 8337 5312 3809 568 1358 8918 9298 6078 3172 8868 8299 212 5825 8381 916 4764 5045 4822 9717 280 87 1715 5124 737 2363 8415 121 1262 5671 1505 2046 1519 7234 2369 4672 8683 4018 8118 8986
97 4965 7177 5818 7969 8268 4796 3439 4739 3950 8904 6496 1225 1106 3582 1837 603 106 4896 6945 6364 9531 3344 8842 7550 4717 1614 1999 936 6112 6494 1509 9383 7480 9940 7661 8921 7548 1685 9758 3391 2901 6005 7350 317 8222 3616 7005 9266 5289 3264 7020 630 5028 4731 9616 1925 1972 4075 8852 5655 3169 2619 5685 5042 2251 639 3775 5506 3826 1669 6873 4194 9299 6957 2198 2265 1720 2091 1024 7902 1830 9247 1659 535 1970 8804 1199 4027 2156 7018 687 7584 2546 9707 9807 3981 4789
95 4315 539 3412 1892 216 1341 8336 8952 7944 3899 7130 4985 8155 5598 7629 9093 5433 8540 6676 4079 3087 9482 8653 4650 4800 3792 5948 3740 3496 6938 9269 1219 2355 9251 406 2962 4442 5390 5185 7720 4469 3131 814 1337 5986 7391 1733 9540 8772 4595 2092 239 1613 4768 6524 7063 2699 1760 6000 2826 2449 2045 6743 6620 2224 9323 362 5173 7518 2086 6811 8690 8379 1636 3731 5725 2569 4998 6323 3328 5216 2997 1852 6355 5063 1974 5677 8703 1924 6246 6696 730 902 401 4336
97 1995 6608 7714 715 2667 1764 994 7621 8953 7049 8633 6238 1520 3428 4322 8614 7203 1953 7641 960 1602 1988 6474 281 9401 8136 1521 5488 9872 6556 4644 3208 2678 8178 8679 6359 1861 2004 7966 1079 9372 3652 5961 5284 3179 6914 6713 4288 4453 125 5208 1854 778 1986 7801 6211 5217 2832 4168 9168 4766 7440 1884 4680 1021 2675 9567 6468 4591 5570 3093 5813 3303 1122 5240 3646 6550 6862 5360 7991 3967 4798 8165 2841 2446 1812 875 1235 4610 5215 5460 3654 7367 1592 4531 3022 1633
96 9263 3449 6363 6889 9526 9437 4508 7984 7921 26 9182 6654 1860 1540 4528 8462 5048 6322 2548 8696 8099 7458 3764 4542 4881 1780 4815 9644 8832 3199 5287 1191 3285 7975 2614 1573 1172 6639 7687 8544 1331 5253 5602 8209 3474 33 5119 2303 8677 1472 8877 5560 2775 7938 6037 3558 9357 1058 581 8048 5607 3236 2070 249 2975 4703 6928 7220 638 9809 1460 6007 9573 9461 5326 697 6202 3305 2910 497 352 6961 7477 4602 8070 1501 3736 9089 3983 9762 8361 8883 4226 2280 4514 4055
92 2988 1791 3071 4530 8716 7437 8253 1630 3441 2152 7674 2865 6837 5005 1541 4600 4706 1095 2262 5799 2064 820 2308 7748 9366 7998 1040 9315 8788 2784 6220 5452 6077 6562 7771 31 9207 5971 5375 6965 4493 3858 102 6910 7381 8725 1968 6123 9714 1575 2269 1496 3784 3156 3356 9651 9698 5732 9893 5654 4728 3825 1869 8914 1745 907 1298 2319 5492 4436 414 5243 2119 6668 8420 8939 2154 390 6719 8493 9256 3053 6344 7627 8946 7972 4867 1687 6440 8096 7949 8593
90 587 8279 1491 9111 3158 4862 7583 6245 6792 1138 9049 7835 7566 867 5627 3755 4694 7306 3161 3292 2797 7503 258 7799 3107 3375 718 3633 7397 2474 2679 8340 4416 3080 4382 2196 4015 9351 2461 7280 8636 6473 797 5455 4387 3008 5784 1119 1167 6482 1011 2194 419 703 8194 3584 9715 2130 7768 6074 1198 2368 9389 4987 3835 8822 2140 5525 4950 4129 3585 2095 4742 428 8831 1023 2012 8979 8127 1612 1477 5819 9462 9002 1086 7935 178 9342 5073 4929
96 5001 2955 789 5310 4758 5047 5020 6935 6953 913 2279 9572 7838 9661 9337 1268 3136 3930 3583 4883 3882 7683 6049 9933 6729 3814 9991 2434 6429 4487 8478 1350 4808 7010 3216 386 7899 1029 9390 2401 3376 3002 1053 3240 5922 8001 7149 3855 6437 7349 9360 5764 2855 770 7987 1976 7103 5747 5400 2153 284 2754 1743 8027 7834 1015 3090 4485 3468 4560 1209 8640 7531 1017 184 9881 5845 6340 1342 3969 3525 9491 7236 5255 4144 8385 5497 1724 1381 2227 2588 2885 5159 4785 2366 9579
103 9963 9596 928 9495 8850 4176 6651 3255 3047 2683 8504 2599 8833 1868 1880 4329 4490 341 3656 7927 6625 3467 5857 1033 2466 8203 6182 8910 3537 2464 2973 1238 4000 1400 4646 3106 8298 4432 9075 3707 2337 2813 1306 4117 9373 2967 8160 6511 1672 225 8436 1704 941 6532 6136 8486 1252 8482 1125 6100 4565 6812 2347 5543 6293 3984 9109 5591 8025 9912 5722 8134 8325 7873 179 7355 177 7319 6255 2892 7144 8808 2460 8455 9385 7276 7434 3994 2913 8999 4261 9959 4660 3624 5721 7922 4872 5141 4277 7582 7061 7410 5353
98 6197 3714 5924 709 9022 8792 514 7757 1678 1879 1701 5815 4748 9630 8686 8705 6535 5994 5547 9238 764 9192 5600 1267 5449 9195 645 8754 5429 7553 4957 747 5850 199 7982 4538 5495 3038 4183 9241 88 4690 3937 2157 1397 107 597 4783 2234 2674 7160 487 3717 8620 5746 3741 2011 5298 1753 2694 8189 2680 3373 911 18 3647 2166 3092 9882 9177 5734 9165 673 7957 8581 256 9042 885 5116 8177 6749 3808 1323 3952 9515 6762 2719 736 5676 9142 9723 2237 6859 2286 7699 7671 5405 1984
96 629 4763 6148 4567 9636 880 8766 158 1437 3791 8954 3851 495 7304 2637 8893 9815 5969 4718 518 4507 8158 4486 44 3572 1515 1463 688 3836 8103 7964 947 4737 8245 6934 5490 2128 4459 3270 1887 8135 6195 5704 1340 6741 1580 7981 4914 4246 6290 3073 9861 7561 472 1 8901 5468 5008 2327 183 555 4415 8193 7936 7534 4123 3538 2969 1843 7726 2710 3422 1692 8928 3660 4 5308 8443 2953 3363 8878 8879 809 965 1255 5084 8332 8685 3501 4533 1360 8971 5691 754 2932 4306
91 46 7716 798 3989 5007 5106 3799 4229 7353 9984 6241 7519 1558 8840 19 3174 1739 6493 9960 5245 4375 2512 2944 7608 6568 6759 1133 1113 1640 4059 7108 9578 8948 4601 4458 7459 2851 5315 3272 6718 1131 7431 5338 8294 1320 991 6045 6989 3365 4089 3164 7154 7817 4363 7228 7037 9672 8738 644 1840 610 5941 3617 6778 9710 5188 6539 1393 9435 5030 9563 63 8372 8131 8735 2488 9885 415 8891 1042 335 2566 8501 483 2952 839 5211 7393 3834 3341 1584
96 5199 3651 6858 2298 5835 9687 2528 9956 2301 8563 6031 8123 9875 3078 2761 9038 5977 8459 5968 5760 1265 6061 6737 9675 9867 6401 7791 988 2704 5076 9519 9114 338 4035 2485 1832 5794 6315 9218 6479 8675 915 1783 9652 7961 3566 2435 695 7710 7374 491 3191 1686 1083 8728 7728 529 711 7930 6803 55 6181 4195 8785 9278 2949 1710 2223 4893 4106 6244 8387 8316 6102 9321 413 7657 9371 7843 553 5930 7740 9678 3455 6270 7886 204 8786 808 4259 6917 3288 8079 877 5286 8839
99 8342 5302 2063 1990 5836 5239 1917 5581 6991 6794 2756 4546 3088 3291 7183 4031 7124 294 2453 2026 7536 1782 1998 5932 3955 458 2917 6503 1302 1294 763 3302 2513 3075 6185 838 6365 9428 9320 4657 2056 8017 9877 7751 8526 8991 562 4069 7715 2415 3560 9170 9601 2245 5351 7993 4040 9839 4674 1689 434 4733 3489 2318 7079 4555 6349 7702 9225 5311 1444 2107 45 7122 2433 9857 8488 2511 2693 154 931 5628 9618 6906 4614 4734 3776 9548 5039 6878 6034 618 8760 6384 5563 2230 7602 1744 2920
92 3531 7279 5421 4553 4003 2025 7549 5963 4992 2459 7334 8988 8130 5546 9406 3059 3769 7639 1631 4505 8233 8224 6682 4775 4084 9312 3043 6667 8941 2127 516 956 1475 2957 4890 2412 5890 4378 9508 4049 598 9160 864 6379 9947 6332 4033 1513 3904 9925 5648 5748 9848 6251 7442 8151 5110 267 3644 1010 8730 1497 6766 9467 6885 8585 1526 2015 7631 1570 773 4444 1480 2349 278 8338 7179 8997 3072 1543 2462 1875 490 2254 480 5043 7591 8479 7642 2622 9686 6963
92 1433 7970 9471 6731 4393 4070 9771 5254 4918 4866 6424 7912 4746 9645 7139 6137 2516 5380 6024 9436 1213 4941 1445 61 5088 4433 9214 9365 359 2764 6758 2189 7438 7483 6347 7623 7187 2995 683 7396 2647 4131 6994 1870 7232 822 9257 8541 1814 9680 2536 8966 6144 2396 6407 9747 9582 9761 5233 3443 1169 3883 1112 2717 2134 7808 6573 2612 3316 6774 5112 3922 9879 7804 6142 9568 8007 9148 3500 2035 9949 3187 9067 4603 3139 2361 9658 4892 7362 7822 8019 9535
100 2167 5301 792 8494 197 4197 6222 3246 7852 9944 2089 4894 7159 9978 2010 8863 2966 4308 5406 6325 4162 3271 3595 14 2830 9455 5635 6738 3388 7131 7593 5127 4730 1171 1548 4544 1850 3648 3390 4939 4626 8109 2087 160 7105 5907 9788 4692 331 3728 310 1930 6933 6032 3877 7755 4714 5831 1197 9868 8090 8186 5880 8797 6724 64 9125 4946 4820 1096 8887 3061 1049 8995 9295 6845 6925 4438 4633 3963 3109 1591 8016 12 8715 4038 1514 5131 3779 4448 7523 2226 9507 2856 1158 2370 3627 9953 6849 8998
103 9213 3978 8552 4621 2894 6432 1891 9408 7847 7388 7058 8101 5321 6204 1992 94 858 3806 1384 6884 8071 222 8905 5140 2120 1277 7775 3665 5340 5269 4216 1537 7240 5174 9194 7916 1740 9026 5427 8628 77 3140 6770 7898 8591 3146 7311 74 6709 2508 173 5025 5266 1150 6177 4172 8004 1333 3220 8555 6808 3907 5446 2076 589 6602 4688 4272 196 6239 1847 5389 9732 7242 7978 4153 4253 5252 8508 7192 3761 5029 9076 6073 7125 7851 886 1154 6065 9135 3163 7450 6694 9078 664 6442 8250 1202 5166 7599 450 4686 1142
87 4215 321 9362 8646 7497 2711 7569 5060 6685 4344 7620 914 9029 7213 5894 2273 6358 3006 4454 9201 297 2670 3626 1646 3452 5357 9780 6353 6596 237 7262 4103 1577 8779 6560 3482 6066 8046 4793 8292 5135 2244 287 1318 5913 8823 349 6865 9617 2268 8645 5572 5091 4664 1916 4209 7798 3962 9110 7403 7161 5606 2216 4364 5884 6861 8894 1419 2524 4233 170 4930 8285 3563 1175 2108 3069 9709 6557 9497 6692 7709 6125 3289 1151 1784 7654
90 4369 429 333 2233 8608 5058 9045 300 1127 9792 1500 7383 5736 8671 8371 5993 8707 3325 2535 9784 6728 6067 6081 1620 6288 4186 871 9172 4072 1902 7889 583 6159 6370 986 648 4534 7717 5911 951 200 1394 6549 2422 9489 784 6231 1858 7281 118 1673 1736 4264 9524 6790 6314 370 455 2609 2890 7958 5071 6969 626 5262 4743 2751 4311 2595 7546 9393 5404 3144 8908 6475 30 8864 9702 5120 6306 2084 7039 13 3188 4179 855 4668 3529 377 7064
88 5791 3382 432 7624 111 7097 3258 5369 6698 8687 3119 9205 6599 6018 2143 2078 5923 2367 5537 863 7165 1406 3865 9976 2685 1022 7814 3380 8897 8091 4373 315 1266 9063 4509 164 6275 6449 6324 7284 8138 8350 2480 7287 4877 5754 1210 1451 3351 2176 5376 6704 9796 9664 5565 6593 5987 3567 3923 1278 7977 7660 1838 8359 6921 8895 5664 1751 9450 6138 4096 7509 1404 70 9420 9350 5869 1488 3096 9484 5086 7330 8702 8781 5163 5847 1200 7594
92 8472 2541 4571 8063 6797 6927 4266 6880 1233 5109 3628 4850 3545 6252 2602 4561 1553 1391 6269 7484 7086 7029 1676 9544 3063 144 3054 3763 2709 9595 4519 3530 3406 8854 8042 5275 1056 2380 4982 3518 1610 6663 2530 7430 3020 1071 5222 69 4314 5335 7269 9017 6394 465 9725 3914 2504 5232 1226 2786 9158 9396 50 2942 3044 5916 437 6209 485 8723 2 6119 8656 448 2804 961 2796 8846 7293 8188 9459 1600 8460 541 3845 1805 2521 227 6010 8105 5769 8740
94 4389 6439 2126 8862 7012 8069 5248 1234 6899 8534 1866 5917 5535 1619 4269 4017 1550 9545 6171 6345 6832 6869 9242 1203 2850 4927 6147 3495 345 3017 927 8970 9250 9766 3153 6436 5322 9785 5988 1307 42 4133 7136 5057 2779 3019 1026 769 8122 1727 5474 8475 4407 834 3189 5586 8757 6143 4356 7308 7848 8142 9411 1778 3838 7395 6898 5773 5418 1629 7723 4180 5820 5693 3757 6253 3297 1261 8398 7489 2285 4759 9472 7325 4510 5408 2085 1097 4670 4199 8639 7867 5901 6107
98 4548 6425 8881 4999 234 3893 8249 7491 7881 3794 6013 1263 5270 6916 7888 5482 7205 7249 1762 4476 9660 3260 2041 903 2996 4080 3457 3265 1815 1386 4190 4406 8961 1777 6198 1502 6207 594 3889 8454 4570 2911 3016 1666 3286 4281 9916 6584 4082 6111 5803 1242 2909 4366 6095 9743 7845 9070 6458 6866 9041 9691 1020 5511 3637 7705 7221 8318 32 6830 2276 5771 5046 8403 7463 3357 9288 8926 552 2965 1163 3149 2498 7911 4488 8753 3334 6536 39 3450 6551 2934 8226 4513 6300 6944 109 6106
99 1407 9020 2494 1347 1688 2532 9629 7031 7887 7648 2778 4562 8424 2096 1582 1817 9421 3224 9200 4549 4761 8157 4058 982 4370 9444 4777 8376 8791 9483 4305 2586 7162 8876 2375 9185 2207 9610 1831 5584 3632 2626 7956 8535 1741 3299 1401 5457 2540 2071 9955 7370 4512 3472 6618 6196 6001 7090 7850 1066 1367 7994 6630 5639 934 7619 9274 9121 2309 1752 174 9570 5735 5347 2648 1405 8481 9244 551 2169 2507 2852 1959 5724 1690 4025 5397 7042 1313 6055 3875 3221 6847 29 1440 7416 9811 8434 735
93 6168 4745 4283 4541 3608 2275 8417 493 8121 9637 4200 8564 5888 3609 8756 4723 2829 7320 4709 9511 3113 6598 3732 6723 5650 6842 2181 6021 3832 5699 6788 7849 6224 9932 4676 3997 8865 395 5829 655 2057 2444 137 3517 366 7478 6628 681 5844 9007 8917 3359 8066 1993 3659 6382 1798 563 4817 9479 9772 6585 6578 5412 9004 1414 2404 5749 4204 6773 2062 8104 7945 2519 3789 4639 1041 8477 6430 3023 2928 5121 8759 9996 1025 973 7741 7968 9197 5165 6335 4701 7038
89 7398 8517 4099 8065 828 7300 9825 3991 8742 2836 9561 9647 3945 6237 6553 6907 6855 4251 447 7842 9525 6834 3824 7793 2246 6703 3527 4263 1634 8174 250 6447 3965 9196 7083 7044 4673 1819 9659 3927 2073 2840 417 1034 2716 2110 8231 7259 5860 4392 5934 5900 3458 3282 3766 5246 4467 7256 1964 5089 3612 5976 2206 1339 9711 1712 6930 3606 8606 2937 4585 7670 4678 6554 7628 5272 3577 9439 8008 53 9057 7216 917 5989 9048 3817 1100 7952 7570
91 6418 2219 8545 272 1212 9221 752 6673 5015 1757 498 6712 224 8720 2321 1735 2748 4989 3481 4210 4026 9913 1851 3366 1945 4687 979 9730 1390 8047 3227 2282 9230 9151 7540 766 5177 8709 2925 861 8789 3600 5733 262 7778 1290 9434 4834 2572 5479 4568 2314 4536 1708 8616 5638 2047 6226 2656 810 897 8982 2908 9973 7357 3574 8412 5933 4267 3668 6259 8907 9748 5417 588 1811 6572 364 6485 6366 4702 193 908 561 5899 8909 762 3143 4952 6219 5527
101 4403 2510 1356 3247 2567 8684 4790 8595 9384 2963 6661 5062 7226 1126 9604 1178 8947 7468 894 1609 409 1522 6656 5413 2114 6351 1547 9091 1826 2290 3414 7605 1159 3032 4097 7077 5334 22 4873 5698 3830 8251 964 7117 1190 8068 3619 2402 400 7386 3321 127 4581 9103 6793 9152 4434 8586 3674 9542 1934 8339 5041 2502 213 5291 9446 9334 7059 4855 6356 7333 1742 1352 3234 9316 9115 1816 1458 4147 4782 1927 2017 4598 1380 3459 2050 5054 6838 5896 5553 4608 8533 1539 1355 1941 546 6980 9506 9166 9313
98 7323 4321 3200 1201 9094 2741 8257 8769 2930 4976 1987 7361 7214 5297 5855 7310 2568 3037 5779 5274 7035 5138 526 9239 9081 716 5463 3698 445 6508 503 3440 4780 3076 5205 296 7043 1005 7586 1335 1643 8468 8439 9092 2822 3371 6684 5809 1448 8389 9632 7372 5574 8694 974 8073 5858 484 7611 7014 5493 302 9986 1862 9856 3548 1334 5822 2542 9537 6775 4113 7568 5363 3478 7600 957 5834 2483 5459 2432 9412 5192 6783 9126 7696 6316 60 5510 6707 600 4044 3125 2398 1429 3734 1758 5067
94 7786 6675 6321 3453 1134 5151 6545 7828 8271 8243 2585 559 8866 9307 4770 5569 3521 1761 5692 1639 2676 8618 3878 1865 348 8524 9989 9130 1807 9552 6319 3278 6235 5251 1489 7181 4792 9327 7252 2538 2306 4340 9854 4922 361 8196 2896 1253 3079 3162 3676 8667 6249 4767 5821 5940 4185 7433 9425 7744 2994 5902 8761 2981 187 8378 1285 2102 7563 2903 2590 1994 7271 404 8274 1960 2151 4480 5668 6537 9883 288 322 507 9756 6341 9574 751 5538 4655 9500 6926 1645 9862
95 9880 2413 2654 2758 4465 468 9084 3677 4028 5838 3400 8374 6281 554 7201 1983 6208 2533 2300 5667 452 662 2899 8421 3719 1755 8647 5757 6646 3942 7074 2118 6036 442 4679 6693 7278 1528 9767 3721 9514 5653 3519 5637 2941 712 6763 9005 1207 9666 8242 4337 1622 1009 9646 9795 5914 308 5304 3971 5102 2593 2034 4284 9746 7841 2258 2801 940 7180 926 7028 3655 1810 6569 9211 7016 6396 4222 4757 7261 2362 4092 6631 9593 2827 1103 1359 6327 1523 7704 5960 1348 9339 7647
93 354 4642 6679 3427 6977 4439 1794 4008 1301 1076 7461 2662 1657 4470 2395 2576 5122 872 2773 2698 1874 3968 2999 8847 3259 7054 3954 3504 9920 1007 5717 7673 8190 66 2553 371 9936 7138 9921 6232 3702 3870 1635 7943 3249 4011 229 4239 3007 2340 6644 1256 6274 7390 3046 8201 8356 5183 4150 8719 6295 6438 6576 5575 8278 2561 4754 970 6199 8903 5856 2465 7859 3374 5705 7055 8171 8945 6350 4786 6796 3670 3726 8487 7996 8164 6320 9895 4667 9847 2724 3785 1004
95 5050 3338 4724 1003 9674 5164 3849 9460 1809 9291 6979 2802 350 6467 3956 5548 6291 7910 2429 1109 1961 4004 9850 5670 3399 6850 1366 2346 2199 7066 9837 1808 7596 5385 9232 7538 6193 8813 2859 3377 9985 4139 4521 5337 1855 6368 1779 117 3010 435 7806 860 5559 1656 853 4319 7447 2759 5952 825 6947 6337 4124 7644 1239 6652 4024 1044 3195 1795 6915 8829 8994 3026 8936 4887 2016 5214 1135 5263 8125 7317 8821 1155 616 2663 373 9082 8746 5126 8393 3197 6420 7913 1928
90 478 3934 8869 1354 387 2633 1895 4502 3953 7041 6154 2131 590 576 4021 8803 8650 2414 2019 3 4104 4414 2177 6173 236 313 5052 2726 1206 1919 7150 6981 9671 4558 9783 358 7730 5341 7662 2292 2492 9972 8964 2700 1466 444 2491 8352 2183 7292 642 4155 6527 5981 86 8551 2544 9101 5674 6160 3502 8767 2712 7645 6094 7378 5202 8984 6807 4842 342 4428 9267 1517 8499 9801 2315 3614 9831 209 1369 4074 4809 2799 7451 4961 6391 7309 2998 2816
96 4446 9737 8050 4047 2161 3343 6875 989 326 6623 6280 732 9106 6273 1416 7530 3331 2388 4794 4838 3549 1921 1890 1067 3871 2692 9822 1931 1717 5921 6016 5578 129 4316 9911 3696 6294 1250 7815 5481 7905 8215 3035 8029 3083 8159 8152 9693 7839 8860 332 5990 3166 4260 4559 4181 4816 8711 8692 1304 4237 6802 4161 9245 3542 4441 4616 7941 6277 7272 8360 131 9640 1975 337 9554 6622 993 5973 2186 8126 1597 9399 4280 7780 2863 4554 3980 1776 8266 9621 6411 3118 1443 2871 5424
95 8162 4823 5712 8093 6413 4114 191 5567 2155 1345 1729 5061 5974 9682 4968 2072 7424 6477 2783 5964 9814 6529 67 8355 7100 5342 6583 2782 7858 7166 536 8575 2065 9530 4081 9553 1048 7340 5885 6563 5881 5657 7603 9855 5950 856 7411 5609 8751 3021 2159 6905 8689 5593 7890 3596 1938 1468 9330 9409 9559 7875 3154 7967 391 9532 1971 5147 2266 5762 8304 3348 8571 2610 9824 3487 1385 6714 7537 293 6720 2878 7219 2608 9402 9039 8672 7067 6828 9799 3244 6920 8951 7248 2288
100 8848 9712 1980 5521 3921 2323 3514 5221 3507 8809 6386 4975 5197 3503 1128 521 7127 1896 7765 7783 4225 1644 3089 6086 8405 8198 1363 9290 7493 5099 8450 8824 1901 7718 5848 2053 9759 2002 2052 6607 1353 6833 9003 360 5012 2031 1148 3710 9265 6469 8578 4899 1273 6683 9369 6810 8015 840 6234 8612 6815 1254 4132 5925 938 4523 7457 999 5354 1822 3430 4404 8693 6004 4908 8527 9010 1653 1957 4062 6152 6791 6600 3112 3552 6278 1476 2570 6505 6150 7341 3411 6176 3782 3408 5437 3920 3979 6490 1827
95 9786 454 6180 3725 6817 542 5972 5792 8327 1218 5695 2556 303 2543 5649 6426 8464 4630 8223 8141 2954 3631 8955 7763 7369 2381 8505 8655 6124 8353 2564 5518 4491 2598 6638 3590 7247 1803 161 2448 2137 5508 2718 7494 4367 532 5267 6146 4539 9957 4497 5431 7487 6414 4880 6127 2677 4819 4071 7711 6014 714 6715 6640 793 4232 9575 607 4048 6919 8959 8108 1395 3407 7164 1886 6818 4622 2738 9826 189 692 9122 7773 8217 8816 9907 548 3099 4231 4102 5142 9300 4609 6284
91 126 9146 3841 1000 6254 4323 8204 7565 9488 9954 8312 3248 6348 7665 5759 4276 723 1713 6721 6242 6215 7199 9703 2875 2250 6408 1486 869 3547 1459 367 4824 431 5090 4409 2591 8147 407 8567 7618 6410 9046 7506 4213 8386 4577 2650 826 4619 2090 58 604 3198 8790 1906 8167 2860 3048 4575 325 5596 3424 247 513 7522 4355 3943 4572 2833 3490 8661 9035 2749 11 5416 2522 3996 9551 2558 6060 5115 5529 3294 3433 304 6104 2082 4707 4652 6594 9697
91 876 4397 9417 4729 2744 2659 4926 2578 8380 4661 7893 3610 1765 2359 2193 1586 1461 7093 7500 8957 3645 1002 5765 8391 5678 6530 9 4537 375 7133 7946 2168 7560 4125 7095 1308 7685 4484 3183 6872 7048 38 1800 1542 1457 3908 6653 5793 5024 9458 6412 9971 7932 9394 4343 9279 1834 7613 7021 6617 8207 3737 7060 5827 9538 5194 245 6445 9481 6265 166 776 3944 1251 4864 1435 2264 5697 9951 3778 5936 4169 9011 8870 6789 7669 7263 6891 3570 8700 704
97 9874 6369 3843 5841 8729 2338 8205 4310 9764 6250 5399 6954 7328 4504 1129 2869 7795 427 3027 7112 8280 5145 2573 8453 4902 9701 4313 659 2755 2239 944 122 9379 8549 8358 2294 6665 998 7542 3360 3727 7460 4164 8115 6223 2584 1413 4187 7429 528 6056 7019 2416 5472 6258 7426 8092 9332 5761 8745 2138 6702 725 5727 9639 7485 8963 2721 3573 6995 9741 609 8191 5367 3479 8184 6681 6805 389 3217 8701 1215 5193 3562 7807 3767 3322 3410 4207 2858 1065 901 5051 4611 3323 9264 1292
89 8102 1317 7184 1781 7960 5331 4030 6606 698 3283 4830 5714 9562 7142 3703 9123 7942 7526 422 5319 3601 760 837 2762 5487 130 6357 4617 6118 7498 8532 2927 7358 9150 2739 7004 3915 3831 6393 6581 9676 7760 4592 7551 5626 8283 7178 1557 5998 4755 5096 8281 5256 8230 334 5078 8556 8796 6070 2220 75 2919 277 2077 8853 9202 3510 1939 605 5758 5603 6564 9258 5634 8912 4377 1184 545 5467 4400 3438 6044 1387 694 4897 9104 6604 8169 6397
84 9097 7250 9141 1091 3385 6526 1725 5946 4118 4427 628 8568 4063 5344 4158 966 3689 1193 3392 3306 6189 3801 9884 3667 2278 1315 9834 5520 1567 3975 8041 996 7422 9510 7316 3686 1606 8078 4821 9584 1230 9992 8311 9536 8179 6375 312 394 811 9669 2771 1001 3772 9829 3426 1615 1481 408 8474 3848 6540 1647 8927 2005 549 8873 2387 1691 8348 2209 8495 7884 2964 2104 3300 5601 8282 6755 4811 2701 5430 4489 8931 4613
91 4218 5796 4643 8140 680 3462 9416 7176 3497 2135 4638 684 4478 3115 7512 4962 2170 3229 5172 4875 3058 710 3603 7313 8858 7050 8625 4333 2581 97 2297 1349 5756 859 904 5661 9649 1195 7827 9598 3803 7879 667 4959 6801 987 656 7053 5358 6740 4828 6484 9302 1176 453 6782 1123 2933 6162 5223 9585 2468 2296 5808 8351 6538 6028 1077 9328 509 6221 8075 3354 4735 1821 4788 8930 264 2099 1418 4430 1196 7427 7614 3957 1474 6212 2001 4388 5075 6962
93 5031 7909 6263 835 6591 2334 2342 5632 5207 1771 8731 3488 3358 9395 846 2470 3429 4587 9576 7694 881 3369 34 8334 1590 943 9981 1050 7564 5026 8916 2329 9998 5556 6874 9229 3805 5524 7929 806 3635 1571 6502 1632 7908 7527 4704 6798 2100 2915 4604 6452 8328 5750 159 7575 1322 4420 3448 5038 7837 7962 5387 7260 4331 3705 5871 7965 2642 1411 817 3381 6515 6121 4345 6156 768 6352 8530 6632 6109 9190 6725 8244 5317 8546 5003 3760 4115 6470 5625 5056 6374
96 3261 3201 5162 8010 9305 5097 6748 3378 1456 6890 7576 7588 2926 5103 3679 1465 8570 1174 8514 3086 9609 7731 7914 5303 3039 3723 2731 5456 1028 4327 8458 9061 7516 2028 5851 9157 661 6090 9564 8712 5027 612 3699 6354 7068 8956 7129 4924 7811 4037 9681 4380 3250 9869 9656 9858 4942 1561 2923 418 4358 8500 5204 5766 62 5411 2467 515 1882 9945 7892 134 9612 1677 5180 1373 9024 3333 9432 540 3823 1616 9958 1605 9887 6534 7691 7366 1864 2560 4088 2824 9248 4244 8210 9774
92 3100 9638 8076 5362 8673 9475 9919 1378 9670 8214 292 7894 8580 3055 1775 3253 3301 8659 5516 726 4973 7326 1578 9657 7677 3868 7307 8145 5032 4953 6795 9673 8889 5402 5774 757 5443 3544 1524 4423 9261 807 7934 851 5330 3639 6103 430 7225 2376 4227 7973 9485 3170 8996 2800 977 8375 1627 2769 4635 8150 4381 7195 7809 3074 7939 8590 5107 713 3546 8331 2681 4612 6701 2821 557 7290 9898 9306 5422 4474 2728 9260 6951 1746 8615 2945 9905 3589 5265 1859
104 866 8798 4302 4814 9751 9310 6318 8635 1948 6116 5938 1531 1650 7533 7389 5882 396 7140 1942 3708 9056 2210 1649 4769 9833 8861 7649 4778 4501 2604 9878 219 6217 4191 3569 4292 5812 771 7017 8506 617 9520 4517 6517 7167 7897 9031 2623 1675 3419 3190 3014 1259 4715 9901 6381 2493 2845 8038 2397 4245 3160 3108 4903 7406 9086 4312 2144 7297 2939 584 3880 2495 470 4006 815 5675 2902 9733 6406 5065 755 9368 5755 8559 3554 8028 1107 7107 3961 8349 2425 6134 9019 8569 3576 2379 4154 8239 4230 1272 4300 1423 8888
87 8302 1081 7217 4963 6120 3393 214 8969 3622 1596 3522 4980 4224 6846 920 3630 6153 4248 6063 2263 1562 8064 5797 1338 7464 6744 1873 2215 5224 7831 1533 1105 4981 4594 4931 2443 582 7153 1719 2517 6092 4753 6887 4681 3379 9227 1030 7006 4629 1051 779 9203 5273 6292 8059 8237 1060 4249 1935 5285 6304 8428 9326 3642 8942 7737 3854 469 5729 9476 6266 6097 8087 259 7092 6559 2734 79 8774 5943 3475 9852 4721 3729 7507 4691 5393
85 6194 7830 2007 3720 6117 5942 1137 7940 2691 9016 4666 4765 7920 2214 2857 6310 6575 6943 6422 4064 3687 7543 7070 1088 5532 3465 772 4282 3917 2225 3226 788 8221 2620 3743 3556 4220 3243 8228 5181 4860 2803 6589 1893 3892 8236 7983 6428 9633 5250 6140 3541 621 4669 6769 6088 4475 1324 9517 4506 316 1700 7056 2330 5277 8392 2630 9231 6648 7862 1229 3990 1286 5709 4516 3747 3454 7501 7789 892 6218 467 3816 8089 3701
98 6192 5268 620 438 3065 5945 7266 6768 6825 4170 1914 4352 3192 9226 5645 1774 9050 6669 2730 874 8261 7032 530 5550 5842 5985 8750 1374 9533 8110 9891 522 2583 1223 2240 2295 8263 2172 8 7109 2377 3750 9147 8872 2918 3483 8149 9569 7514 7794 6313 2781 9777 4492 2238 5281 4845 2094 6970 3446 2992 6230 677 5513 8880 980 8452 975 8626 1973 602 5271 5909 5874 3233 8795 3716 8369 5800 1944 543 8799 9156 9534 324 6610 7156 3213 5094 8919 103 1140 3946 4298 7800 5744 4776 5624
87 1162 3787 2235 5016 6059 4294 5778 4136 3520 577 5832 1766 8583 743 8023 8542 8529 4954 693 6062 1269 2179 3672 2360 6026 6317 8317 967 643 6674 7824 1748 5768 1396 8992 8818 4928 9549 7375 6267 2607 5905 7980 6722 1510 7078 671 976 9798 1846 5864 3607 1954 3103 3941 3700 5328 8553 5485 4736 4127 2689 6163 7792 8510 7482 8296 9404 5384 2596 566 3897 8536 8265 520 675 3231 1177 2887 5979 4993 6346 7456 2048 8437 3397 8219
94 5349 2419 7137 7462 314 4023 9285 7632 3314 3177 5118 2476 787 7785 7465 8260 8297 3829 3913 1714 3863 3638 9223 7505 2807 9961 9361 929 95 2682 2024 268 2274 9938 2539 7664 85 257 1168 3680 136 1420 7033 2787 8098 9705 5949 5359 4051 8039 7573 6924 8871 8055 8051 3001 7638 5278 1955 149 2392 9964 7081 7294 8467 1667 2905 5316 7257 8018 2205 910 7235 9591 7324 3511 9433 9706 4590 8240 411 92 5683 3293 8558 476 2825 8470 857 3746 4143 7231 2946 9977
85 2175 1117 6592 2725 3960 3604 653 6881 2549 7023 3886 4495 4956 946 4784 6308 1281 505 5599 1498 1453 2818 4578 8566 185 5150 1876 2527 384 6734 5554 9034 9627 7872 6093 7995 935 6450 4910 482 5444 1835 3207 531 918 7173 2658 6035 9198 6717 320 8011 2746 5689 5329 2133 2798 9171 3064 6605 5552 8026 5551 9754 7476 2534 3436 165 1156 4357 8989 8950 1648 4112 2767 556 6188 4656 6392 9478 5350 4606 3559 7690 4740
92 8943 5423 115 5160 4256 2129 647 6851 4865 9319 6248 2861 5840 9442 4835 3881 1284 2374 5454 1982 7861 9930 486 6595 6571 8286 3974 6787 8146 9431 3120 7088 3126 750 3774 460 6240 7265 6779 221 9378 3842 5895 2192 1797 4771 3788 3618 5470 883 5854 7729 2723 3155 9738 3182 6233 8525 9254 9284 2390 8714 4623 4440 3206 2747 182 7110 9721 7854 2083 4309 1996 9890 4174 2935 2757 1216 2124 8168 124 7769 8902 8515 3780 1718 2768 290 3184 7134 2450 2702
94 4278 4889 6829 2307 7453 4904 7495 3872 210 3466 5918 3706 4128 4016 7577 5696 3795 7955 7425 7781 909 6053 8235 6498 3421 1039 7318 3663 4175 1628 7915 6840 4726 3713 847 9941 3491 9859 7289 9440 9215 3460 7455 9149 5530 8752 9623 660 5823 1092 4247 4967 5562 9289 8067 273 8430 1563 9768 5420 6145 5862 1038 4460 6967 473 3770 1124 3940 5236 5464 9259 9419 8597 5636 5258 801 6164 5439 3128 5580 4160 1240 2603 9571 6201 6509 2382 2442 2160 7258 5644 8841 9937
93 8764 4996 3932 6580 2105 5210 7761 4625 7089 8185 5033 3840 4995 7027 1410 9222 7274 3902 5257 4219 6072 7896 925 6343 3912 2986 7925 223 6228 7784 7185 7812 4752 2501 4805 1946 8949 6256 3398 2499 5156 2000 6038 2987 3485 3839 6398 2686 3873 2843 8124 311 1220 790 9400 8213 1061 9353 346 1787 1409 4330 7377 9900 7680 7368 4727 344 6972 9348 8830 3167 8651 7846 6655 4012 8072 6756 5928 1382 80 5956 3024 722 1949 9836 2427 6936 5309 4254 2032 6271 8763
91 9830 4960 4019 1707 7401 8181 7275 2257 952 7344 9071 2372 7481 8320 369 786 3413 1388 353 1603 8187 6068 3681 6510 4068 7244 1767 5313 2256 7776 8834 1969 9059 7191 7492 1403 669 8899 8329 3176 2760 9398 1749 3550 1759 4564 9349 6522 6643 6670 2984 5673 5787 9828 6614 3524 3605 2093 2531 1436 6870 153 157 4520 6814 800 6047 1726 2776 7237 2696 1383 8554 105 5589 7212 7194 6019 6864 2655 9816 9968 9463 985 8777 9293 5690 6896 984 2018 7202
94 5883 2403 2960 8587 7467 1768 1036 7002 4353 8407 3926 1446 5807 7282 6760 8383 6478 2713 2148 8418 8638 9778 5395 8308 1738 4399 3435 5782 2364 592 2021 517 4426 7182 9000 4243 7764 3844 1923 3903 6299 2895 727 3097 1801 611 2695 1883 2253 6161 7595 8983 8518 1074 116 40 4273 1312 7007 1045 6772 6051 286 9922 9287 3790 1763 3238 2317 2883 298 1421 6184 3486 1889 4076 6191 7658 3820 6022 1114 3346 9608 347 6046 4522 8113 6115 9700 4813 5957 5187 9765 7678
101 7544 3003 5618 1479 7823 4684 6964 3498 4481 4708 4188 9193 585 8793 4779 8747 8095 3121 5169 5083 402 1183 7243 5505 5861 3675 5666 1897 9886 8820 5582 8062 2523 3629 4056 5144 9929 1769 9414 1888 7157 9980 9516 4418 3318 1412 9164 7734 9138 8652 519 1905 4100 8088 1792 195 5117 6955 6155 2472 1705 5555 3178 6959 9841 4901 6457 9934 6225 558 1507 7997 3110 8208 2454 393 3931 7633 6091 9333 962 8200 1291 7736 9521 1194 2854 5630 1566 8664 3811 1789 5719 7985 2146 5154 3417 4921 3340 7758 2149
93 4041 5212 8276 3856 8973 5498 3101 9896 5461 475 5713 6483 2328 9331 4807 1069 5386 7204 6158 6135 2794 4719 4540 4712 4468 7087 449 6984 6453 5752 6048 4372 1574 939 2615 1796 6612 8669 9301 119 6139 3254 5280 9851 5944 8354 8461 8538 6552 510 8036 3970 624 6892 4810 823 4751 7073 7238 8255 4198 9952 1473 5128 3512 244 9773 899 7653 3319 1118 2075 3257 7190 2270 9405 5623 235 5458 5426 2559 9699 654 9757 2555 1450 950 6402 167 5130 3678 2023 4471
93 8097 2938 5398 4697 2008 1626 5139 3528 2575 3575 3245 8922 2980 1536 1221 7123 1747 5095 8965 4145 6334 6597 6826 3409 4933 4354 6464 1867 7971 4376 6200 3597 2503 5984 1734 135 8773 2178 5491 2672 3765 6461 180 9844 3523 614 3062 1247 8812 3669 5995 5072 6329 8366 652 269 2423 5640 8077 7471 3416 3688 6487 2469 9838 25 4977 9543 8033 1492 295 6986 8579 1966 4545 4615 2705 3051 6075 5382 6558 6516 775 2341 1376 6761 2352 5231 5660 8309 5702 3958 5361
98 7120 4839 9317 9112 5320 819 8704 4912 3009 8706 3815 9272 4464 9806 9943 4627 6338 2993 2839 9853 6460 9843 4042 3135 832 742 1282 9060 2438 5346 7347 2324 5325 4108 8401 232 525 7417 4039 3266 6190 2737 5201 942 2792 3173 3349 9523 4551 5711 7721 5621 3857 5410 1300 3992 5502 9304 7015 6203 9804 1693 9441 796 4693 3218 3081 1293 782 3752 1425 7496 4935 4326 270 6129 8977 7528 622 7545 9894 3070 5377 5276 9735 8112 2208 741 3536 2486 4535 9009 6871 1932 761 5738 5608 9262
87 8699 8801 6577 9742 2589 1910 5886 2688 6666 2354 1788 3812 9356 6852 4900 1478 6767 7399 9695 2339 4699 7452 6949 4503 8295 4317 3551 1549 2051 699 4338 5436 6582 8466 1926 2514 8438 830 5647 441 1483 98 501 6431 2066 2478 6165 7312 3753 8739 3084 9085 7700 6454 1012 8220 8094 8005 9566 1270 2358 9077 890 8116 6895 2267 8844 4573 8234 141 4974 5706 2661 6521 489 9493 2847 4435 9606 3611 2150 6732 8287 8843 5036 4384 1314
91 4196 7267 3320 6264 8444 9027 9429 5066 9275 65 5394 4663 7904 9240 5585 7490 5213 3748 1842 7695 5633 3082 4856 8836 2141 8806 5259 374 7218 4984 679 479 7197 9904 8643 8397 9102 3066 4010 4885 953 8457 6289 9819 2660 7767 8006 1661 1702 4461 2098 5324 696 1569 1121 889 6742 8111 1246 6497 1581 5839 4916 5876 1911 9588 4411 3837 9080 6126 9189 2866 992 5512 9970 5612 6733 9186 7928 3534 3004 2174 7803 7175 7351 4725 8100 767 3157 72 4472
87 6611 537 4090 8030 3671 1839 580 6531 4368 2497 3275 9345 1368 8259 8074 9322 595 5148 4270 3175 2431 8043 9452 7844 4401 9492 2350 2122 4171 5859 5970 1750 496 6688 1179 2634 4159 251 6897 729 3888 9407 6627 9908 8020 8749 9597 4948 9779 954 2835 3762 3263 7011 2673 9605 5772 9923 6647 9927 7188 2666 8771 7529 9324 9028 5296 3739 8944 7541 865 8623 3470 2872 5852 1139 1773 1806 4318 6210 7335 748 4001 1981 7821 6367 3682
