71 8671 933 2088 7780 6847 300 3880 3083 6830 8901 9200 4851 1158 9886 398 6986 6240 5308 9611 1027 2643 826 873 2019 5810 2030 8317 5946 7655 6648 5959 1468 1661 2484 2281 8688 3961 5766 6570 3559 5009 7390 9641 472 5158 2494 2170 3287 6196 718 8319 985 3484 5161 8942 5565 9162 3125 8610 6179 3650 9491 4563 4626 8238 4961 2679 4180 9728 5037 7209
69 3729 863 4889 5443 3797 3131 5256 9420 2865 2964 6563 8731 999 2340 9964 2081 5814 8094 3540 8541 7252 2685 185 3638 9725 410 1615 1685 141 7770 2517 6055 6168 408 4195 6458 5718 7447 5605 5421 8870 2529 343 4380 5735 8192 7307 9256 2102 1708 4328 948 8391 380 7002 4763 1343 7316 5461 2125 5 8765 3679 649 1637 7274 6130 6192 9633
72 5670 6260 5148 8697 8681 8687 449 7000 8626 4980 5572 3871 1907 6629 8220 4761 8061 816 3908 1042 8955 2861 3618 8349 9022 3336 1129 1209 4773 9321 8747 7738 6784 2809 2222 6065 6611 6403 1090 6802 9942 6241 1897 5048 7731 9624 831 6120 5431 8142 3588 6063 1643 7759 7201 5253 2068 7717 4432 3478 1301 6197 9233 207 7920 8736 5436 7425 5589 4841 3970 6160
72 6755 4229 6121 470 437 6228 7446 4362 731 8674 2111 4479 2241 8408 4899 851 8812 6075 4016 4564 9910 9493 3748 2934 3364 7817 9520 8639 5851 2274 544 9055 8335 4911 2033 3225 9220 6354 2495 7059 4850 6600 1547 2192 7741 9286 3216 5914 4711 5356 553 9592 6287 7798 5783 6875 839 6173 2436 9221 6578 113 3229 8568 4035 4425 7627 2661 1935 92 4925 3368
75 370 9128 6158 2116 7554 8814 8429 6790 8009 1031 4078 1873 4785 7606 2024 2338 9803 7269 8253 5807 5085 3718 4253 4918 8488 7737 6974 2813 8602 16 249 905 7024 4825 5925 4956 8959 5818 297 3500 6248 145 1549 229 9995 656 4540 7996 1535 4385 1464 9148 6129 8013 2233 7610 9959 8088 2614 3105 7870 9103 8185 7194 822 8387 8712 2814 4321 8851 833 4310 2383 4749 7950
71 3248 2215 2307 583 8230 1 8573 8383 537 6982 7360 7291 4781 3228 4469 6080 4358 7668 2906 7713 5524 5632 5821 1421 8273 503 8229 2409 7742 2297 302 1171 5950 6909 6756 3525 2260 8977 1846 2884 9195 6444 835 2130 9207 3406 2986 2184 2208 4605 1294 1727 5712 4710 2223 2365 6757 3157 507 469 2137 531 4313 971 2928 168 4678 18 135 7309 286
73 1379 9175 6761 6390 6393 8233 8386 376 1375 6899 7943 246 7926 8529 9759 9204 1157 8276 6016 9928 3488 637 1949 7947 6540 5365 5447 9167 5215 1180 8882 307 8283 9813 7182 7340 6884 7139 1153 4155 1122 1839 9825 2536 30 1785 3096 9986 400 9590 4809 5995 7126 7946 7027 1611 7495 9862 1845 8516 5290 8679 1697 3595 8108 751 3107 1353 4412 7017 4933 8667 8813
72 5186 134 96 6498 3681 6583 3261 6108 6994 8976 1229 8564 6230 3578 4596 3687 9758 476 2022 393 8719 314 745 1063 2678 2096 9792 4855 7225 897 5506 7018 9279 7205 4895 6722 7401 266 8426 2732 6339 8307 9476 169 6343 6439 1719 744 1980 4020 9238 8796 1958 5270 9439 1579 8831 9513 1402 5817 3770 7359 438 6424 541 7753 9159 5719 5556 2347 2236 939
72 9435 8079 7411 6695 227 996 4872 5609 6124 4393 5594 4531 737 4782 7710 7522 1013 9935 5296 545 4144 6639 2912 8956 2982 7649 9070 5919 5603 9019 209 9120 2557 179 3703 9465 2990 4433 2261 2196 5475 9358 5523 9432 4361 2552 3927 8115 9489 2931 4139 159 1501 144 9744 4394 6937 3354 8800 913 495 8683 626 5084 2002 8313 1302 6442 7918 8272 5897 2564
72 6119 5193 6066 3742 9218 1048 2449 9165 2773 6102 7378 5620 196 4332 2058 6743 4179 1006 6858 5153 1109 6296 7458 6045 1731 3497 6073 1038 6286 9926 7031 5370 6152 8424 277 4352 858 8583 686 697 221 1819 4808 7234 3658 8815 6502 9027 6342 9352 7612 1132 3544 7253 6989 3827 6309 5099 3365 8455 7311 664 9202 4582 4570 1799 5218 5149 3291 4459 3337 1429
72 5961 3726 9957 5300 4509 5754 6093 4969 5583 1620 8803 4181 4754 8605 7862 2035 4766 7338 9201 4935 5640 8544 7212 259 8828 9337 2173 9248 7053 9617 7755 9342 154 6977 5174 6431 1270 5552 5433 9425 6274 2342 415 5237 2527 5111 1106 934 3168 5511 5775 3102 5763 4211 1843 2201 4976 2238 6415 6964 2827 9323 1842 2255 9994 3644 9065 9444 6762 7341 7684 6252
73 9615 8404 1694 6686 6212 3815 5346 3243 3594 1953 3355 7660 53 5837 6046 9041 1944 8620 9097 7937 721 8569 8256 4913 912 8342 795 5216 4590 7528 8078 1287 99 1033 8145 6184 3771 3091 8548 7102 5128 3390 7037 9936 8026 64 452 6291 4534 2179 6353 8057 3998 502 1401 6992 841 1002 3441 2500 9981 76 52 813 3640 349 4699 7768 898 2936 3957 3808 9152
72 7329 5071 1886 101 5445 6569 1631 916 3435 5716 427 8773 8409 8452 2561 5726 6321 2787 5615 9403 983 9111 9577 1412 9589 4660 1711 3408 8886 1374 1589 1166 9713 6726 1278 3924 4892 7739 3467 642 2291 6466 5601 5756 8725 397 4149 8310 6714 4295 3520 7803 6017 4833 9572 8523 9918 8883 2693 8411 6710 9347 9092 7900 9711 271 9833 8997 4830 1502 6636 2567
73 6896 6492 9386 790 1916 4522 4307 740 311 4631 7600 3872 5091 7078 610 755 5474 2083 9546 5321 258 581 9107 593 9740 6051 8159 9044 2458 7460 8297 4203 6566 590 3932 6988 260 4406 8167 3421 587 2349 2026 9470 9306 2607 5509 8903 849 1295 8689 3008 6823 6313 5358 8085 9310 2289 8065 1504 2309 9692 5870 4222 3981 7111 6623 1904 3327 5555 2043 9939 4415
72 572 2175 8505 9724 6109 595 517 4276 1148 9798 7513 3848 1905 4629 7181 2788 4668 6411 6643 4486 4270 6701 7178 8193 7156 2984 8840 4014 683 9451 6278 8258 481 7347 3643 4551 5101 3494 8822 8666 3777 4110 4266 4086 1623 8690 7123 4217 6159 2442 6356 1725 9427 3769 6836 4593 2572 9578 4353 1288 2381 1437 9356 2508 8618 6815 3915 4430 8660 262 7757 1938
71 6264 1982 2421 2090 7766 787 4465 8584 1738 2586 7452 1140 4220 2042 7523 1165 2849 4413 8993 2214 6337 3394 4775 2504 4610 1825 7366 526 6025 1600 2730 6827 6400 1225 1357 4953 6793 7040 238 3504 9326 4178 9317 5377 1889 2528 2374 387 8062 5651 6361 3361 9024 7076 4864 6997 1086 6011 9836 6984 6560 3450 4829 3938 5413 3767 9872 3810 8973 5306 8461
71 9099 2106 3451 5314 7534 1887 3031 2011 8224 8696 3765 4736 9771 108 921 5994 1553 4323 7331 1609 3835 4771 6898 8049 1347 2284 4103 6620 5874 643 5451 5990 9183 6447 401 8847 8265 7790 2877 4902 5912 950 6960 5714 8762 7243 5178 4309 4365 1459 8918 3851 7087 8656 6412 3945 7857 9016 1564 1237 4942 5030 5905 9800 5209 9840 5890 7631 9965 3624 123
72 6074 336 8425 6438 4287 1318 9727 7067 3129 9051 2625 6545 419 1741 4094 1574 9134 4154 2014 9452 3132 3284 3822 4070 3873 4547 3898 5753 7724 888 6615 8450 3246 9379 3836 4787 8954 7091 7082 6663 7478 4536 1968 4435 9747 1274 9375 3567 5956 3661 4152 7191 4147 5072 5988 5740 2960 8648 9275 7415 2448 3070 5623 6925 9675 1406 8114 319 8987 4898 4954 5348
72 5850 2213 9542 3226 7543 2359 747 702 3067 6655 2652 2987 1281 4182 720 8520 5239 6742 6478 2084 1017 580 3754 8565 8370 6968 9300 2626 3058 4669 4347 2271 7163 2896 9497 9357 8531 5206 4411 9812 5759 9078 2510 1014 1644 420 7821 1524 9014 5362 2245 5972 4092 3022 3868 4004 6885 7945 3413 1506 7884 5881 8282 9442 1480 9850 9884 5951 9746 3223 4066 4145
75 1247 5840 8817 3060 6883 4196 9106 6622 3834 248 7266 8532 9291 6551 3581 6320 1668 6210 6998 1918 6381 7213 3956 4839 6099 8792 5728 1019 166 7133 2394 2525 5194 342 3213 2568 4861 5162 7836 4945 7427 6363 7371 6934 6001 2148 1224 601 4397 5202 7314 5974 7938 1558 2943 1221 7193 9919 1748 7626 1871 3885 5822 3806 5993 766 5453 2603 6568 6821 8889 2507 9267 9832 2371
72 5440 3838 399 967 2919 9005 9011 5913 6064 9704 20 70 1211 8133 3275 9867 1000 2178 6993 3894 8850 7505 1034 3702 1326 3 9409 8793 2632 3231 3487 6199 5338 7530 6273 7500 4836 2080 8244 8470 7003 514 3486 772 6825 2410 715 8382 5713 7985 7457 9433 8741 1179 3972 7357 546 4383 2768 3352 6555 5786 2759 924 7878 8912 7012 4907 6325 7825 406 3779
73 2836 4821 9132 7694 3019 5684 8106 993 7896 4993 275 7778 4992 2532 4816 2089 2790 5772 4948 4042 6675 9194 3307 7395 4877 4342 9897 201 2258 2108 775 267 6202 431 6218 6650 6394 6521 6096 2380 9330 9329 5307 3587 5332 7733 5682 6554 9795 930 2515 5434 4894 9046 5430 1718 5395 270 8129 3182 8119 3241 6856 6770 4109 8694 4148 2250 7527 5557 641 3977 9684
74 4372 565 1227 240 8423 4396 2290 4172 7355 9253 6767 479 3002 4755 5123 5156 2850 3476 7611 5847 8499 1883 9400 3194 8498 9914 7906 5486 6749 2712 9870 4226 8261 8545 1474 6556 6067 5283 256 8861 9073 2488 7633 9601 2498 5558 8186 5297 1098 6842 2037 1792 1978 6221 6021 7711 7175 4525 6680 1753 5554 187 4102 3401 1922 7585 9266 8122 2513 1365 3053 5013 7320 4249
71 3099 3339 9780 8767 4943 6401 3503 5470 2155 7146 8394 5886 9123 199 353 7607 4581 4900 9983 2071 8604 1269 109 8530 2362 567 4291 4210 736 9008 215 4921 2700 973 117 3303 1790 2972 4768 2254 6509 2658 6585 8263 7929 9430 785 8385 3800 860 7060 8495 9487 7019 3901 7674 6929 2066 3259 5100 3724 3819 7874 6691 8089 6906 650 1857 722 1674 3212
76 9835 7756 3141 5467 4400 2664 5835 9381 2039 3064 1546 8497 6450 2647 360 3442 9818 9079 3547 7007 1418 9508 6237 3103 1781 6846 8270 8742 2240 4237 9299 493 1626 3006 6857 8051 7228 3454 793 2546 6175 7303 7721 4261 3167 6947 3582 9757 8134 2075 8823 9276 9892 9509 7704 4038 6428 7246 2101 5166 3059 4984 9457 1869 6788 9533 58 7131 3215 1251 8007 5672 9142 9295 6408 8210
72 3778 5246 1137 4060 6379 2750 1635 945 7765 3296 6003 8121 9869 7745 9900 6514 2314 2461 5644 2702 7405 1745 1834 699 5335 4461 4186 4611 5515 7553 8211 233 1508 4382 1927 156 4357 6844 4865 7501 9794 8948 321 4878 5863 994 6038 1527 4374 9947 4624 5917 7104 1149 3411 8508 6824 6380 6292 6389 7180 1011 9753 7595 5596 6317 7802 9927 2596 6527 2755 3278
72 852 1591 2431 710 2404 1441 2006 760 8560 9017 6277 9550 7967 4402 597 6162 6251 7991 8914 2007 6141 4170 3232 5918 2310 4891 8240 8340 5293 4657 31 6976 8269 2770 5614 3788 5876 8024 8071 4908 7465 2672 1736 2122 559 2637 6028 3267 666 5023 6376 2835 8979 2263 4735 7063 1722 2420 5274 8921 9009 37 2267 5195 4333 8902 9280 3675 3010 5180 7454 6185
72 696 1360 663 8900 2150 8830 4784 9968 3599 2638 2580 4489 1371 1567 3325 3856 824 7909 7509 8972 1368 4681 7305 9454 9805 8479 354 5235 9864 8651 4126 4289 5219 4677 6739 4445 5205 1015 4746 2838 3234 4654 203 2354 5846 3318 4559 2805 1793 9815 228 8935 1099 909 1230 9659 6753 1049 2995 8189 762 7408 7302 9896 4715 9188 6068 8055 2569 1749 6204 3493
74 9199 3050 9518 9366 9274 6789 8077 5826 5968 2690 8271 5591 7014 8331 426 4248 8721 3875 2688 6703 2231 4254 8957 3297 7110 7070 3912 1576 1654 5272 4516 2892 2957 4752 508 3128 3162 7088 5526 3784 1458 5022 291 5213 9696 6416 5550 5275 4530 1665 3667 3613 5896 5225 8771 7726 753 756 8046 3772 281 5248 9112 9573 9831 1544 2294 9053 8170 8131 6331 6887 7445 5120
72 1248 155 4326 5065 2947 3794 1495 2476 2416 128 861 1054 6311 3464 2985 4638 4339 3882 2225 516 2955 741 193 8112 132 5057 654 5305 3719 7164 588 3152 9258 3926 7356 3672 1164 1134 7915 9718 7856 7294 8462 2327 3859 1050 5861 1316 7084 1363 6831 8980 9982 7589 3343 4722 8083 5190 4434 1613 2913 4870 4567 8525 9284 949 5854 1494 6829 1679 6374 8136
73 9502 8375 418 9307 1170 6473 3273 8909 8126 4505 2447 3573 7692 9521 5715 3741 6037 4987 670 3792 8779 7597 7263 4387 9731 3382 9998 879 6571 2863 2086 2123 3417 4456 783 8753 8528 2587 9763 2200 7506 5668 1525 4863 5706 9804 5017 1293 2977 6910 3759 6156 3881 3969 749 4697 5043 7032 3310 3550 738 9012 6589 7043 674 5674 8480 2714 1903 1383 9688 2168 5928
72 8521 5941 9987 8925 8324 9072 1399 9193 9698 3440 6731 3196 2923 6582 3479 1729 2683 6081 2544 1228 8999 1526 828 1828 2535 2776 5600 8028 8226 609 8400 2981 8644 7211 5473 4190 4116 5802 1538 4628 1826 2429 9980 1297 4215 7171 250 6562 7153 441 4998 8338 1210 6645 2878 9091 2559 3590 2400 3180 5001 1185 3250 202 8938 375 3322 6706 8723 5841 1005 9021
75 4622 9948 9288 87 8624 6385 7954 8388 5983 4811 2443 9453 7679 5781 9670 8941 7972 1971 9479 4533 9743 585 4692 6587 6891 4202 5126 6114 6333 1141 9789 1624 3611 2720 7634 7795 7262 6138 5665 5543 1075 6126 5422 6888 8289 152 4879 4197 7215 1733 8469 5805 8846 9654 1896 8117 942 5976 8524 4776 7117 3512 8567 4027 9943 8504 231 2177 3308 6451 4646 7317 5466 5143 4354
73 8552 2516 2980 6261 9969 2891 6577 7238 8196 3214 9257 12 1816 8884 7539 982 9192 3353 5407 2185 937 1572 727 936 234 6698 9472 6610 552 4192 9890 8769 4694 5765 829 6869 3653 8023 2355 5811 7372 2789 1701 4847 5028 8836 3317 1689 3766 6696 9734 2888 6399 2486 4320 2866 5476 242 8040 6095 4158 2348 2119 4096 5501 6306 8318 5052 1879 4589 9556 9131 2862
72 9689 1413 1523 2686 6485 3490 4007 9463 7784 3949 1707 9002 8257 4963 9324 5480 1960 7970 2757 2916 4924 4521 9504 1337 4594 8512 348 8551 3069 6070 7418 1065 6969 1811 4256 9182 8856 2581 9786 4322 1152 4709 9140 7321 9282 9414 3087 8368 3566 9260 1079 7216 8105 7369 9250 9151 9908 9190 8673 5172 3329 3809 1560 251 6512 5061 1414 4696 4292 8466 566 2353
73 7902 8254 7431 390 4087 1077 1695 3346 2417 49 2958 5284 2197 980 5483 4539 7469 4548 5920 8012 98 4176 6462 7009 8863 2691 6647 915 1216 2028 3375 3335 3828 9359 9538 1449 6864 8405 2973 6346 4345 3975 6733 5182 3326 3646 1277 5359 7487 8143 83 5777 5324 118 6463 771 3600 1747 5328 6524 5929 6890 8093 5910 3840 3066 4423 1145 5458 1917 9809 4185 6863
75 9607 1249 89 5880 1455 4575 4661 3028 2198 9548 2082 4880 9719 7223 4738 7979 9174 6123 5757 2191 1818 5538 6200 9145 7185 2295 6324 7604 1198 377 9036 7752 957 2670 5534 3309 1726 8280 2694 2392 6459 1040 4597 7028 1403 4983 2944 7834 6955 5112 3049 2840 4614 1645 848 104 5857 1481 2004 7085 8412 1966 556 5229 6249 6460 9038 2706 5165 1698 1505 8367 8361 4475 7026
72 5986 7383 6985 3366 4831 3897 1245 4026 5026 1030 2554 6747 8616 1003 8435 3475 5444 5329 8579 6040 330 3159 3385 5326 8864 3384 9464 9232 292 8940 4788 1894 3063 8249 931 276 9650 3583 2779 1111 3093 9424 9397 1064 535 2595 1258 8866 522 6489 1941 8632 5006 2971 6682 5949 1696 855 6679 4462 789 3133 5551 5492 1118 4584 3399 2949 2966 8522 4090 6618
72 6470 926 3556 6295 6163 3509 7210 4151 570 1836 9674 9035 2707 5696 3664 7936 2000 4059 636 5871 3111 2885 9799 5068 9599 6922 3710 7569 1563 3379 6801 4915 8339 8937 7547 7609 5295 5793 4621 8825 9441 1714 900 7934 5477 6116 7375 1700 680 7410 8199 2558 9088 7935 9787 676 7353 6382 4221 1566 5536 3508 2905 3659 4538 7876 8615 8410 4408 4405 2186 7760
71 1533 9223 3692 9547 5685 4212 3094 6117 1290 9268 4842 9717 3522 6022 8372 7352 4996 7374 1940 6375 2762 2996 9526 4034 345 548 7127 970 8163 3891 6254 2207 8491 8991 4068 2067 9682 3227 7162 899 5255 3055 5859 5932 7885 2031 1131 1867 7284 1470 4259 3344 4750 4604 4344 8799 1469 7872 5320 19 5677 6206 4732 668 870 8650 7344 59 5971 8680 9962
71 7771 2013 2336 2434 5155 2911 7846 9208 8251 6409 9059 977 3850 5978 5749 2074 1757 6914 7346 6297 2077 9770 5893 2709 2594 8962 4645 8456 4473 1703 6882 9854 1023 9490 2879 2228 4318 133 1841 515 2105 9265 907 7657 1195 6434 3541 3347 2363 8347 6288 6062 4067 4049 1622 6973 2994 5561 1652 2703 4739 513 2945 5829 5208 8682 6709 619 2926 9985 1238
71 2650 5439 1541 4820 3012 3821 4225 8029 5833 5265 3065 2 4742 1515 6826 774 2978 2542 3153 8665 63 5679 8733 368 5839 312 2454 2829 1993 2252 8785 7700 3612 4708 2140 9576 3940 9593 7466 9894 384 7324 5236 73 1426 9903 4832 3199 867 2666 9138 3944 382 9119 9150 6387 1735 2796 5590 7226 8537 2651 2897 9353 35 4791 5417 7183 5909 4988 8628
72 9855 7254 8288 8716 4797 8805 5376 4135 7669 5025 4994 9494 3121 5280 7481 9069 6590 2132 4051 5198 1192 5616 4905 9879 4532 9703 6806 1662 3334 7391 4719 8952 3886 600 8728 4269 5360 1197 3100 4378 1914 8676 3511 9637 8465 6808 4955 7451 6227 6889 364 8601 5266 9848 5341 8556 6455 7638 4920 8286 660 2735 3976 4630 7761 7736 4523 1915 1554 6430 161 1250
72 2048 4495 9681 2128 2636 7283 3812 3025 1634 2280 3434 706 335 8542 6144 9338 8003 2766 1081 9301 4862 7815 4966 3818 9777 8611 7419 4419 3395 2489 4327 2029 6536 6835 4083 6723 9557 8027 3127 8187 7566 34 5240 1924 2046 7629 7735 4543 1770 2873 6276 5098 9297 2900 3193 9063 9613 2266 9384 3360 2713 8005 739 3151 9039 8589 2020 4977 6729 7242 4189 809
73 7278 1105 7973 4242 5799 635 2717 5352 2979 6383 8477 8041 9365 4175 3407 7477 4452 4460 9285 962 6090 347 7105 4689 5428 3760 1466 1087 2419 3649 4512 473 5066 7786 3631 9541 2526 5401 5708 6621 6592 6235 3178 7304 1642 5533 9668 1965 5077 9775 6395 9784 8393 1394 5530 7781 4111 8755 8160 6226 5582 9544 2283 8064 7071 5680 482 3402 2234 7971 4458 1992 1143
71 6071 4370 7499 3757 3139 78 8053 6697 8021 9888 8362 9582 6699 284 1434 4716 1888 1681 9373 5463 7396 8132 7388 8627 3720 4853 6515 2822 6355 3145 1773 1203 1639 7580 5801 4218 4440 2001 2887 7605 3734 3548 3980 1930 9642 8081 8092 8437 4112 4747 2395 8316 6145 239 8076 2523 5327 1190 1446 1196 5952 8116 5144 9807 7914 163 9930 6289 3222 4113 4071
71 5034 2405 8590 5598 7911 243 3701 8617 9768 7583 2794 4635 7677 7732 563 5418 4526 2206 7121 4666 1059 8845 8039 6548 2306 5977 9237 131 7828 7977 9043 3647 9084 8578 2018 1070 3527 6349 2265 6104 2052 9349 149 617 901 6702 7382 4572 951 2439 956 1806 978 3648 4184 2300 9015 6193 1849 2524 3256 9394 301 2160 9602 1438 9178 6253 3345 5673 7773
73 5429 4981 6143 7154 7409 8787 7675 6048 8575 9121 9543 1219 2847 9788 1482 4641 3320 624 2242 3001 7141 5288 8511 2127 5136 9837 2725 2998 4167 725 3436 2705 6777 778 9705 6525 7614 2613 8493 6920 3480 2764 3807 9109 4893 2326 6429 7823 7404 1475 5627 2230 395 9774 3651 4464 8621 8001 6740 512 6229 4932 7701 7497 2256 8638 3280 4417 4072 9841 5160 6452 4756
74 4130 7813 2925 1114 6233 5189 3452 7354 1411 9239 2857 8431 2940 359 7963 4213 9845 4906 8500 6012 6735 3130 3632 4566 7886 7542 3721 3254 8670 869 7333 1043 5064 6557 9873 5999 9251 7515 608 1445 2747 1256 4275 6169 768 6837 2328 2848 6624 4247 856 7015 7965 3156 5159 7685 3816 5573 2680 9426 4723 6538 3994 3668 3387 9645 7103 8738 8341 1955 4647 9449 7699 5387
73 2492 2499 7319 9466 7270 990 6704 819 2470 5737 4951 394 2718 5531 2073 4573 4205 458 4515 1159 3073 1743 8032 9278 2963 1621 9066 576 7840 5050 9507 6076 8215 5658 8588 9467 2076 7743 5097 1969 9318 3289 4802 5134 8781 5479 8756 6052 8048 6386 4550 8868 6859 8152 3238 7079 6853 5286 2497 75 2305 62 5828 4968 23 5694 4177 1286 6737 1704 5179 3388 1344
71 3793 6530 1026 1823 7093 5333 2817 7100 7251 2104 447 3857 8798 5643 9690 4255 6597 7586 9631 2604 8906 1972 9828 3634 9618 6421 8054 5087 8896 1425 2621 180 2942 7632 7854 7039 9474 3560 1987 892 7435 5049 6692 1327 9992 4350 9531 322 8581 4319 7204 991 1614 6417 9378 4623 3314 9595 3086 9404 4617 4024 8709 2820 7894 6705 1545 2095 4142 1910 8928
71 8107 175 4426 4529 2324 7974 1073 524 2880 1809 7200 6519 9856 7158 361 9478 8489 9600 8176 8724 9498 7529 2157 328 2710 8487 8384 1101 6471 3124 1653 6369 6039 812 6657 7966 471 5782 3242 3968 82 878 4619 8033 1920 6738 8421 6368 5412 6407 6785 5241 1529 5774 5662 1691 9944 7218 237 6868 9045 372 7665 5727 2953 6768 2428 5257 8354 9630 5656
73 4162 8363 2895 779 3276 206 7130 8943 3041 3491 5438 6300 7011 550 4005 2841 7020 5203 6457 1035 3161 4041 2727 1021 9061 8473 7651 7172 1967 7576 4286 1463 8014 1830 4721 2180 3654 8158 5688 6820 8323 3530 3499 6783 2049 2902 6242 2547 4263 4701 3249 3860 7289 7981 7864 6180 9970 2785 8718 5427 2463 3195 8020 477 5505 2221 3712 5315 1272 9876 8629 8872 3716
73 9040 3190 1312 6972 5497 7953 7235 7538 3917 880 3173 358 4931 8911 8647 1612 4883 8949 189 3311 7 3985 3673 4235 6245 4667 2099 4700 91 9921 2634 3755 7277 8259 7054 6134 1658 791 6112 3075 7189 5704 2247 6542 6475 3930 9488 9437 7364 9721 6721 3775 8774 5987 2369 7598 8019 6957 3858 634 6269 5804 1602 6225 7787 5210 8074 8022 538 7023 3257 2881 9750
73 8100 534 906 5947 7297 2760 4075 2550 3210 3546 8874 7046 136 527 338 5944 9374 7323 4823 8958 8130 6641 9344 8162 9620 505 5106 3453 8381 6586 356 1487 9537 4805 9117 5989 3155 1998 8222 511 1453 9761 4279 5462 2571 3543 577 4173 5578 8235 162 2737 1909 1299 887 9730 5924 1358 7833 8264 1325 9185 3536 4826 868 7496 2356 4260 8641 8067 5059 9392 4618
71 7258 7068 7066 5455 7203 2715 1775 7775 2969 7656 3119 1028 1193 1606 5409 6494 1851 3677 6841 9924 6811 4009 5082 9393 7507 9532 8042 4859 7782 8200 2441 2518 5230 9216 3918 313 4520 6759 9058 9661 9575 1801 5879 5527 6895 7890 7512 8378 190 2830 8481 8746 2051 4561 9029 4369 2792 6523 1844 1783 2938 4777 5575 776 4010 1046 8572 1431 8790 1628 6211
72 975 5502 574 1183 4271 2478 8102 6142 8293 4466 9115 9 798 4679 2412 8343 2845 6567 9614 6092 8096 1676 2904 3342 5741 3616 8059 7796 6285 9993 9669 6724 65 2162 7960 47 9685 1311 4608 8212 6559 8702 4334 6510 9030 7339 4062 1051 3935 6921 150 2286 69 3211 411 5371 4250 3919 3614 5894 486 7464 9163 6573 2401 3952 6874 3941 5900 8917 9197 5446
73 5798 1117 4376 280 7224 2070 7706 2585 3714 3404 2003 2411 2253 9693 210 269 5357 2933 8294 9450 895 5233 6775 847 5298 2433 7199 667 4282 8146 7928 6213 2285 6664 6043 1586 9673 5522 9153 5824 8221 6482 5287 4140 8577 1723 6628 8038 8314 6907 1187 8030 8098 4201 2152 8295 8971 3889 3233 9820 2961 1756 2269 4160 8155 4537 2512 3507 7322 2660 5349 6812 2609
73 3545 7725 5472 5442 8174 7030 1392 9071 8536 3021 6151 167 1304 874 694 3082 9517 6234 9246 1214 7368 7108 842 7961 7116 5414 2509 9370 4273 9528 5629 9018 6031 8862 886 4937 1975 9139 3878 7149 1784 9054 2059 4428 61 3768 8359 4453 8448 8924 403 7883 9760 8350 9893 2259 5251 5340 191 5669 5485 7853 1986 5838 8478 4052 5813 7336 1420 4409 6472 2270 9522
72 7830 6751 5633 4442 7617 3224 732 2974 9032 7498 743 8936 3722 7924 2345 44 434 8804 4986 5789 8550 5630 1366 143 3163 9484 8250 6183 6135 3669 6310 8794 5738 5388 2540 4098 759 222 6936 432 8806 6432 3883 4028 1835 2886 3798 282 770 8125 8402 2591 5075 691 8503 9640 7268 7488 2055 4662 7240 405 8194 955 1901 8401 4874 110 2282 1853 1450 5278
72 7135 6436 9269 6378 467 5568 4714 9519 2649 9380 5223 8010 4602 9050 7893 8460 6720 6060 3758 4970 4964 2803 3904 8570 1354 6595 1692 5883 981 5046 9594 9211 1473 5733 5142 9849 3993 5729 8228 647 4315 8284 3564 2758 4767 6581 2172 2837 4395 5908 5547 8855 6599 2806 106 3106 7998 6314 478 8659 3962 3796 884 4843 889 7255 9999 3301 716 7348 9603 5624
73 9004 940 4731 7148 303 1125 8526 8232 5103 575 1291 6814 4876 9706 7129 2870 3415 2639 5736 1022 4403 5973 5820 2611 6187 7025 7933 1664 2008 7247 5310 6465 9141 3974 881 290 4390 1317 5145 6877 4474 3660 703 3907 918 2360 4576 1244 3080 4236 4769 9332 927 5939 7941 6041 9699 7723 6734 1761 8634 4888 1985 8945 4421 8645 2147 2629 8090 6497 1660 4546 6257
70 1954 4656 2176 1460 4258 5244 1342 8075 6294 1447 443 6290 6181 2244 2774 2761 4687 8559 8135 7453 914 4063 6900 316 4216 3251 661 4079 4268 2249 8015 3045 5942 6689 1512 5868 9878 9596 5588 9764 2121 1123 1860 1451 5901 3015 3521 9859 1893 5519 9273 2628 1467 9700 4658 5542 3864 4231 6773 969 1667 6728 6136 2601 9456 4506 5196 6529 9816 4748
73 630 6719 6057 3869 421 8366 6865 7952 4274 2308 7574 468 6804 6244 9186 7462 1355 1608 114 5933 8832 2491 3565 484 1112 3117 7879 8513 2749 4267 3333 9586 9726 2372 1493 542 4032 5574 8668 3997 7646 9468 4031 3900 6867 105 6807 7988 1848 5762 9898 9031 7956 1618 8140 7112 655 6327 4131 9077 4724 7429 9695 416 6023 9187 4416 2860 7098 2482 4420 2475 5797
72 9189 346 6893 9954 9460 8922 8287 4919 7873 9203 6426 422 1934 4262 2272 4209 9094 1798 9739 521 7785 2659 5617 6950 9558 6845 4640 1705 6208 5655 800 2315 3715 713 9606 2616 7776 6464 3506 2976 8592 1095 682 4157 2875 1912 1996 1352 7049 7570 2268 8344 7968 7472 836 1923 465 7190 8231 8677 1808 9114 1669 4450 4557 9945 7350 9608 5007 254 4804 1264
75 4733 8234 7747 6402 2824 6035 923 1521 8507 6897 1156 2277 4076 3386 5599 5261 2771 4713 3034 9716 4698 6293 6364 7613 7298 1876 5330 9083 7142 5803 9214 821 6352 1898 8008 925 7096 172 1472 5392 8646 7444 6461 8913 8663 5152 4501 3189 6474 5234 671 1477 8594 8926 9857 1531 9010 2791 734 9499 4712 8322 2681 1382 1786 1488 5435 157 6086 4886 6484 1001 9934 6495 2521
73 6644 3183 1147 1435 3062 4381 5132 6373 9033 1404 194 8419 3003 8978 1829 1231 9622 9923 7010 2453 7379 9170 3426 3686 758 8002 8944 7816 7801 213 4812 7993 1500 3959 5109 1603 2275 5934 2219 5518 6528 8494 9428 4553 4388 5852 6302 3398 464 7603 9101 6132 1130 7475 3016 569 5279 8919 1767 6917 554 8262 9810 9961 4025 9263 966 7470 688 295 7029 9904 616
73 7479 423 6167 9686 8403 5628 5353 5607 4375 5135 6263 6923 1199 4705 3744 891 2402 6009 120 4455 4301 7239 9585 8097 5496 6607 6776 8965 7793 7751 3749 6298 7670 6194 1565 8780 371 1044 4574 7695 9062 500 3027 4600 1929 794 9821 549 7021 8527 3185 5532 4036 6265 7889 920 1952 1007 4556 4989 4114 3101 8672 9302 7150 5529 5302 638 533 871 1138 6741 3481
75 9829 1610 9407 165 2741 6813 5000 4637 9887 8274 3017 5499 4858 8205 8710 5681 1537 3051 5078 838 9511 3688 3774 5970 4985 6013 6766 466 5698 9941 6880 4169 244 1964 6715 3076 9752 7560 568 6959 6516 7456 1673 9581 6928 7047 147 958 2610 5004 3655 9953 4204 340 5584 5825 7863 9772 6604 9006 8878 6246 4528 5171 497 3670 8311 5553 7483 4302 5277 7514 2793 3120 3376
72 4818 1381 6365 4298 3884 7051 9213 7827 8171 4514 9001 1810 6787 894 6058 130 1377 3852 3221 2161 8329 5044 2752 6453 681 7913 5184 6467 2798 8161 5570 3298 4627 5493 9025 8811 5595 1072 5903 8433 5546 8255 2466 5038 3207 7826 1895 2483 6711 7532 5405 8810 2366 3438 2062 8929 5635 6948 6008 7730 6308 7074 5118 8050 6956 2560 4720 5953 876 9388 2869 2736
74 9068 1091 6186 3727 4585 1583 9064 6406 4200 8867 299 5403 5773 5104 992 4568 6214 854 363 5621 4115 4995 7764 9363 1133 4704 8897 55 1831 3052 170 11 5667 1536 8127 5636 1789 176 7922 5465 1476 8144 9647 8749 3691 5979 3018 9089 3579 684 7118 7575 7086 1746 7467 5512 5394 8177 2826 5884 9057 4519 6908 3330 2921 2711 7095 5948 8904 8103 8141 2642 6348 6613
75 232 1010 4424 1629 8266 8844 3562 2199 4360 5960 8988 9281 4045 8983 4588 5739 9184 8463 1632 5185 107 2708 6113 3187 9997 9852 7847 5936 8360 4524 6646 3188 3262 1339 7195 3403 2367 6799 698 523 896 5402 5997 2656 5259 6961 455 2956 1670 8743 4123 4125 4257 3516 9946 4223 9085 7343 6661 8216 5746 1415 9154 6272 7033 6053 496 7485 3820 4882 8296 9554 5423 1646 1041
74 85 5650 5399 7165 2296 7762 7899 2811 3849 4871 4577 6727 6392 7138 5748 1284 5337 504 6357 436 7220 7308 1511 308 979 976 7261 8101 2164 5626 4707 8438 5648 4927 9933 525 7921 633 2390 9628 4146 592 8990 1309 9912 4541 4311 6765 8894 102 1528 5484 7198 1387 3943 2545 7720 1332 5898 7923 582 943 628 1275 8398 7645 3693 9733 1257 7942 4493 9847 9651 5796
72 5003 2386 2578 651 4502 9135 7844 4909 4398 7779 6579 9461 2477 7579 7763 4351 5580 1478 6454 5945 50 4770 5585 5175 8869 357 4828 2676 1948 4795 8214 1877 7157 6334 5768 7176 3841 3657 7420 3552 5363 8445 8202 3698 8969 2060 2135 412 659 7128 7599 7842 3014 7707 1136 8326 6448 5862 3756 5396 6855 9462 5150 1124 7563 7593 8557 5732 5604 7590 1128 1760
70 6630 4017 261 6398 3203 6931 1076 1372 6316 3585 960 8802 5745 5344 3469 3887 6797 247 1981 6667 8669 2970 1861 4227 2435 8084 4856 9646 2131 8967 2303 8717 3602 4890 3589 2541 3332 3447 561 9626 6223 3514 4498 9160 669 7006 5930 38 3628 1385 8371 3627 2825 4897 8207 46 2330 9644 1988 111 1716 3235 5019 7280 4436 2112 5843 5450 3989 3282
71 1461 9967 9663 9978 9636 1625 2133 1422 8180 2576 7055 2959 4972 41 7186 4603 3377 1568 3694 367 2165 8833 5992 2777 7592 2343 5069 2468 9052 6860 4758 2377 9712 8475 9289 3474 7109 6876 7697 4959 6166 5151 1074 8907 844 7556 6588 4690 8801 1045 2151 7332 2158 773 6270 2329 2856 1241 6217 7428 9824 171 1405 3085 728 1562 6634 4488 4061 6690 9492
72 9155 7715 67 4672 9322 8599 3533 640 4799 8298 339 8720 6010 4457 366 2556 3098 5231 7708 4015 3645 6094 1943 8201 489 3253 3396 3023 4613 7249 1177 15 3134 2951 6708 6164 8596 488 1262 709 6410 2292 2167 4101 4873 7618 6716 1682 8737 9938 2506 5264 4774 2704 2606 2496 1687 5334 1776 3934 8248 4304 6061 5021 9481 5093 252 5769 8994 1751 2657 9048
72 631 539 7389 4198 9996 1590 2456 1759 7244 7197 9808 8218 1319 5247 3895 1139 1315 8726 6033 2064 424 9173 8752 7931 138 1483 5549 4620 3963 5227 6188 9429 5902 5637 3684 9779 8080 8348 2948 5940 5094 7994 4443 4664 8123 265 5581 2739 2203 7455 3817 3209 7818 4164 9402 9122 1071 7144 7548 1306 6666 1058 374 9605 7881 5374 9245 1552 6941 1596 6505 2195
73 8011 3787 9000 6371 5426 3830 9741 3534 7624 9391 1601 413 8374 1555 1516 293 1279 4934 5079 764 5125 3743 997 7099 959 9102 6817 9108 3429 8829 7855 9793 6916 7672 8169 253 6098 1919 1796 6995 9563 4391 4159 5311 6338 6736 3260 3000 2204 7387 1200 9056 2742 769 1693 5105 3568 9889 4793 1951 7286 8474 1436 2991 4857 4138 137 3056 3986 1728 1220 8358 7421
70 4194 4476 1794 7727 5192 8934 814 1393 6496 116 5157 435 1396 9205 6077 3264 9096 714 1222 1479 5469 7236 4033 5491 32 7687 3842 9345 1945 6281 3146 7716 9679 7749 9922 9625 5092 8960 5318 5163 8415 4867 5631 7041 5770 9925 3736 8432 1974 573 4293 4751 840 2118 5517 5029 6911 5767 9710 5398 4281 7799 8750 1223 9171 8735 4137 2388 2698 3279
71 5207 3164 4930 1345 4299 4928 2333 4118 6796 8043 7083 2854 6861 2194 3437 6656 9448 625 9667 2784 3176 1066 2530 4335 8247 9095 3201 5114 3855 4058 7581 9973 3604 6259 8729 4511 678 7013 3991 4869 5127 3202 6674 9745 3206 6469 1989 2243 946 5904 7233 2890 6918 7208 1194 8657 9331 2640 9118 807 4246 8758 350 4187 2316 4601 2299 7113 5895 200 8807
