95 6897 2031 7177 733 5031 6693 2956 3766 9668 6258 5101 1625 2456 6605 3571 2040 9827 8313 2491 479 8583 1517 6156 7490 3648 8713 8978 7361 3747 9753 5691 5450 5927 7946 2962 3360 8218 1872 3670 7088 7313 4297 925 3687 4921 1206 4701 8194 29 5613 4157 5197 1546 2448 7791 4829 7283 8021 9161 4716 2950 4964 5950 1617 1040 7001 2590 4291 1101 6742 3039 79 1189 6695 3568 7092 928 6666 2770 6921 3469 2018 7372 8865 7602 9243 634 5149 9812 5727 6777 1856 7723 9414 2662
92 328 2631 7644 2972 5296 3374 2157 8174 1809 5666 1520 3567 6058 2246 9134 2826 1774 6036 3829 1994 5638 6398 9852 8149 3629 6671 8120 3671 5156 2912 2547 9871 7130 9709 9275 488 5333 3230 2968 3743 5429 2520 6474 7271 5942 5794 6320 3094 5340 2726 614 8000 1391 6567 9752 1694 6127 9247 4409 6073 3689 5409 1152 42 966 7518 2746 321 8173 81 4207 1079 1811 9397 6821 4781 4855 8582 2059 1989 1305 273 2413 7053 8131 3000 9001 7833 3145 6651 3188 2488
95 2889 7290 3370 1377 9098 8432 3589 4696 9863 1721 5064 3967 7488 1467 5844 991 2920 1754 2053 8660 3535 5311 4894 6173 3510 7729 1324 626 7039 382 5081 2201 9408 1369 7455 2880 3303 4170 486 6275 1012 1953 3615 1341 763 1068 4235 3643 5279 8816 7494 6926 3611 9927 7812 9519 927 7617 1136 2269 2006 8968 3053 2290 2660 1728 292 1456 2146 8340 4626 6029 3691 5726 8162 6263 4675 221 980 8157 1258 3273 3108 3334 7976 4653 363 2810 8420 5916 7005 7916 3318 158 4547
93 98 1930 929 6158 2750 3934 3480 8497 9064 6985 545 7956 8096 2263 8800 399 7810 1173 284 7589 1119 3392 3421 9504 857 1298 6580 6992 627 7427 7407 8483 6801 5290 5591 2236 59 2618 978 6272 315 3414 2163 4502 9267 2188 9385 4295 3101 4302 5796 5908 1070 5573 6395 4891 4772 1981 898 3592 1191 1667 6803 9328 9658 7783 4603 9276 9906 5 4022 103 8999 5407 8209 8296 5546 947 7237 8735 601 7885 7604 5678 4372 7217 8826 6509 5859 2388 3298 7064 1710
91 9208 385 4831 7653 4574 2082 7865 8739 9314 46 5672 132 2308 5765 5266 2195 182 4266 805 808 2955 9776 3281 1157 8829 9944 8193 5763 5088 2845 2223 4269 5532 2990 8928 4882 6864 8632 8262 4903 361 459 521 1436 2361 3104 1254 9198 7561 6243 7934 2654 1267 5609 4907 9544 458 485 2289 2516 8061 687 9874 1239 1658 3803 8535 2076 5586 1204 3395 2203 6766 5208 8773 8272 2218 1346 6307 303 7338 4129 1857 5971 137 2106 9798 7613 1226 8562 773
93 9997 3151 4408 884 7293 7702 1356 4524 2987 7411 4296 4258 3162 571 4965 7992 2342 6935 983 2370 5038 5502 3503 6442 2919 9730 4168 7526 4084 4768 3856 5824 7284 9533 5069 39 2293 9467 4549 782 7947 3120 2415 5256 8545 7603 8845 152 253 7019 8216 2831 8402 3569 9136 2301 4000 5465 9543 6905 9333 9057 3346 9416 8811 3193 8971 4278 5667 2918 9446 2939 7072 8232 8210 683 6386 7690 7971 6276 5804 8196 6780 822 1756 2632 53 2692 37 9020 3241 8625 3790
92 9023 9439 6735 3084 6602 1909 3981 9494 7183 4561 5883 6010 7266 1159 4722 3 6290 148 982 2402 1265 5117 4043 5174 6814 6167 320 7080 1554 531 6617 5425 9961 3173 4908 1075 4070 7760 8891 3925 2080 3146 6837 8813 3984 74 6774 6840 9643 899 7200 4210 3780 3869 5926 4707 9029 6161 4864 8837 3353 2431 4138 8404 6332 3344 3728 4856 1368 3479 5510 4923 530 7238 4328 5777 1316 9162 716 2198 8561 6965 9832 7957 1295 3416 2241 5432 2387 1364 497 9026
96 5136 6433 2678 607 603 9351 8653 364 7002 4543 8560 7009 434 3396 1553 1773 3507 8145 3451 3465 9455 2747 7821 4501 4311 8908 6419 4763 7987 5738 3992 2997 6211 2194 5202 9028 1186 2528 4585 2447 9230 6208 9609 5249 7730 1942 7894 7276 6148 1619 9379 6328 9781 7907 799 9304 4017 120 2110 2591 1268 6963 3578 2802 5162 5698 9222 1335 1332 9592 6860 4833 3378 3027 3196 1345 3236 8273 7381 5831 4749 4924 1323 5327 3755 5511 7831 5008 9524 8513 3045 5688 2523 1425 1847 5224
99 9358 7594 8748 7777 3637 6499 1282 7351 8518 4315 3054 9420 6379 4025 1638 3492 2191 4150 7157 582 4251 962 9225 8963 6460 9047 8585 3136 777 134 8043 7864 6230 8524 1897 8960 3655 1950 9675 5439 1530 3237 3393 6681 2028 7334 3123 63 2524 7438 6225 4126 2891 2248 1207 5323 6430 4982 4553 8895 5274 1082 3038 9063 7737 8412 3886 2574 3948 5730 5083 2753 2277 2259 5161 5240 4554 3565 1405 2117 9159 8807 9193 7530 4284 1437 8689 6701 9989 8900 6750 4719 1485 3865 6376 2823 624 8055 6843
87 3203 8831 9422 5369 5462 9126 4039 7277 7910 9684 5193 3556 3895 5294 7100 146 2848 9434 2816 8356 1941 9043 8939 1363 2641 7233 1366 193 1121 3019 413 4198 3826 5693 5840 968 5338 15 2805 6914 2610 3909 5004 7804 9131 3942 7156 9169 127 4687 7483 352 2285 50 6944 7878 401 4641 4895 6522 7329 5961 7706 9362 9564 2929 7454 5336 3037 7925 4194 9318 3228 3631 2655 3930 9466 11 6297 4529 7165 7060 8784 3771 2948 9783 9421
100 1919 2931 6743 7412 6231 5779 4567 9484 8887 8771 6882 4387 71 5354 1193 5539 2037 1771 7109 4998 6936 2409 5951 1675 1446 3759 4521 941 9495 4244 1220 3858 976 3593 4917 3351 9118 3367 9239 1032 8295 6667 4473 6521 7874 2999 9587 1387 3033 8002 124 658 2019 8839 8636 7651 2549 1812 8202 3727 3515 205 9811 3911 3789 8789 258 529 7714 4083 3600 7818 7207 1629 765 4224 3767 8301 8791 5148 6040 1615 2853 2852 1679 1672 9148 6470 7813 8025 9889 7997 5284 4454 5433 3712 8069 5891 3382 372
100 6577 1355 185 9672 8462 4402 2101 52 5995 2013 9508 9061 4193 9415 8673 1472 853 1342 2375 2067 5651 3960 8841 3538 469 1963 9139 7721 4866 5706 2953 2016 6397 4538 5411 1980 5049 8437 705 3778 8155 3931 6350 3144 9451 7111 7330 1524 1598 5790 1782 200 9838 8036 4116 4120 5687 4072 1804 5695 5349 3135 4264 3541 4693 5673 4841 3184 7380 6748 248 4936 1831 5775 2097 7698 9853 2612 1571 9069 9546 956 1269 4432 9438 4220 6923 218 564 2682 155 7741 1509 1007 3519 3240 6264 5595 2834 6504
94 3700 3976 3850 2128 1035 9698 4738 6764 4794 3608 94 1190 2156 6592 3877 2196 237 4491 2661 41 8700 88 1978 5211 2276 8349 9549 4395 8160 6327 5187 4480 1860 7188 1106 2039 7732 5946 3128 9459 1139 5622 6993 6786 517 3099 9348 7463 4189 8918 7142 4896 2815 9565 7477 6168 7401 215 1973 7048 7443 5895 3177 8204 9112 7686 4276 6817 668 3432 6672 6847 2338 9334 9122 4303 7919 5104 9655 9967 1300 9995 6904 8197 5928 3879 641 7935 7763 9153 2032 2094 5120 1330
90 7649 3844 4953 7846 2894 6269 6313 6514 4253 3490 1125 706 9855 9657 2551 1607 8778 2861 4225 4004 6582 8608 1850 9750 455 425 5571 7065 834 7673 7974 5818 7898 6445 9258 8207 7134 3079 7025 6708 3064 8866 6251 4354 2346 8371 9017 187 6978 4850 2652 7371 2036 4012 6447 8509 9778 6559 2752 2129 256 7377 8919 2597 4110 5525 86 7896 1631 7208 5010 9590 9078 1172 164 7076 9228 6047 9623 873 1622 3905 403 3938 7297 2066 8666 6955 2716 1581
89 4862 2237 6031 5243 2439 62 3717 9645 7236 9692 5575 4317 493 8916 8530 7356 8550 7342 4887 9366 1124 1603 7773 9922 8048 7067 9101 5152 8967 1123 1433 9242 6402 3290 1613 4941 6574 6852 95 7672 8433 3805 9963 9040 8261 6393 6012 7281 1659 778 4422 6731 3222 8317 1490 5003 2127 342 1862 3933 9741 1882 3130 8283 2712 1510 293 9614 6727 8938 8144 4131 8610 2009 989 4340 4849 2278 8111 9373 1290 4451 5905 9894 1471 7252 8745 3682 3716
97 4665 2228 2310 9952 3890 8234 3425 8095 4968 3870 2595 9482 6236 3075 5579 3550 2355 3462 1751 6180 1863 9430 2583 8548 7169 1150 8255 6984 4695 4188 1401 7058 4950 3586 5924 4578 1077 8802 6643 7585 4285 1483 1945 8454 2609 7998 7596 2832 7816 1225 3652 1166 2862 7486 7384 9079 4073 3389 1612 9646 3499 9985 7808 6444 9583 447 8793 837 4826 4167 4019 4020 789 6556 242 2927 4634 5267 3180 4186 6934 1311 4812 9146 8374 1396 9582 6061 7565 4748 9631 4123 6235 6536 5405 5169 6947
97 6996 1852 7199 6311 8253 418 816 3213 5111 950 1441 1669 5534 8817 7820 7402 5507 2226 5855 4386 6473 7986 5611 2607 3838 4255 3965 5566 1245 745 30 3741 3018 3253 629 4051 1229 8929 1858 4632 2785 1163 9298 6289 5599 5005 5871 2964 8195 9499 1805 6546 9650 7502 3338 8763 6153 9576 8200 3331 5011 5713 1864 1424 1829 6954 1648 4135 49 9772 3406 2946 7424 7966 5776 195 6050 7292 7373 5373 9340 3189 8320 7275 1529 5901 1090 3889 542 4032 8821 4743 2628 4306 114 5972 6032
87 4883 2742 9299 2778 6776 7847 9030 7549 6744 9745 2588 7098 9920 7759 6429 4700 5503 4353 3563 171 6390 7612 3125 9264 1339 9641 8521 9599 7227 9771 111 4498 5073 6252 2411 2051 5451 6512 2553 216 6385 2613 2193 6689 8076 784 9464 299 2074 5780 5062 9551 9836 9051 1195 5345 3867 6937 9187 5512 7264 2885 4005 2811 3134 7391 6782 550 366 5948 7601 616 7769 5382 307 8500 3758 3816 5717 2702 759 5820 6980 3317 2705 2685 9935
88 246 6888 4358 8370 2267 3363 2593 6646 1750 4481 1504 3089 310 4672 6151 3638 9361 6179 8687 3109 8556 6677 1402 9387 2707 3437 5261 8161 7278 2002 9217 8485 9713 3183 5145 2910 3077 6366 5527 2774 4677 7829 6503 3650 5894 3688 7882 313 6855 3878 4294 8726 4758 1379 4602 8553 1822 8737 5608 6623 8528 6034 851 8201 263 1205 5754 6534 2819 1855 269 33 7639 4658 8271 7851 2833 9399 7521 3769 4201 2535 3031 7599 4471 8186 4067 2095
91 4806 780 9152 5864 5292 5702 4308 3703 732 3214 9862 7806 5847 176 1029 9353 4580 4035 8035 4316 2247 1309 4212 1062 6469 9036 9898 2166 1117 3435 7629 2084 7574 8947 8740 9768 3041 2687 4211 3131 6629 1724 8490 1555 3426 5485 572 463 3698 1440 371 9936 7311 6249 7101 7473 3268 561 6291 7765 9496 1128 2234 3641 5365 5171 1327 9591 7417 5740 5159 5196 5652 7155 2796 3458 8747 2072 9207 9777 3607 7230 4497 8616 5179 2041 8615 6753 87 6870 7312
86 1781 5103 5681 5806 7082 5747 468 4762 446 3540 2336 6432 2704 2025 3881 7306 8346 8419 917 1523 4731 4803 8566 932 9786 1411 8353 5217 7322 5250 9848 9622 7215 3417 4733 5007 4075 9413 1786 1767 7904 8788 5869 201 7051 4456 4058 921 6383 1966 8306 6253 2490 4121 6851 9716 8477 2021 5251 6627 6802 1015 2305 6232 3733 2113 9006 2984 8041 3229 2598 2911 7912 5335 7963 9686 2359 9009 4028 7850 8944 9720 5933 3831 2406 3251
98 3379 4228 6166 1018 7408 1354 2371 820 6227 2663 3138 9687 1477 9410 6425 9642 4991 8009 897 1009 6203 2625 7964 4448 6661 5892 7920 9598 7021 7871 3929 4053 8733 2525 35 7837 5474 1382 1135 4144 7171 2382 1110 3882 9301 6613 5647 4472 7671 4579 6357 3672 5381 8692 3658 2183 750 7368 4775 3155 1443 6059 9396 2108 391 725 7683 4559 8395 1893 82 1840 7685 8418 1685 5626 8143 8924 954 8849 4593 249 5066 5593 2688 2029 7452 8282 9055 4955 933 1153 6820 8461 8644 8449 2775 8932
90 5959 1869 7796 8975 106 8129 3349 1788 3139 2629 5036 1156 5458 6315 8880 174 6967 535 7778 4351 1198 6400 5590 2683 8163 1447 2992 6113 2173 3463 3082 7605 6768 9371 4851 9107 159 362 6557 2696 7388 2855 2942 7776 5157 6775 1563 395 6610 1895 6438 406 5619 1197 6578 2343 3057 1997 9141 5880 8075 794 2693 4930 3555 7642 1548 7037 166 7261 6215 9602 3115 1848 6329 4356 7815 1108 2279 3854 6475 4280 8635 1188 9432 6976 5848 1777 5639 5334
100 8102 2865 3133 4888 9801 3598 7441 3958 6771 9821 2821 6115 4367 4624 277 3292 4068 1690 5956 3957 6644 5523 9806 5483 4765 7811 909 2818 1014 8393 2202 560 6951 7523 8734 7210 800 8308 9747 4939 584 2863 6942 3495 5310 6155 735 1913 7256 9053 345 8507 3978 6830 6594 9697 8020 4644 451 4560 6960 7047 9073 1841 4233 4557 4584 4429 5887 1118 3446 5374 6268 7079 5788 9864 5838 4599 9766 6280 5875 1579 179 4546 9164 190 9978 6988 2604 8403 2405 1331 2580 563 775 5018 7580 2341 1168 8640
91 6074 2563 9987 4166 2404 4094 9440 3119 5326 5684 6480 1484 5356 9367 6924 4492 2812 8135 8985 1972 8951 1496 8795 8776 2866 9578 6950 1023 2924 2706 3124 9994 8250 417 3664 2680 5304 105 2592 7495 9785 5516 4718 9676 5799 9951 3801 6021 2092 7908 9154 3225 84 8570 5583 8375 2836 8136 6089 7097 9890 653 9845 5606 3440 6595 9829 6244 8460 7247 1464 7825 503 172 7553 676 276 2467 632 4983 2360 9660 1047 5461 911 693 8369 5124 8090 1898 2376
94 7303 7326 9336 3525 9121 1086 480 2877 6527 9746 5603 8514 4860 8109 1051 2396 6785 5264 57 7085 8744 5463 3935 2579 6125 4811 835 7546 6758 5899 5784 4010 339 9970 3840 4618 8278 8588 3764 305 9722 3255 3866 5353 272 755 5456 8869 3340 2771 2554 4736 860 2636 8359 332 7394 6134 7447 5932 170 4787 5147 8274 7418 3876 7375 6892 723 1635 696 4059 8955 7554 2090 9634 2513 4046 5236 8659 4024 3078 1890 9250 9878 6909 5199 8852 386 986 4591 602 1498 9349
97 4417 4747 3669 8399 7214 5230 6958 9816 1325 7803 3487 9123 5509 5762 8992 9262 9974 6165 1958 1627 4421 7274 9423 1256 3289 5123 4674 1423 3261 1459 3636 4444 4275 900 3354 3114 5781 9603 8786 4802 7744 4726 204 3951 5019 5983 3614 7577 3368 3015 1301 886 7648 8952 1093 1768 2758 5424 2789 9506 2898 5242 421 4649 3301 9532 7952 4380 4977 4528 2690 4640 7905 2963 8339 9792 7228 6552 9083 938 4562 9058 2455 6865 3003 7509 942 554 4029 2500 6002 6486 7868 9537 3323 9145 2229
94 9305 9173 3270 7621 5723 3977 7969 6265 1881 2814 5835 3332 1543 2731 7379 8430 7138 8491 8798 6517 6846 8613 9240 2118 7027 4647 7667 1885 8719 6631 2233 3617 4111 3179 649 824 2578 4265 6088 4310 6468 8542 3548 3052 3783 9870 2296 3704 25 6787 8097 8867 3377 5268 4989 5624 8523 1641 7926 1185 7367 7173 2088 4951 7528 4819 6800 3804 4784 3157 1718 90 9478 9302 4018 5774 3217 5752 7693 66 1552 2552 749 6104 612 8703 5819 1385 3791 4685 4171 3070 5027 6970
87 2119 7143 4361 8006 9204 5789 7953 274 8818 3293 197 6493 4455 306 5987 2165 6636 9807 3025 4960 6639 8682 3524 8236 1700 4517 7771 2313 8455 6728 3906 7968 681 1304 4981 7135 4281 1732 334 4078 667 3760 7012 5919 7715 9968 6361 5348 4148 3657 2585 4342 4621 3782 9271 1240 589 6355 6009 8656 7633 2795 4514 4221 7532 1823 9729 2851 2142 2265 323 4780 547 5415 6502 384 505 5904 466 5342 7542 3940 4331 7234 3677 3009 818
97 3832 142 6214 3713 6335 1957 5422 1616 5703 586 7799 5937 2601 6796 781 5254 4484 319 4698 8335 9521 5809 8039 2503 5388 4268 764 4209 2893 2809 5438 7203 2287 539 1099 4153 4474 394 3888 3191 3962 2589 254 6591 2937 8603 4857 5386 6587 2966 7491 3678 7131 9197 2659 287 5538 7660 5554 5902 7081 1544 9489 27 9847 8759 8983 4376 1730 1201 2869 6483 1127 116 1866 4987 9830 3828 3143 3740 7611 2925 3730 2600 5361 3674 6360 4958 45 8290 964 7516 9393 2454 3554 6049 5301
100 1748 1985 5417 2322 7416 8231 1241 5930 4681 4003 908 2007 117 930 4370 3121 157 2145 7327 5621 1182 8147 8038 6017 4309 7362 5742 8390 2844 3690 9297 8165 1141 8198 7120 5656 8605 8842 9281 9748 7414 7872 8303 4352 9411 5435 7915 7046 8058 9844 2008 1908 8522 7590 9888 9824 3410 1406 5390 8492 2122 5470 6351 3265 7 1706 2423 9313 3814 5213 7903 9617 4249 6197 8012 6749 2983 3257 751 6648 6857 4535 2436 5393 7697 8421 5012 7087 6247 4396 93 4457 7091 4290 906 8910 5221 4234 9037 4379
94 2144 8835 7302 2266 7435 12 2958 3788 6322 4230 669 8342 1549 5464 988 3697 9374 8486 5140 2060 7954 8334 6337 6207 6477 1213 5214 2136 2973 4495 6436 2529 8467 8488 9819 3304 4172 3837 8117 6041 1255 6102 4257 3036 1176 7754 4056 3815 9042 9068 1620 8529 3197 6799 8758 145 6769 9066 4133 7429 9918 1251 6185 8062 8237 3150 6479 8336 5567 3757 2030 7344 4683 369 863 9972 5448 8953 1753 2721 7949 5535 2033 9289 2669 8321 2754 2434 6090 1514 4109 9825 3501 8933
99 8211 4879 6553 7770 8242 4633 4079 4332 9710 4657 4488 8690 7023 2381 734 9677 28 8415 9488 9194 1742 5682 58 8516 5786 1060 5517 7154 2449 9062 8345 5478 4692 4394 5280 3048 9021 2711 1595 9424 8620 32 153 6655 9869 6816 491 6190 8088 8946 9930 4600 6850 2272 8104 4140 5578 129 8915 10 6918 5588 9014 8935 4906 2244 4146 2260 7042 9335 7265 5033 8994 958 7224 4336 3528 2947 5207 9833 3920 1144 8170 4142 4810 3561 9401 6819 3090 1682 2295 3806 6717 6377 6543 1069 220 8708 3126
89 1237 8133 3165 6583 5936 3922 7436 1927 6218 3297 1920 8362 2637 4531 9300 5628 6130 6452 1513 9947 8354 5500 281 180 8387 2367 6137 6813 7174 6273 2794 5163 6118 7066 2208 659 2306 2120 2299 8859 4690 7643 8907 7582 492 6154 4182 5320 5998 1696 2232 8833 5359 513 4900 2231 8286 6767 3419 2936 1562 8175 8388 7006 9010 920 373 6797 1992 3818 9249 8860 3802 5645 4197 694 5986 4191 8360 1273 8661 4420 8083 3699 2635 5402 5714 4670 3574
90 915 3599 8410 1274 2270 719 8581 4469 392 7659 6124 3722 6022 4179 9765 2859 5607 5826 454 4319 5600 3572 1794 2679 5278 6793 9914 346 8138 9004 3928 3364 1148 223 1303 3466 4792 9067 6039 6899 7786 7623 5521 7421 3481 8280 8265 8241 9238 1939 4767 8429 9185 167 8338 3634 9428 2720 3622 5807 7063 9843 407 0 654 8695 288 9295 9663 9910 7167 9841 8587 9441 1693 3543 3517 4286 3271 7059 5890 1041 4526 2364 6024 5830 577 2772 1432 1333
98 5852 7296 6872 1762 7034 5479 3278 8506 585 4785 4259 7826 6898 1775 5563 3325 2421 5941 7044 7888 8191 9743 7364 3358 118 7160 1143 8372 8927 1302 1772 2569 6615 3242 4390 2561 3779 8244 6101 9497 3887 8563 2699 2934 8166 3181 3021 5981 5999 2766 9954 9896 7933 3974 9902 5418 6838 8531 3231 9647 3945 3288 9868 717 2714 5915 4398 7701 2390 347 9327 9244 8168 7498 9465 8920 1181 5701 1388 7636 7122 6979 6308 2363 6956 4845 7206 7843 7940 1439 3448 7764 1765 8984 3719 744 9850 9093
99 2485 1969 6363 1161 3580 3952 5508 6139 3209 3663 4870 8116 1825 7325 6296 524 6867 4392 9842 311 7960 1915 3526 2152 888 6719 7501 2471 6660 5977 8140 312 6003 4384 5054 2438 9293 9873 9167 5839 6299 961 9501 2749 4522 6912 3299 5729 415 5802 5421 224 8755 4260 7990 2941 7835 1861 598 5263 7324 8203 5430 3259 5269 7890 1292 5183 4712 4293 1653 854 543 7704 881 1741 8154 3799 8501 3461 7513 9492 2332 4605 9734 7389 9822 6734 5150 3777 6635 2044 9147 844 788 3087 3851 8672 414
90 4523 6462 9689 4919 5275 6675 4608 7937 940 6692 8152 6611 1780 5873 1814 5225 1416 5400 5368 2594 5496 2781 9912 8629 1567 7102 7674 9625 9077 8337 8571 4341 4128 9444 1769 6916 83 4905 6549 3972 5616 5888 6812 4916 6221 3436 6720 2351 4947 5125 8732 8655 4475 8064 4650 9054 4914 6146 6733 8715 4911 8628 420 8536 3308 2940 7588 1146 5734 3898 8001 4183 7393 738 9270 7944 9027 8787 5118 6542 5604 4933 9630 9561 8943 5728 959 8638 8425 1516
88 902 6853 9096 4369 1666 1102 3324 2052 1998 428 1378 2724 998 1988 7007 5312 3371 6995 6930 6957 5257 6691 1687 316 8781 2986 2545 1752 4898 3159 7316 2788 3107 8101 9461 935 2205 6745 7736 3508 7152 8618 1344 783 2913 6520 8032 3817 2441 576 6858 1160 5884 5935 2314 3748 1011 565 3679 1661 1904 1314 8167 5459 1588 9248 4405 9597 4391 6342 6422 2443 8864 4938 5293 7595 5414 4645 4071 7538 9137 9733 9976 6286 2469 5029 6788 6609
93 3968 6523 8750 9158 1310 8879 1494 8028 1165 8533 4289 9993 7514 5466 6652 2394 4536 6075 901 4541 5641 4597 6581 7657 3400 3926 9483 3326 4301 1287 6216 2344 680 4837 7462 1888 591 2492 8766 318 8621 4413 7854 5596 7562 8624 4002 9926 2214 107 6427 3796 504 6063 5793 6906 6640 7499 460 8909 6387 9166 338 8424 9156 3606 3285 9403 1910 5965 1286 6194 2858 926 1277 567 3861 1493 5710 8091 9390 7753 5526 271 7788 5252 6555 4617 6457 6560 2508 8914 7917
91 4779 2647 4181 9257 4418 9330 2769 3581 4433 4088 279 9608 8979 6620 9498 2056 3112 1468 5881 3628 9186 9059 6815 3590 6456 4607 5040 4196 1105 290 4030 8990 1083 3849 2850 7022 54 5302 2531 1936 642 9165 6044 2575 1499 4375 7359 5255 2900 1019 6478 6877 6763 7223 2906 6881 2114 6844 6762 2298 7198 9875 1865 1208 387 9632 979 7250 5026 1713 5167 4041 6471 7056 6135 4231 9541 1974 6962 1683 7358 2331 905 7638 9475 7922 9586 7705 354 9569 7746
91 3178 9491 5759 6699 6415 9809 8180 1691 3843 5867 8130 650 4493 3936 2876 6983 3989 4274 9962 7536 5205 4101 3401 673 1677 8904 9928 5085 3008 7068 2904 5253 548 2765 2151 8406 7535 7043 3069 7618 7679 7586 9774 7204 7310 8256 7320 7269 855 8810 5769 2676 9859 8185 1759 5610 322 5484 8596 6346 8110 5743 5119 8383 6529 3211 1948 5398 7032 9447 7040 7196 5985 4630 8451 6573 5979 533 4927 7190 8862 4680 6805 8324 1111 3246 590 1463 2567 7106 8751
98 6707 7914 7071 4161 691 4995 509 8882 5177 7175 2435 7568 113 4426 3711 6879 5545 6674 2393 9406 2385 3619 7794 6532 6136 2459 8511 8645 7319 8678 4512 7163 2728 5203 9507 8267 1702 8598 1399 1320 7767 5241 3986 5044 5494 9449 2063 9402 4165 4581 6111 9666 4007 3742 4406 7179 9180 8606 6702 9559 9090 3276 3442 6431 9409 6038 5663 122 3587 6246 4459 5761 7662 847 5506 3654 7883 9308 3110 4236 7681 9900 8575 3557 6974 1628 9568 9990 4226 8730 2975 4314 6986 1614 2645 9731 9269 7841
101 8100 5419 1233 6807 2762 5204 2773 6345 350 4044 6824 4208 5097 9160 6524 6945 1194 5893 4552 3666 6053 6641 9453 5281 3072 4853 4355 5053 7115 8873 6722 8179 730 2560 6670 4401 3973 8738 7749 2787 5107 3836 914 6919 3486 5487 708 6069 9016 3113 3023 5718 1030 3305 7144 6071 9866 2325 8151 1306 1596 3762 1224 5952 7951 2602 8245 610 2403 8622 4435 6746 1990 5488 1892 8366 3282 6028 3559 3459 1170 936 5220 5861 9364 2282 5042 2886 2199 110 9296 9678 3405 6772 7981 7084 7132 6098 4479 4108 9325
97 9383 9945 3262 7385 9039 5631 3034 6394 7814 1901 9355 8015 5043 953 8783 5378 6068 7936 8351 2650 8858 3839 6551 9183 3846 7506 5582 7572 7288 3959 7469 4725 5075 226 3668 4533 9813 5098 9140 3946 718 3577 7280 3676 1169 4550 5357 3311 5099 8443 5519 1911 4615 7727 9613 6336 1665 1080 3142 713 3172 4334 810 9462 8007 7650 4216 9213 7665 637 1886 151 9347 1785 5690 9071 8127 2440 6392 7070 2005 1905 5106 9418 8966 3044 5122 1891 5845 2069 4735 5683 9950 17 5635 3534 8206
92 9477 8704 8358 556 9116 7784 2291 4732 8564 6079 4345 5489 7476 9530 5632 1871 207 823 4664 6319 380 3210 6634 7626 527 8868 6633 1912 1800 7713 7985 3784 3530 1592 5561 8623 6202 5372 5931 1585 3949 3998 1791 4691 5132 5584 7560 8954 2243 1928 462 8292 4245 7298 1049 9155 2264 7246 7259 6739 4102 6306 2077 9391 8884 8312 2065 8753 3263 6094 6679 4777 9085 173 5630 3714 4114 3496 3216 1558 7026 5219 9151 9091 8883 8619 1501 3710 5331 8576 4241 943
90 4419 7563 2908 969 419 1187 2357 3202 6204 767 7398 6343 7869 2599 8208 3016 9665 9558 7099 4637 4878 8051 5017 2923 9998 4993 9288 7114 7615 8790 1611 3644 5472 1965 7105 7195 4667 8068 3892 8022 8710 7159 3017 136 5766 5473 9554 3300 2470 2215 8115 2450 70 4804 8601 9174 1564 1065 4371 9412 260 4416 4750 9196 2838 557 628 6109 7597 2161 8106 36 4482 1420 4263 7832 9826 6054 7508 8579 7350 442 4783 4505 169 3996 1938 5541 3007 7273
97 8323 1705 3988 2182 9342 2621 471 4076 3345 2224 9737 8401 3313 1678 6789 2797 2801 7928 8010 9700 8368 9025 8977 6990 6949 5533 250 4124 5886 1515 7959 5833 3680 3956 8098 3781 7691 1630 2804 7725 1214 2379 3786 9562 6084 1636 6172 9245 9034 1279 2757 848 6968 368 8373 8214 9033 4279 4373 6223 6678 8380 540 8472 1492 949 1313 6065 232 2733 7624 9005 295 2378 766 3272 1929 6920 4610 2011 887 5000 849 4415 5387 4830 6129 3991 3979 5642 3999 4362 2333 6256 1539 9860 2149
97 5917 7680 9188 2493 6370 8674 4715 5980 2209 7139 4886 9013 5446 1650 2042 3058 3595 3147 3937 631 9659 2399 2536 1057 9942 8482 2526 8669 8772 7016 482 9398 8464 4684 7852 838 1704 7663 9736 231 9094 5670 9511 6293 2691 4929 7093 8094 3647 1907 3564 8591 65 757 5975 1260 6072 9640 6907 703 7057 8319 9287 8559 4304 7592 728 6584 5615 51 3868 809 3286 494 6467 8648 8825 4661 8972 3269 8707 264 821 1569 4023 5347 4935 1711 3149 7430 3902 7929 3544 7248 2426 5692 8797
92 1497 1210 1931 6259 6241 423 963 8510 579 7991 1853 7112 1697 3594 776 1560 3439 5210 4790 7184 7620 7251 3579 2813 2849 5291 1078 9443 498 5662 2280 7161 474 1404 9767 1272 3434 4119 9879 3706 1599 8709 3873 4620 8077 7793 5707 4218 8480 1986 8711 4782 7921 9654 8107 613 2901 374 7202 2974 2197 3321 2124 8378 141 7110 8612 2347 2719 4592 3899 8081 8998 3913 9191 9394 9105 4984 6001 7257 9979 8254 1676 4478 222 9378 684 4813 9814 1793 7353 4876
90 6896 8683 2915 605 3793 1317 230 5039 4655 6057 6446 8519 8164 2414 7321 8114 9278 9343 8804 7728 2307 4436 6511 335 1074 5021 9881 9509 5910 5724 1868 91 5858 1566 2495 7694 330 6515 9547 9115 3460 8696 2670 2159 3939 3603 6809 8544 6616 4496 8439 6295 7419 8364 262 2489 3279 9739 4155 9273 2829 5139 8760 4080 8220 6683 6726 4918 5298 6371 6811 3830 2616 5377 7383 6485 4086 2577 1632 2603 4798 6138 6006 1395 661 5768 8701 5154 4949 2745
93 4254 7219 8875 937 5191 5963 308 2391 6484 2806 6688 8199 1473 3721 3322 4324 7606 4730 3625 6550 2478 3192 8033 3424 3709 5837 5406 3004 6537 5480 2003 300 6713 5531 2073 6465 2045 9629 1250 523 4061 7782 3444 754 6673 3477 8079 1584 5897 3221 5090 5383 4598 409 2418 3732 9683 1808 4818 2559 6015 4729 9407 5627 7434 5696 3329 1707 3522 2784 4152 2998 2472 8717 3566 8341 1902 5121 3219 1398 8543 1976 3055 7396 2428 8281 6883 746 8289 8188 8671 6228 4834
86 892 4890 6662 5186 344 2107 9015 9877 7598 6375 5403 7886 7655 4972 8134 8156 2257 2790 7924 5669 7123 9789 7975 2506 5906 6645 3570 5137 5143 6612 9835 3954 333 2643 3692 636 3250 2400 4606 2882 8252 9960 3807 8555 9189 3995 8224 3171 8229 2565 5325 1334 1380 1729 3511 7015 73 6365 9983 5997 7787 2830 7836 3596 3635 4739 6086 7291 9794 4759 6579 2556 7162 819 3404 1370 3156 7240 6466 9992 5708 8222 6489 7346 5731 5589
99 885 6145 9680 1845 7537 6107 8063 6700 5877 2887 75 9388 8049 2126 1688 747 2817 8466 2352 1474 9215 6783 5052 3006 9088 4643 5100 8172 8684 1242 9911 682 520 452 5321 9764 1946 1098 1384 944 7482 6183 1212 2453 4359 2517 5227 4452 5410 8249 9517 4125 9472 6220 3927 6184 9221 7239 8213 846 6358 1428 9292 2751 874 8552 5447 2207 1540 5346 5697 9977 6384 7539 3912 9110 440 4461 7945 9065 5694 3252 7870 1418 804 2959 4127 9324 7185 6794 7860 9458 2451 1999 2634 4104 3122 4985 4485
97 7849 1757 6162 5576 6638 3863 1055 8184 2630 5350 8495 4347 2777 828 9124 4922 8796 1479 8905 6649 7859 6765 5800 4307 8844 7282 8688 3397 7856 5889 2458 7867 6619 4239 3630 4885 8685 6070 5276 1827 2736 4364 2697 6585 2153 229 8537 6590 1017 553 433 2582 6497 9909 1937 3521 9252 8822 2420 6042 5964 432 1052 126 6189 8029 7543 9919 7902 1054 3533 1249 7128 5445 7129 7678 5030 2181 3160 686 198 465 3359 1784 4410 4601 3470 5095 2722 9820 161 1906 4256 8851 4063 3111 7619
97 549 4937 8756 135 9457 2020 6861 1308 9799 7357 8534 1372 5602 7973 1580 1100 2764 1542 3201 6938 922 5059 811 7688 3086 5903 191 1792 6507 2464 1427 8325 872 8027 8071 7566 4204 9923 869 8854 9531 2189 1036 2132 2684 5982 831 752 6541 7479 6704 5851 1528 6100 5907 9356 355 9179 1695 8686 3309 7481 6418 6798 3523 4486 8310 9949 8517 6224 9150 1745 4508 6736 1362 4962 3148 7901 325 1350 6353 9437 6056 1397 1967 4513 879 7609 2254 9656 2606 1318 9607 9595 8823 9905 8182
97 4335 9144 8082 6391 7616 8878 6359 6554 3014 655 7119 1107 7164 4774 6016 5637 7887 9858 24 3413 2978 7331 239 7876 9117 6373 2698 4227 7858 9359 1096 5426 6378 3063 7104 9610 7584 5661 8476 2312 6721 8889 4520 8052 9268 675 6654 156 4272 9857 1624 4628 1449 6403 9756 5677 2239 3468 1088 1299 9108 6260 5992 8268 2187 6684 3348 8400 7020 9172 4555 238 6141 5537 3420 5594 5232 995 119 9534 1789 6464 5413 7096 7635 9256 3897 257 4913 139 2620 2268 2111 1979 502 1158 4838
97 9376 7150 4389 336 952 3239 3356 3248 6922 7923 3744 9104 8379 1643 4397 5753 4676 4206 7186 9344 1008 6718 8044 2288 6621 5676 8996 5397 4283 7244 4943 7449 3724 7735 2374 4688 7055 8343 6270 1066 5218 984 7930 6309 3013 7003 3220 1606 6747 652 1900 6421 7571 8819 5720 6340 3464 8299 8876 5536 7668 2483 526 5025 4946 7533 6500 7658 4164 3720 444 3705 147 9103 7166 2763 8493 7440 8205 9435 5785 1600 8316 7392 1450 430 7468 3473 489 108 8599 5184 5832 6668 3901 7800 6564
87 5551 3993 3660 104 1526 9282 596 6575 4096 6048 8459 3429 3256 9619 378 449 656 5860 2480 2309 939 813 5190 5247 3620 8089 1522 5725 3673 6150 801 3012 651 7517 1116 5367 5497 4298 6455 2840 5570 7781 6052 2148 3852 8269 3874 2057 3399 6323 4622 5443 8503 2099 1903 1064 8059 3506 405 795 4744 876 700 4247 4925 2304 5175 3043 8680 3294 212 3029 1243 9702 7182 6364 3447 7116 9132 7090 2646 9893 3407 1844 1026 439 8181
91 8105 3904 5200 1747 5318 2971 3095 5771 9503 8890 8031 4705 2734 3433 7608 217 9210 9728 2740 4357 9727 1954 8874 341 7909 7083 1839 9726 756 6741 445 1686 7677 9357 7201 8982 4912 2012 8774 6025 8902 5364 5305 6199 1465 4577 8925 6099 4499 4093 1003 2497 4542 9711 8276 3612 3707 5067 9688 2432 7062 2741 891 5396 3223 8085 916 6784 8958 3232 3482 9969 6528 7607 9615 6174 852 1783 9652 2943 5633 9795 5921 4082 3518 5843 6000 9363 622 2846 4099
98 3774 4871 3910 4300 9769 594 5957 6435 6952 2896 3842 1583 6396 2452 9570 3306 4556 5970 5385 3485 9405 2935 1453 4629 5749 7666 7556 3243 9782 6928 4388 7510 2672 6119 4711 2664 2323 2981 6598 1132 6420 1859 9260 2049 3812 9749 5736 5548 3542 9113 551 2081 5391 4799 2089 5490 7824 3275 3206 5209 8828 8073 1147 5071 9259 4232 630 5165 1454 5841 236 536 7839 5657 4048 5454 1001 4177 1297 528 689 6242 1417 2466 772 1361 8538 3811 6501 266 8957 448 389 1407 7840 2743 2622 7137
91 8736 1633 9585 2256 7755 3412 5138 1470 6298 5547 507 9901 9635 4631 8287 7049 3609 8987 4859 5792 8637 6262 7010 5133 6696 6568 8293 4635 1949 9235 2619 3264 8646 8318 3355 1200 2350 109 5113 2760 6411 478 9616 2220 6238 3320 5960 6732 3602 8901 9932 4852 7117 8309 6283 5285 500 4460 5668 2100 3613 5392 4057 4766 7500 1000 4867 7033 3098 4158 426 6011 4945 6603 2498 7768 8066 9306 5543 4988 2735 6004 8348 9365 499 1551 8633 2839 7231 597 7579
91 8446 9584 3756 2174 2715 7573 1178 8113 3312 5976 8512 4036 9704 265 5394 3167 1445 353 7216 4573 1803 3336 1097 6318 408 7151 5803 2718 7610 9445 1843 3042 8177 4156 5817 2227 9000 3623 6274 833 2700 9326 4587 1968 7630 9971 977 8227 4761 7229 1547 8226 390 2330 742 970 3810 2109 1525 6516 7433 919 7742 6076 4026 5344 3088 8084 1247 4679 9876 3060 9787 9953 9761 2326 5164 6033 4147 6237 4756 1408 6160 9255 7731 9170 7734 2532 3166 8284 6330
91 9274 9959 4877 5223 7428 8836 1506 635 1917 8677 8643 5258 2640 7459 9294 4139 8448 8169 4636 9751 3154 3582 7718 6873 5370 2945 365 7305 4970 9370 3169 4064 5660 5129 5625 4723 143 2995 5825 1175 4321 9427 1338 5870 6159 8565 5665 3141 3624 1505 6426 8780 2748 6406 8251 3686 896 9980 7970 7146 2143 815 5629 5944 4327 6725 4112 2250 6281 456 8580 4893 9220 9815 7263 9216 6095 6600 4954 5176 552 8761 495 830 2856 9003 4548 7587 9955 7994 40
92 6229 4229 9903 8288 7550 5442 707 1557 8654 1673 1590 2564 1833 4445 2213 5922 9382 8921 7962 3427 5316 4957 8941 5801 8417 8326 6755 1444 267 6908 3398 9102 2581 2976 6653 186 8650 8078 6198 5086 2300 5178 6650 4055 4215 6887 7445 9323 1668 5868 3746 2230 864 9567 5307 1591 2369 5704 4509 20 8223 4273 7074 971 829 1735 7785 1770 7423 481 5686 546 643 9555 5705 4764 5016 6703 8300 2515 6607 8765 1259 5653 3626 3813 6175 2982 5358 5170 9346 8595
96 7569 1716 6518 1715 8398 9648 1211 8384 6077 623 1353 5772 4623 7955 6900 6487 3916 5522 3616 1321 3696 4979 4450 6973 3212 5746 3380 702 1889 5865 3505 348 8243 8 1971 2841 2486 123 6694 4540 4262 7720 5363 5093 6806 6946 3247 7450 6878 4095 6637 8743 6779 3932 4366 1824 8137 3834 6690 9223 8355 22 9988 1572 4106 2892 7631 3987 2509 8352 5872 7828 3601 6120 5711 2627 842 3372 1731 2087 3314 1091 7193 729 907 2055 7889 568 8752 9525 8158 9493 3725 327 6810 5885
95 3661 1180 600 6314 5475 8577 5428 2386 1006 3990 7756 8881 9426 5244 9601 4660 8221 5816 2988 8779 6181 7984 9991 2365 741 743 8723 2541 4996 1642 1749 8217 1184 5914 1115 9041 2320 3847 5351 8846 5993 8327 9606 882 1835 9312 9958 4545 7432 4288 8150 9975 3645 6903 6381 4863 1171 894 6959 1637 3310 862 4330 6312 3357 6123 8578 247 6539 1605 2283 7267 9177 5380 5245 5189 4187 2461 168 9915 7712 7520 2857 21 2479 1164 100 7390 785 282 1709 1486 8906 8546 9548
94 3857 8397 4009 3497 8569 2512 2897 856 9195 1063 912 5078 3651 1874 4238 9086 473 7823 1129 6448 2767 3093 9738 9125 8922 9938 1410 8897 4248 2782 6458 5309 1621 476 1876 4337 1574 3985 259 1647 6302 7242 6267 5520 8014 8017 7999 6152 1137 6845 9099 797 4789 8934 508 1246 5898 4006 6825 5023 7652 8499 3205 7545 9320 2316 6143 1114 4897 6889 6261 7578 121 6091 3500 8445 8614 1491 1652 1984 8396 8742 4571 3531 9045 2445 722 297 7931 6437 68 841 255 1763
93 7289 4642 5001 996 5329 3763 6200 490 5061 5699 3475 1013 3963 1236 8770 8005 2864 5389 6832 8976 1460 3773 4992 2550 1179 3361 78 5760 2732 7932 9831 3734 6604 1503 4980 5270 4149 8238 6188 5782 5160 4589 1403 6823 3456 450 5295 8754 3562 8330 7301 3175 9479 6310 8436 4594 453 6876 6255 2253 6964 7719 2258 2154 128 9594 7077 5815 8903 6066 8824 4967 2384 8785 2383 3975 6533 1846 1959 1680 4431 6711 3545 7011 245 7437 5469 3266 2261 724 9178 9369 4089
95 4902 1392 8838 6013 192 9120 8040 13 4662 1703 3186 7413 7504 7664 5732 9502 2902 2324 5787 8767 6407 9735 3081 7024 4710 1221 9176 3971 4604 5654 2368 1151 4467 9084 7918 3772 4313 5829 1951 7374 1462 7279 7792 8639 184 4091 9100 61 1832 6540 3254 5002 3365 3327 8940 3068 6341 8649 4889 7041 3390 8108 6367 2703 3174 7304 8775 5057 1538 3428 9199 4087 8720 5235 2216 5680 9986 4117 770 6910 3823 8008 9880 4385 1651 9553 213 727 3558 5324 739 8609 9203 4975 644
91 2780 7253 768 4704 7366 4407 5228 1230 3161 7052 2494 4770 6191 5226 2328 6192 7862 3701 3848 3002 6093 8746 2922 7692 8478 1743 9846 1836 9329 19 1223 8026 3860 4588 8322 3588 6894 5134 6423 5332 3824 7078 7213 9626 8314 2755 7967 946 9707 904 1734 8414 3915 177 3966 3908 4122 7340 2476 2334 1545 9190 9681 5032 8505 2219 9828 2158 2380 7448 4404 1597 1085 9636 8067 309 3388 1940 6476 3808 7149 1284 2356 3441 4200 6828 3352 8333 648 5744 5751
95 302 8593 5492 211 2474 5014 633 2725 9168 6372 3754 101 3516 9007 2957 803 6901 7877 6007 7370 559 4875 6682 1413 4190 125 7965 6434 8118 5330 8258 1215 5572 1575 4760 710 8132 1010 6060 1875 1956 9291 3750 9171 4869 8863 9114 1527 1442 3387 817 6080 6890 9522 3875 4090 599 9095 981 2172 9800 3980 6626 5050 2373 7591 5460 1419 2744 7779 1034 558 8350 357 6911 1714 1142 8365 5115 1787 2292 6082 3662 7557 1802 5237 9693 9605 5996 3026 2596 647 4724 5229 7333
94 1044 326 8847 7036 6712 3234 9637 580 4904 1993 3040 6234 5518 3116 2993 4959 7913 427 422 9538 6414 67 3102 1489 8367 506 5755 2890 8962 8899 85 1799 7552 9514 3822 7349 1884 9236 2695 1924 6781 4551 5056 4365 8003 2475 931 4742 7515 6106 438 5968 688 7977 6657 1925 6676 2639 9200 6856 3752 2315 3341 2446 9754 2176 6439 4527 3302 7707 7817 5514 7403 798 1764 4160 8385 2656 3153 7873 144 7627 9135 646 5375 3820 7422 3198 6304 4180 1922 5504 9695 8642
97 3731 3097 5920 760 9536 60 1261 695 397 8896 7879 2800 5188 3343 3770 2921 1488 8724 6705 8676 4873 7243 8567 4430 1795 8574 178 3218 8248 5288 5598 8103 2681 538 7232 3182 7341 7415 102 4808 1818 6023 5741 5440 1640 9907 3917 4040 519 2907 4702 3445 1056 1400 6545 5092 6622 5821 9708 3140 4978 2573 2079 1656 578 2803 2091 5238 8456 7124 5515 7343 9163 2251 5058 5700 163 9662 5620 4793 2249 6795 291 8541 4115 2235 7286 836 4717 5468 9022 6233 7775 8584 9395 9075 8782
97 8663 4534 1790 2398 7634 2501 5297 1113 2481 4686 1232 8540 6250 1878 2694 7489 5846 4931 4506 8285 5153 9263 8679 9480 8937 2533 4034 8652 351 6271 9303 678 5758 1655 4483 7255 5862 9773 7676 9192 587 1291 2871 1739 8411 3675 4639 7035 967 4162 4476 7466 690 7262 7716 4740 1104 8235 1002 1663 9092 5882 4487 2903 5813 9035 6943 8037 3685 9526 9060 8926 8257 4754 1723 6848 5988 5544 331 4616 3452 617 4205 243 1932 5146 4659 6169 3369 8586 1326 7038 8228 1610 2150 9571 5035
94 4439 2505 4595 8475 2873 7352 7222 6282 8712 792 6401 5272 1328 7426 3513 8347 1231 4832 4458 5542 9921 1779 2624 8266 8279 4312 9943 5854 6352 8936 4169 3065 1983 9133 9566 2345 510 9202 2221 8260 2546 9620 4865 7004 2318 6874 6213 6417 8694 9211 8450 1512 9732 9048 6569 4805 3106 3200 2217 2160 3982 5362 9574 9272 9500 4134 5943 1722 7675 7354 6348 1719 5046 8484 6669 8558 1508 9718 4500 1021 7409 4393 8240 1662 592 2985 4001 5773 2392 2952 9560 8046 6822 3376
99 8592 9309 8888 7669 1826 639 4516 1817 5822 5233 8981 7842 443 8626 9867 786 8597 5756 2723 9917 5879 2175 7780 9368 5557 9417 487 4699 3738 2667 8377 7363 5721 9618 7857 9981 1130 7564 2274 7743 2354 7950 140 4846 3896 762 5151 7089 8777 6354 7724 9339 6380 4815 5797 9038 7460 2442 9127 2064 8600 4305 3633 1252 3835 9089 1253 5659 3632 1559 2167 7328 4963 9433 3249 8291 2068 228 7268 1535 5954 4539 6572 2401 790 1409 7187 8099 1879 304 6948 8065 356 5077 6239 149 4868 9916 8434
98 8970 6008 6177 6105 416 3862 2932 4734 1684 3821 3792 6030 7457 5082 570 9589 1415 8054 2200 8554 6490 3947 48 1329 1307 8468 9019 994 6624 4673 7503 9515 8725 4250 2842 8474 4440 8112 9157 2584 761 2729 6287 3244 4769 6122 2884 593 9337 162 9229 7376 3573 3950 7751 6972 6195 4625 2170 3339 7766 5131 2389 7758 6026 4986 2638 2416 5094 518 5222 9469 4566 7670 5623 7982 6488 562 8594 9516 6917 5658 3267 9924 9706 7733 251 7757 431 8153 7191 9667 2358 4694 7493 1646 5343 6205
91 5287 2611 1048 2586 4199 6773 2674 2162 6761 5306 4329 4136 23 4185 9908 5745 4656 8668 3457 5009 6687 2465 1511 8413 7761 7458 7979 8706 993 3618 2879 3735 3576 9231 8634 5617 2686 4583 4437 8122 2054 9481 7360 6663 6836 4 7695 7168 7654 9510 470 3391 4741 679 5109 5105 7661 477 791 9721 1322 736 6885 9143 3450 6441 2944 6349 383 2558 8986 3050 9400 1266 4689 3649 6278 1028 3408 8801 5896 7170 8667 8520 7853 2626 9793 1089 5181 285 3785
90 8872 9742 7103 6871 2275 398 512 8630 1138 3489 388 5047 4021 9940 3983 6818 4338 8128 4434 3737 483 9319 2024 4242 2058 6212 1081 8693 2433 8471 9691 7218 3394 9454 7347 8126 5911 1556 4884 6658 8834 4174 1167 7927 5173 9957 2430 6324 9674 975 3715 8942 9246 588 5805 8945 4613 1894 2649 2938 9214 89 7893 2510 5874 9627 6018 1042 5079 7798 6110 4060 3695 893 758 2273 5949 314 5091 3415 6791 2210 6254 6157 5679 6144 5498 5614 4515 7567
90 9074 3494 4016 9996 5015 3726 2225 2468 3918 3894 7819 5355 3295 5493 3488 7425 9535 5423 6647 9624 6459 8808 210 6625 3537 1699 1604 2991 8997 6862 1991 1367 4530 4159 8392 3970 3204 7525 8641 360 2010 6128 9670 3739 9964 5991 7127 3100 1394 2180 877 5265 2653 6450 1112 8911 4948 9891 699 5108 8092 4899 796 7118 4858 2657 8438 4468 913 214 9283 5605 9201 8611 7848 8988 6724 715 3941 1448 9724 6698 522 9933 1819 858 660 4682 9872 9883
