90 3634 173 283 8114 1751 7502 9836 910 7064 3157 9122 6722 1667 5877 2021 1878 862 6434 3236 9200 941 7265 8259 7803 960 7788 3549 7878 8455 1301 4419 7757 4869 6724 6812 1844 7836 295 6048 7389 7900 4043 9809 4412 982 3192 3891 2407 9662 3379 4801 1684 7030 3093 5668 2388 5837 4023 390 955 8061 458 7612 9576 4007 2368 7574 8091 2166 3729 5439 6 1329 3454 5164 320 6660 1400 4535 9632 6291 9474 4381 5370 7811 6840 3203 7825 8033 3731
95 6328 4847 1730 4069 1219 4609 2885 3231 1795 8388 987 8302 764 7425 5912 8951 8781 3188 5286 1152 7106 8169 5728 1966 1221 3997 3640 4602 2959 9418 1431 5746 8481 5988 7701 3697 8524 4407 2569 6983 8376 3985 4774 6904 3905 1168 2528 1080 3743 2358 431 5604 3357 5808 4339 2578 7185 2047 7368 8590 302 2623 7168 1244 1369 3654 5612 8064 9767 876 6118 9939 7242 1767 4234 6214 6848 4776 1866 2375 9770 9921 575 1290 4459 8871 6553 2431 1157 3495 4676 7344 7959 8582 5187
89 6856 4895 4644 541 5804 1352 2411 4925 943 7302 5043 5679 6317 2510 5367 1864 9368 556 50 6557 5617 2338 1293 3333 70 1853 5440 1441 5433 8035 1320 5955 7676 3516 6229 2318 6677 8885 5297 2442 2301 4053 5905 1673 2192 9751 6028 74 1129 3658 3923 6318 9496 1669 5894 1692 2429 4393 2869 4863 8393 7349 359 3131 6245 4311 2246 1726 5533 8253 9806 9928 4529 3173 4478 1038 9832 9597 9356 4003 4358 7142 4392 2753 4324 7359 4489 651 1593
100 3983 5292 3866 6296 990 6708 376 3509 1913 8328 1777 1489 4651 2248 3382 3750 4410 342 1824 7740 9336 5095 8219 4517 5739 2668 5806 9987 4092 4209 7221 2153 4029 822 3961 4247 4285 5632 7194 677 6005 8183 9991 9541 205 8176 8127 5143 2221 9964 75 4549 2293 9748 5777 4283 5826 229 2908 6817 7508 7539 9338 6565 2917 3000 1580 9383 7058 5495 9638 859 6366 402 6133 860 2039 8174 2254 5767 9889 9578 9493 6483 8297 1188 1481 7276 4238 9177 33 5328 6067 8221 8092 5051 728 6466 1724 2279
94 1247 5352 4018 5137 2405 9032 2820 9665 9792 9957 3019 5148 7116 1024 5752 5994 9675 4672 7583 8680 8515 7504 3510 6533 6624 7663 6705 478 1594 7331 2655 3502 3626 8898 6630 6091 1418 3960 1621 3631 2403 3356 6310 8778 8345 4886 5843 547 2484 9515 6880 4210 8869 4030 2014 8831 1068 7417 7908 2530 436 8041 4296 1089 4922 1475 9436 8602 6069 3034 9994 5513 7503 4479 7820 1928 6949 7691 5698 3922 5053 5092 1842 2642 8192 7921 4628 2823 9331 3577 7478 6236 9528 3635
93 7642 6862 525 5741 7771 8605 6625 8076 3077 6313 6438 9098 8931 111 6410 8445 546 2228 5680 6685 7724 8995 76 7948 562 8317 6875 9229 9287 3140 7130 9521 8592 9073 7253 8086 8024 4361 8401 7523 5551 7594 65 7403 988 3497 481 7876 5357 5822 6292 475 603 6056 2749 8715 5625 1375 8575 837 7042 2196 2283 107 8641 3081 5833 7782 8875 2883 7122 8782 911 2216 8563 3801 4802 9592 9821 1664 4402 2656 4157 2252 9532 9193 161 6790 9307 7589 8759 5420 877
86 9822 5391 5 6086 7794 5579 4333 1058 9688 4606 3399 141 5430 1896 337 8411 6592 9960 144 9793 8423 7655 6598 7916 7139 6745 4769 9845 8096 1232 2298 2017 1918 878 2618 2768 4335 8967 9704 4704 1738 6277 4655 1771 4739 8180 6010 8674 3275 8916 8363 9972 3878 1069 3473 7397 3105 8830 4736 2013 3872 6303 5295 4502 154 8827 5747 4810 4966 7149 996 7718 2573 7233 2797 6369 7354 1312 9537 1458 9756 5902 5501 5176 2601 1041
96 1779 3920 4216 1889 2741 1205 1042 4590 3774 5322 3893 4435 6359 1405 3515 8187 1160 8947 326 5167 2458 1778 7038 5779 9886 9668 6786 8858 4047 4963 5785 7444 8937 7706 4613 2966 8562 1945 9143 8664 1357 9214 1770 9065 3440 208 2697 6402 2010 702 5063 5574 1183 3352 3664 3259 7759 692 4098 2720 1961 5226 593 2933 607 1739 2583 7400 8215 1760 9919 8371 7483 7754 1186 8873 629 3746 4102 8415 2215 3165 8825 7793 6596 490 8341 6990 762 4505 1693 2311 7849 1439 9812 163
95 5666 864 2043 4588 4677 9683 569 1569 9433 4732 4757 8767 891 952 35 4160 6675 9609 494 274 188 8892 9598 8606 6070 9018 8863 8461 9204 6105 1298 1841 3406 8907 898 7587 2937 2100 3987 6113 2715 5639 5561 1206 8607 2903 2408 4943 4964 1010 1514 7534 829 1651 6610 6377 8271 3641 8844 2011 2229 9357 5300 1048 4818 6288 2098 6869 9091 5624 9992 8277 581 2665 2815 7437 866 1001 7804 2167 2833 5339 5398 7451 8251 7987 3414 9013 5146 5525 8557 2696 7136 4730 1710
92 81 3921 6171 5828 2418 6314 8649 4054 1498 1540 3838 5127 3558 2067 77 5934 4872 2709 1438 6682 8716 3934 1432 6909 3032 5478 8654 5031 1147 9347 6691 4678 6785 5412 5936 4251 4690 5615 6668 8255 733 2687 4752 5126 5888 447 1645 5979 6266 2106 8979 9216 4740 7837 4974 6408 4006 5588 7159 3366 2985 8993 7484 3568 9118 7588 601 3590 8373 4022 4185 1036 2130 8679 4027 4913 7767 3252 2710 2911 9666 6915 3064 7649 5831 7514 9178 3225 7662 3840 8204 8369
98 4364 6870 8506 8814 8852 5457 2401 948 4042 3978 5408 621 9796 8105 6400 6873 7733 4836 8175 1137 9506 5218 2576 1429 7922 3800 7181 3858 4820 6257 9682 7928 7996 6559 3283 5765 3010 8428 3096 2093 6209 1047 5252 7807 2625 9880 9094 4826 5751 3478 5058 2524 2452 5847 2838 6412 2383 5692 3581 1613 755 8257 3990 2878 7022 1390 69 9902 6632 1519 2994 5771 3535 4989 209 847 151 9896 7786 1808 1975 4819 6750 6798 9502 2731 9456 9074 8285 3446 2123 2349 4341 9610 1370 328 7519 1949
93 5112 8523 1959 1472 2554 5073 4509 2983 2343 3340 7986 8859 5635 1638 7436 5721 9403 7046 9848 4900 4467 2006 1960 6072 8704 2497 9729 5937 4738 6959 6068 8385 5638 4188 3931 886 3300 4274 4369 9761 5153 3683 2738 3390 1325 4707 6473 9453 8420 9499 1094 6166 3362 9789 9137 4420 5241 6052 975 8249 2356 9554 1717 8431 3477 4122 3669 6196 543 5061 6160 7593 3816 6996 7552 4258 3068 2182 9863 7290 5916 1348 4329 2560 2381 9966 6886 2031 997 1211 4877 4322 6853
95 99 4151 6617 983 3091 2775 5883 8066 3719 9639 6222 9078 8724 5361 6295 9208 1011 690 2973 4948 9158 5459 4870 3513 9794 7955 3169 9043 6718 5208 4794 5913 3912 4413 129 7842 8470 4305 805 4186 200 2929 2539 5173 2662 8173 333 421 7418 4629 2615 3086 386 9345 3367 9156 3179 8203 2012 4191 2537 7579 7224 9536 7273 8157 366 8889 7971 237 19 585 4782 7925 3317 4927 9406 4249 213 6838 2940 2319 691 9614 247 3353 2090 7034 9713 1090 7763 2041 3532 2728 4822
97 7841 9755 6095 2805 9892 610 3810 2913 871 7026 4786 6686 9203 97 1155 4976 4720 2980 4849 9862 8197 8545 1288 4765 2995 7256 637 7009 3879 3620 792 8226 3206 8743 100 4152 797 1888 8521 8475 7864 7760 2239 3036 214 3506 2450 2667 3524 5755 3487 3342 2300 119 5008 4346 6486 5697 9611 2703 9915 2053 7761 6806 2924 8117 9316 4669 7475 2875 1104 3537 6051 6690 4915 7316 363 7216 6441 301 4793 4436 1670 2604 102 6567 4387 2370 2224 58 1340 2155 5733 6232 5119 5896 5592
95 2854 464 6943 8861 7295 1328 3004 9381 354 7377 1978 3381 6001 2119 7272 1017 234 5825 2102 1027 3638 8353 4703 6508 8870 4665 5667 1338 4624 5182 8949 3693 189 2108 3069 279 5974 25 1132 9182 3737 1881 3573 3066 5774 383 2873 1511 61 8152 9651 8631 6726 2793 6607 5080 5088 3812 4671 5709 9540 7646 5683 8307 6442 7415 9142 9901 8225 3222 3076 2597 9650 4700 1890 872 4270 825 4814 254 5290 139 2225 6757 8591 6659 5317 9227 3653 1737 4482 183 672 7999 9297
94 1956 7355 5397 7093 8094 6126 43 5946 3661 5225 4125 7080 7866 9196 2307 5374 4747 3426 2231 5199 7351 4400 7954 3244 2503 3256 9584 8961 2212 8032 5720 5062 3402 9941 4340 1974 8278 327 9071 9641 4524 5651 305 6998 5576 1377 6104 4684 3627 2118 1055 2962 2803 5202 2645 5952 5701 9797 1955 3512 9450 8274 4608 5004 4183 828 515 2971 5995 6456 8516 6401 6784 3351 23 240 7526 8430 2523 3885 6555 6036 9608 3287 9885 7263 2410 2877 9589 3001 8268 8554 8036 6107
105 4601 7535 7173 7411 7348 959 9062 2631 5432 2525 8421 1997 918 5334 9779 7408 7012 6791 4968 4024 4835 4823 7084 7124 2430 278 6649 3360 9759 3853 2608 4755 3258 5586 6430 2372 6038 1701 3214 2518 4236 450 8661 3117 2570 4724 2309 7936 9890 5759 5854 5987 3106 2095 731 2387 3580 6455 2757 1847 6413 653 7777 4904 1524 2551 532 852 5716 7277 9421 1963 4649 6652 7119 664 1057 778 8227 9571 3783 7144 8098 3916 1532 180 118 6468 8968 3705 7237 5600 325 4327 2460 6940 8699 3208 4566 2080 8228 5925 115 1307 7852
87 256 4464 1236 5874 4434 4554 8212 8234 4359 2109 3903 3973 5327 7961 263 6399 6452 2288 6655 6542 713 7361 4416 5203 3213 7924 3265 1100 9807 197 4064 6698 6365 6803 9461 1292 2490 400 7563 8305 3170 8702 5682 2076 4154 8617 8013 9111 5944 6293 7670 909 9977 3675 1045 5861 9542 4668 8737 4798 1191 9859 3594 8682 8769 2270 4452 7621 7487 4328 3249 9686 6846 5546 9955 6109 1360 7741 1330 4350 3857 7689 1609 6482 6783 2566 2485
90 8073 7784 8867 5766 2290 9841 7248 9579 8262 1758 2125 9483 127 4487 7874 4105 3817 7851 9389 1130 6989 203 1713 5476 9186 1083 6183 8350 7872 6289 6741 4025 8384 2291 9245 5057 6141 4488 2280 5515 7325 729 4088 8433 1276 2723 4243 6103 602 8006 4129 4495 4596 7423 9855 699 559 855 1113 4622 5287 2428 5788 9033 5537 738 7285 2772 6079 7183 2602 8542 3956 934 2652 4370 4698 1117 8188 9256 8402 1185 9439 3534 9372 4576 4652 2949 6854 8252
102 4939 7632 625 3143 3269 7380 9129 2912 236 4425 949 6911 8382 1858 4143 9736 8879 1986 2781 468 2520 3422 9621 8010 4441 9724 2416 6426 8029 4907 7140 7947 9190 9434 6756 6347 3539 3219 3918 9616 3301 2398 219 5687 8809 7742 7205 7690 8084 3281 4840 310 38 1427 6554 266 4396 4397 1628 3245 2689 985 3776 1560 5787 403 9280 109 2436 2087 4682 7671 7239 4542 1053 324 1337 7463 7300 9188 5266 535 5282 9735 7382 9419 9700 7966 3176 7429 3128 4706 5065 9422 9470 1495 2227 7282 2910 374 4309 573
89 2751 7447 9448 6826 9922 7278 1615 6711 3530 4497 9038 5269 3868 3605 6212 7146 5027 7950 566 1442 9019 3892 6297 4630 1324 586 8378 826 5634 5388 8909 5773 3543 8468 255 1033 6180 6149 5690 8657 977 4485 1626 9698 3748 6743 3344 2669 2975 1938 2620 2451 1052 2712 4061 2083 5585 2163 2831 3112 8838 6574 6249 4890 3733 2919 4909 2657 6182 8910 6947 786 4388 9010 9777 7633 1573 6470 4731 8040 3441 6495 6619 9838 3629 9269 2456 2400 4507
98 3058 8465 1522 8658 7388 619 7562 3930 334 4978 4813 7079 1470 3980 370 9365 4928 3055 2077 8135 6267 4993 6138 799 1218 18 3015 9291 5662 1526 1468 1920 2555 357 6135 993 1084 7779 7393 1871 754 823 6110 5168 3548 2852 2584 6828 4811 5304 9355 8746 1066 1256 1868 3388 8826 4448 3263 2559 5965 9145 6719 4093 6551 8442 2181 6586 4133 9522 6535 4670 6268 4300 6202 6011 6271 9117 3354 9588 7445 689 6507 7584 9086 6774 5200 1705 7174 2819 2989 2778 5669 7029 8621 3647 9361 9568
99 1453 453 7840 9512 9424 7902 5915 5138 9673 5522 1109 7199 777 9672 9039 8448 8229 7260 2385 3619 1026 4834 6548 4048 201 705 638 3312 9553 7391 8719 2943 2345 3396 2563 8195 8365 1875 448 8840 6732 3274 8124 3410 8717 8583 8269 9637 7532 5113 4473 502 7678 1707 4973 1133 8108 3462 2044 969 2529 1178 1689 4119 6807 8121 133 9151 7197 4145 9005 6405 888 8437 1286 8614 4165 6015 1141 5704 2334 6481 3648 8142 9050 1581 2719 7640 1734 3496 1782 5237 3929 378 3787 1592 1327 2506 7092
96 2661 5603 2600 1014 7983 4912 1499 8075 2586 4244 6418 7939 7070 6524 3562 5395 8936 3204 3337 9276 6259 499 3899 5233 992 9787 3910 4200 2376 2567 7007 20 4962 7061 3449 5130 6693 2807 1696 5839 781 6948 316 8670 3149 9747 2684 9993 5631 2562 8822 8231 4725 5055 3215 7518 5502 8429 3844 7868 2507 3995 3954 9310 7381 8193 7209 4761 9884 8289 8768 5715 3315 6603 7889 7946 7073 1723 6050 5460 5211 8190 2219 1303 9861 708 978 3542 9085 9409 3882 193 2830 7590 8744 8056
88 2476 9820 4004 8324 1051 4187 1733 1700 3210 4288 571 3063 8352 6921 7903 7336 5175 3880 3588 4862 9772 2127 5429 5652 9392 3582 9489 2592 6055 446 3120 9907 6243 9369 5190 6623 406 4099 4240 2801 6560 6194 3514 8276 3518 2561 4405 1064 6217 1799 8396 8957 5547 2693 654 6019 2203 5039 938 6953 4784 5749 5553 2681 5584 534 2996 9878 4980 3232 9925 2359 3491 2817 273 9206 4041 4320 5620 3178 1212 8494 3437 3900 5999 480 8144 3110
102 1486 9391 6323 6016 7399 7668 8136 5257 4887 6472 7607 5991 8848 6272 3971 9049 6279 3698 5792 6576 9722 7330 2930 4371 7211 1483 9301 5689 4316 3926 3936 4284 5907 4380 4338 5816 6568 7238 8896 8939 3914 6325 3632 7225 8230 9248 90 3722 1121 4888 2267 6946 3517 6955 4082 4480 4954 1016 4718 5083 9714 1887 29 7629 3898 6145 5964 3395 7137 1423 2956 3723 9601 1201 2303 5022 2059 2488 4458 9676 444 1401 1394 7914 6139 1267 4417 9603 1224 1694 1608 8115 5488 1650 2035 8642 9012 4383 117 169 8966 3992
98 8089 5903 7240 1242 1862 1832 536 7310 2371 4189 2057 5947 7861 8730 9899 9596 1521 2048 1371 4128 7605 2827 1880 3947 1620 3887 3839 7337 4971 3611 2828 2605 926 1207 2355 3823 2765 6049 3111 3088 551 6849 8485 7895 7879 2866 5277 1984 5178 4001 4683 4906 7704 3027 7768 9374 7267 1996 5232 8318 6587 2795 1153 3822 2617 745 1535 8945 858 4111 1520 8441 1054 6871 5000 932 1545 2271 1722 4824 2321 6570 6424 1366 4074 4219 7176 8771 5418 7857 3744 3894 6157 8832 780 9447 9744 1882
97 4016 2926 520 3790 513 8004 54 4193 9565 8090 648 1576 7210 1268 385 8774 6415 1660 8711 2714 1575 6219 9173 6422 8868 4135 4591 6404 3138 6582 2923 5850 5045 8789 492 1539 665 1630 789 5280 9818 2004 2672 1283 7105 6409 9897 1304 4 6712 4767 6265 4100 3397 9417 290 1289 7395 7547 9661 6821 5015 1122 1601 4717 3522 2509 5369 3174 4096 261 801 3347 4681 8275 7707 4014 8513 5621 3134 2627 2075 7292 3498 7127 5842 101 5508 8141 8956 3610 1653 26 3292 7962 1936 10
92 2107 8815 8333 5228 2884 9669 4052 3286 8842 609 9503 5562 9622 9420 7752 2126 2963 3369 9052 8478 8836 3270 226 8652 3035 2116 4960 174 3617 165 3778 7734 6390 9092 9363 7234 7500 7464 1662 182 5096 6474 6642 6601 2390 4255 3268 6673 1318 412 8613 6316 179 1098 7462 3988 2498 8850 1077 6820 4795 5919 3527 8313 6181 6646 7118 3730 2814 5385 6254 5413 1555 5929 2423 1189 8925 8296 7257 3330 2904 8567 8074 9728 1241 6461 4560 3925 4514 1179 80 1213
91 2409 5678 3860 3725 1409 5162 1702 6433 9174 5567 2073 5014 7289 6859 3761 4709 5532 616 2146 5271 2596 8796 5263 5981 1712 4610 7749 7470 5152 4337 8550 4545 9569 2306 4667 2018 2588 3555 5115 8777 1967 5641 5484 1902 1512 9164 9561 9265 6060 986 9187 7893 3807 7249 5401 4331 9279 2361 9395 6425 7627 5443 6952 1022 5219 3742 5818 1911 8067 3583 8797 6993 9083 2965 5945 5376 4344 4597 6237 3528 3125 9891 5737 6190 2946 8321 8247 967 275 7778 2916
96 7001 6531 5523 2362 761 9951 8522 3051 7957 9580 4727 8472 3415 9867 6331 1699 132 8051 5647 2796 7426 9642 4077 5950 8301 8946 9562 2274 2139 5010 8182 6146 6676 6022 3124 6134 5658 2051 1482 3099 8025 9247 5713 1810 6021 7363 6125 5518 2037 6678 6657 7313 774 7115 775 1217 5614 8965 428 7824 5320 6419 9888 1115 3587 7935 6683 9931 6494 5196 5660 5969 873 2787 893 2717 5992 3591 3897 5123 744 4985 380 8060 9790 6333 2165 9758 8495 7101 4445 5405 8517 4277 3439 3279
95 7909 1500 5156 9628 440 1883 5802 1335 2730 7198 5943 9037 7529 7635 2235 2809 6556 4856 2455 8960 8610 4662 1574 4263 2808 6658 6058 6643 6830 7004 5425 7284 7288 1946 4853 8000 3239 944 8116 5694 8891 8395 1003 6688 6982 8106 312 7323 4104 1820 4699 2150 9791 4408 8598 6709 7456 4211 4641 2213 3592 7261 9981 6026 8876 153 5700 4269 1321 8446 5160 5480 170 1391 6667 365 8584 418 5091 8358 5056 5866 2746 9195 9271 7975 9947 2894 8630 9709 7932 4899 7410 9333 2209
102 5780 4942 4827 6920 7686 4689 4175 6580 2295 9138 7608 1796 630 5696 224 9021 6193 7040 7318 9887 6108 6392 2534 9479 718 4508 2143 3666 8526 1825 4355 1071 1659 2629 6879 2735 3919 3057 1901 6647 4783 1517 4260 5411 1078 1354 8113 5855 4639 1860 5188 9342 1703 5971 2649 1313 2052 2865 7828 9423 5587 2961 7027 8528 8998 2134 9933 5754 529 8103 7693 4095 3814 1234 5132 3196 1718 9272 4967 3361 6549 7033 7561 8975 3408 8392 1253 1750 1567 9535 845 7062 1044 3955 2624 9781 9262 6346 4449 3444 1672 5643
91 2474 3883 5646 5291 5846 6931 3144 291 8474 2792 9452 7727 8964 9524 9281 7433 2893 656 6714 1230 1457 4762 7758 7753 7358 7892 9895 7711 5341 9674 631 6394 130 14 9264 6403 5493 4920 2036 8941 6591 9429 2643 3472 9552 126 9446 7581 1392 1091 3793 2475 5052 7164 7846 9237 8093 3228 4460 5212 9742 2505 329 4298 3566 7641 2015 9359 8788 4914 2674 2171 1884 7347 9130 4032 4614 361 9283 4223 1557 6163 5571 9170 5595 1491 7683 166 3764 5653 9687
95 457 2206 6155 5307 1385 7169 3033 4751 2292 3195 6436 732 6321 2204 4760 9009 4353 4845 6520 8198 6810 2001 2189 5278 6550 5832 8453 596 7913 3735 3712 9851 1208 6143 2734 3781 3687 9058 460 1715 4365 4021 1794 3065 3570 3682 8990 1861 7222 560 2255 4109 8666 6618 4172 2658 1346 8303 4917 7938 9575 4293 1534 8008 9003 1198 739 4314 6851 6169 4131 9488 3511 8798 9646 9339 9155 7111 7654 7993 8159 8235 9643 5402 3984 4457 8974 351 5097 7884 8133 7011 3526 9634 94
95 5452 8037 8387 5608 3784 1460 5703 5801 9152 3585 3158 9473 2859 5111 6488 7855 2000 1488 4222 9217 7160 5593 7933 5158 5472 9959 2633 4026 7051 6995 1666 9534 8490 2367 1933 7506 704 4983 9348 693 519 6357 4729 6978 5479 3806 925 5494 7312 2223 6589 7969 4833 3424 765 7153 7905 7634 7522 9002 2773 5719 9426 9826 2103 7673 40 1785 5347 7287 9936 9084 1435 2259 6132 3993 6894 9481 779 8678 4728 3289 2499 1586 5656 238 1527 6672 9617 5364 9244 2310 413 5844 5723
92 5858 4490 227 2240 2238 322 3021 9148 8138 5763 7644 1688 769 9097 6954 4987 5859 1450 8320 2466 6902 9505 1040 3039 6734 3372 156 7299 8058 7212 3311 1843 1501 2967 9185 6334 4084 6893 1081 1410 3707 3964 1306 191 1101 7057 8005 6583 7200 5366 7133 2324 3191 8330 8003 7280 398 743 9379 5511 7568 4161 8443 5967 836 372 2558 8752 4941 3180 9371 8764 9645 9527 9837 9572 737 3028 8646 7729 1509 7307 8044 7834 8372 6650 7808 8929 7772 4821 7650 2422
96 1783 6122 9380 4722 1922 419 7424 2393 0 2664 1049 922 9458 6131 9027 399 3612 5183 6004 1876 9147 5047 7450 5707 5870 8821 7813 8417 2988 1389 3059 9764 6407 5170 7544 4385 6912 6465 7405 218 9081 51 4486 1172 7063 2780 9494 6775 6614 5150 1273 7052 6373 8172 1763 8186 4764 8087 6450 7128 1279 6813 6261 202 5107 1865 741 248 760 9716 7120 2821 3772 7838 4523 5860 9691 1747 1644 5044 1797 4108 1988 9808 1745 7665 4430 2532 3738 2347 2635 9950 1652 6837 7372 2677
90 8223 2747 5920 371 9253 3147 7860 7390 509 2441 8703 2846 5813 9954 6045 8339 1184 5171 3927 487 7652 2984 4744 5451 9414 9979 9064 1676 4031 3660 7460 849 3531 7427 2286 269 3837 7513 7328 7081 6358 2936 5852 841 4214 7385 5118 7747 7890 3959 1378 4262 4995 2201 998 4112 9294 9998 3102 7067 7129 1493 8663 9035 6889 6247 6187 3199 7327 639 2791 7723 5100 1246 4975 3673 6164 6284 6513 522 1827 6066 9778 4227 8677 4578 501 1905 9353 1584
100 9717 6089 7819 6964 1291 8291 1930 3597 3681 6081 6835 1484 4661 4386 1850 3458 3505 8643 8335 8028 5427 7291 6013 9463 8349 1697 880 8294 6276 9298 6417 3071 6836 7170 2547 505 6084 8360 4345 3575 3151 8608 5114 6788 6224 7016 8551 4056 5338 6374 215 1998 8403 2030 3825 8337 6939 6397 5982 2063 5507 3154 5564 5657 5899 542 2382 7340 5554 8206 7097 3551 514 6387 4264 2190 722 7266 3680 5918 2160 9842 5470 7783 389 1665 8713 7743 8721 7809 9732 1295 4432 6238 991 3400 6003 4199 6007 4057
96 1361 123 2085 7145 9 7554 7138 3758 6479 1380 1238 2634 7681 1572 8150 561 6269 1444 1220 2931 663 2481 321 1015 1285 2461 5489 3044 6233 5076 885 2050 6204 9150 970 2159 8984 9635 7792 4206 2420 1449 9805 2836 8019 1415 3135 5214 5659 2111 5895 272 2609 5122 249 7241 6926 9469 1272 3425 7413 299 800 2168 4101 2552 4116 2882 4051 1523 1437 8978 3500 5760 7985 530 9786 4806 4982 6205 6986 5468 3363 5568 856 3434 1112 3935 1735 3080 7573 6669 1927 4394 8779 8927
96 3267 5819 2208 1037 7643 4063 3334 9944 4437 8720 7920 1695 4399 4433 7032 9047 2755 3294 6648 3150 9407 2352 4411 7021 2598 8616 4046 6503 8695 6831 1597 2045 4711 7473 3042 5591 5927 3307 8714 6278 7206 8535 5954 3224 645 2056 9523 3271 5770 7679 5636 5064 720 820 1309 6033 1976 8589 396 6337 9046 7110 4310 563 4136 8017 2675 7089 6527 211 2141 9602 9681 3229 1228 1642 1161 1706 4626 1411 7465 4705 9707 4950 9322 7791 7881 1359 6294 3826 8143 2853 5805 548 5496 6420
91 7858 5069 5082 27 6927 9530 8747 474 1736 8261 8805 8801 7498 8196 2489 6769 7953 7674 3545 253 1508 7254 9197 5878 5500 2740 9109 8309 9917 6900 6644 7449 7428 8171 3476 7167 1046 1466 3428 3145 5191 512 1559 4325 8194 8569 3338 1752 5815 3863 4567 9775 471 8102 9877 8045 3288 9218 8980 2055 184 9066 1384 1886 915 9358 8128 264 1451 1590 8354 7232 5260 2003 6631 6504 3205 5099 8038 2049 9055 8742 4600 4777 6391 4040 5147 1009 8624 7880 2480
91 3699 9476 9872 3767 5060 8148 3161 9935 4379 5028 2377 2680 9893 9940 5017 3503 5640 9625 3963 9980 4998 6664 1556 8559 2133 332 784 2700 5155 2729 946 4533 8972 3952 7499 4659 673 349 5011 4280 4522 4866 9221 7750 4451 7077 8009 7780 4688 4616 7416 6350 2129 8311 8952 723 578 8785 4294 9029 5835 37 4763 1200 3097 91 435 7096 1915 8270 9121 7586 1162 5224 1456 8675 7102 896 7308 7705 7334 1007 2091 7775 1165 2876 6825 5128 1741 2471 2972
94 2465 1127 3072 6759 2837 2365 6324 3843 3842 1546 479 7414 4969 897 1953 1134 1445 146 3613 6230 5227 131 6865 6960 7555 7376 439 7438 4719 3908 1096 8877 2432 6872 2317 375 9096 2737 5315 8366 8882 3769 2379 4893 9124 980 82 9401 9286 3220 6142 624 3521 7549 2722 5446 4830 1787 9242 164 8672 1982 7553 426 9923 230 1314 7455 9024 6679 4117 5879 7647 8374 1430 8201 9708 3100 2799 4603 5498 8519 2901 84 5845 9067 1530 5990 9600 6814 7480 36 1138 9243
90 4934 684 4315 2948 2839 8381 8454 7981 6653 5213 6922 2122 467 1114 6226 1979 1957 6356 3116 9971 5311 667 5609 2683 9749 9557 2906 8996 9693 5901 6368 4197 1399 9963 6429 7202 5422 1311 9139 491 7297 9277 4832 2068 1828 6063 4248 6463 3696 550 8533 9678 4723 4931 9468 3350 3771 8780 2072 4291 3094 5400 6754 2487 9516 4694 4511 4503 5868 356 6864 2515 2500 5259 6499 5284 8167 6065 7943 31 7725 7787 9320 8082 2062 60 9831 4789 9440 3341
97 4257 8572 1968 8812 9077 2325 7728 8413 3584 9544 4372 906 2897 3202 5821 4674 5454 9814 8380 2404 2857 3755 5072 5117 7123 5329 3416 4076 3090 2462 4476 7039 6901 7496 2136 8099 3257 6030 6423 2508 2174 6805 16 4438 9388 3874 8905 9427 4553 5627 1343 851 9484 1203 1854 9573 4748 7109 6654 5989 844 4454 6525 2145 7094 2671 3216 2636 1772 2918 2275 4142 5383 7614 434 7669 7434 8163 4256 3700 4491 8676 5314 2327 3468 3479 4780 1367 4028 7286 3012 9547 719 3655 1039 3370 8239
89 2360 1619 696 4228 3507 7207 594 676 7406 5789 2813 3050 6127 6206 2266 706 933 6242 8020 3471 7926 3041 4120 5783 6250 816 7667 2603 5677 8491 8999 3368 6858 6090 2585 1859 4829 6341 4463 4173 4756 3146 6485 4536 8728 8322 477 2339 449 8734 9795 6497 8659 9986 56 6744 4642 5674 486 3365 3073 3796 9626 4065 4403 8829 3184 4605 1837 1510 4332 8667 355 6860 7296 8466 6925 9213 3250 1807 9946 5960 3276 3599 9555 9304 4803 1404 9296
96 7847 4640 6099 8238 2157 125 606 5351 9146 489 2495 7543 5298 1759 5959 5541 9702 5323 5482 2357 8874 1980 1989 6992 1417 1553 293 6198 2032 6543 1239 5094 662 3291 1786 8489 7236 3703 6845 2577 8043 9393 9843 181 7521 2855 9224 3126 8001 3375 2968 6054 4368 6695 221 9442 282 740 7917 1625 9942 735 4807 4427 9677 9290 8786 352 2373 831 7944 6191 1105 9773 6342 3475 2092 7958 3137 456 3630 2434 8050 7661 9961 5935 9663 7566 3095 8571 2027 8047 4229 1528 2762 2193
88 4376 5103 3376 2058 3967 2386 5781 850 4657 3186 8256 6073 5431 4713 4892 9723 3734 7068 6083 1140 6213 935 9017 583 5840 5186 4384 122 2950 9176 6778 414 9061 7688 7898 1721 7651 3254 6386 3227 4623 7572 3046 4799 4625 5110 6694 6186 3884 1764 1570 6039 6919 2142 7095 2889 1310 369 9912 3007 9263 597 8492 4149 937 1278 2811 1649 9802 5778 3411 5676 1932 4696 4422 1757 9840 9068 9175 6094 6981 7074 2514 3296 6106 9060 923 6042
85 1074 7208 3833 5201 8021 1855 1720 8698 5930 5230 8422 2406 4415 6562 7087 4287 6544 437 3060 8107 8983 8409 7516 5506 5740 1076 8331 3247 1812 7104 7927 3674 8622 3298 3163 6519 7161 3435 9398 3652 5141 6776 4984 5185 939 4599 1447 2733 4539 6280 6167 9400 7431 1836 2997 8944 9377 907 9757 4192 567 9162 6604 4190 7076 8158 6918 9410 1323 4861 1897 1899 7569 6096 2531 2864 9766 3052 9114 3994 920 1503 2060 4179 6636
91 5976 4687 1578 931 6843 9582 9236 9344 3589 4565 1729 1599 6816 8773 2616 9045 1809 8900 7204 7672 9326 9351 9311 810 7911 9846 5543 9866 6311 2939 9293 7843 8784 4633 7692 2521 348 3436 9302 2040 3480 3031 1073 4996 1345 7623 1605 9570 4531 6411 3671 4067 7973 9226 7989 9284 8890 4020 4201 1202 9125 9346 7441 1440 7613 3320 759 2572 6447 3979 526 6281 4308 2767 9618 2281 5085 3166 4144 4127 2154 4389 2501 9970 2748 1465 2265 9658 3851 8104 8593
88 7203 9457 2553 6779 1781 8635 9054 6945 7015 3827 9508 7055 788 232 3726 6339 2328 9251 2019 3799 7043 8893 7823 8088 6165 8224 6262 5193 8208 9259 782 8266 803 9069 5464 3714 280 8804 8955 5207 4391 1614 6074 7795 5139 6637 6710 2841 5572 4673 3075 9480 1408 3829 9696 3811 2626 8564 8691 2914 4737 8706 4462 3689 9800 5239 1406 8791 8419 1566 5665 6116 8450 4876 5725 7220 1907 4990 771 9235 4000 4593 4123 5087 2538 9465 2856 2097
90 5872 7356 308 5437 9325 7764 1845 8260 4714 7745 2860 3200 3603 9220 8686 1640 564 3048 8325 3604 6857 6120 4221 8729 8639 7085 8202 8902 5499 5975 3557 3977 8236 1000 8338 9258 5013 5590 2445 3371 1817 6833 9337 8620 2353 297 7268 5962 2591 1497 8527 2999 9695 9328 6665 5102 8543 1725 8383 9070 3016 773 2964 6847 8962 384 4231 4620 3835 7564 9192 8240 4855 4575 9132 8334 5606 8722 874 8241 7333 9816 5264 5424 4273 727 5393 103 8928 7511
93 9509 2199 7653 4170 2998 2477 9847 6616 6537 681 647 472 4319 2115 8530 927 2976 3413 9416 2222 7432 1255 9485 1414 821 7977 3260 5742 7699 3182 5817 3159 5342 5565 8355 6908 8427 674 3785 5116 6256 6326 5841 588 4518 2701 881 9443 9745 7899 2070 644 9486 7178 9680 5163 1846 9031 916 4867 6179 8792 9222 8452 5337 8280 833 1243 3185 110 5977 700 6253 2200 8509 8834 3047 432 6512 7717 2132 6188 286 8568 3417 6009 3832 4585 1028 6102 1167 8738 7533
91 7988 1863 4246 8681 9308 3841 2184 9382 7556 4138 1926 3665 7353 734 4146 4375 3142 7598 5001 3451 5545 4058 1476 7214 6581 8250 7481 1904 5648 8016 5473 9860 3234 5360 6611 6605 687 2861 4268 9737 6421 686 307 7776 1798 2845 9619 1341 216 7997 2104 1455 9318 7452 9378 1885 1543 4513 974 4735 3345 4306 951 5343 8015 3976 9525 6792 4949 5566 3318 6747 6172 7816 5712 6706 2218 318 3741 9740 7283 7998 8310 2312 818 194 2244 7317 7442 2016 5067
90 7383 7320 2185 1962 2932 7631 6511 2414 3865 1264 1339 2549 9016 9624 6620 4515 9101 2690 137 682 9913 8556 32 5007 5438 9926 7659 5038 9906 1591 3596 5250 1479 5016 5560 7048 8913 5951 2900 5997 4812 1008 5768 9667 8775 5382 2708 7088 1761 3325 5140 6168 5601 4409 5650 5497 9042 8111 3608 7147 6916 6577 8030 1363 8368 3982 8407 3084 725 528 3423 8954 5467 1981 9938 8897 2029 8653 8685 6493 4562 6218 6085 5762 8555 6117 2575 8464 1143 1163
96 3544 4933 6207 901 7304 6439 1977 8725 3389 2315 5165 5921 6715 4085 4918 767 3483 989 4947 8023 4940 7833 669 671 2135 712 7684 5790 5793 4132 1704 2276 4343 9780 2850 8992 4091 2810 8813 1925 4598 9241 72 8042 4360 2241 8012 7476 3305 6638 6270 7677 4414 9011 2074 5378 3026 3485 4643 832 1136 2245 8126 2958 6082 4377 6999 7867 4846 7387 787 8095 9654 1148 3720 2742 2336 9128 4573 905 7379 2425 9710 3181 1365 9240 7422 1995 2086 549 73 5375 6449 1424 2711 6612
105 4660 2666 8416 3421 1082 3805 1124 9815 9679 8406 3327 8007 5436 6080 5372 5931 2987 3386 9163 6861 8894 9329 4541 4378 4265 4055 9041 9459 3556 3331 4891 9260 135 223 7420 3148 1756 9335 6752 6766 5681 1776 1025 2089 6216 5578 8727 1973 5234 2211 6020 695 79 5693 9215 4970 7994 9165 7931 590 2756 5750 3824 7748 6492 6969 9075 9238 190 8265 2144 1622 5363 7271 657 4650 8799 5389 1061 2579 5403 5809 3118 2220 4292 7218 9432 9028 391 493 7230 294 3002 1210 8447 4081 7152 4595 8758 507 8216 6613 6547 9405 4759
95 85 6128 9492 3043 8438 2065 3968 9491 697 6793 4317 2399 1852 4010 9566 4552 4540 4275 1641 8856 516 6606 7010 4072 2463 4232 1004 9956 8997 8818 9962 7848 5856 5569 9754 1912 557 5577 8539 2887 6498 8694 6563 5710 7448 5503 6299 643 5166 9144 2545 2653 6370 7045 3056 8807 9497 6702 5348 6936 1164 1536 2250 2822 9140 1639 1919 2257 6615 715 913 8969 3721 4858 5873 470 4140 8950 9948 2394 3875 9633 3975 3932 2960 5761 8745 3190 2969 4159 2054 9811 5406 900 2232
95 5461 8244 1393 192 5824 6414 8689 3467 8279 2374 6491 5559 287 7875 2249 1985 2679 3870 6487 4695 670 2764 8609 808 3211 2621 6227 2909 7509 1169 394 861 1606 5090 8924 7350 7392 4295 956 2140 7919 7274 9103 7854 6002 4607 373 4492 4958 350 6895 5811 1658 6144 4181 3623 2380 3310 8153 5670 8938 3644 5550 5985 66 4312 8151 343 7796 4702 3489 306 9908 2816 8062 1849 1250 2008 9198 1504 5695 8985 8733 5409 9771 3324 7319 4182 2564 6228 39 5673 867 3242 1892
98 8566 7132 3164 7251 8242 1678 617 1467 7722 5005 9189 721 652 6469 2236 7028 4086 7037 6558 3788 8553 3197 8688 7369 4528 675 4254 9965 1284 3461 1971 9958 5221 3412 8 6241 716 2798 1181 7458 7735 1436 6258 8940 8131 7800 658 1815 8548 3901 584 6731 9332 8501 3243 8750 9656 5734 5079 9327 4896 4250 9254 8726 1490 3525 5157 7035 1 4520 8493 8887 4619 6151 1838 1296 7071 7005 1126 8306 9105 1646 1554 195 4563 401 379 57 5794 3862 3821 3501 7270 7596 5909 8576 2195 5124
100 2492 7279 1031 3559 6437 8486 2427 1302 8795 8185 8052 8540 8820 1222 9844 8500 3701 5727 6905 7495 3540 1991 159 2114 5444 4444 4395 7072 5512 178 5386 9657 6034 2323 1156 2110 2384 5748 4494 9315 3911 8400 641 7845 21 9160 3560 9057 2691 6885 9533 5236 3486 538 8549 9539 4790 6115 1677 5242 8512 9384 2468 4708 7789 8162 1251 6140 8638 1579 7013 9782 3970 3946 1419 8623 1131 6621 9550 853 199 9685 2706 2644 6148 1680 7639 8765 5786 1935 8855 3321 9973 8139 4701 4418 2880 5251 7409 7134
93 3061 1617 9501 3659 811 615 7978 4045 7567 4313 717 6515 6184 395 5380 1711 6850 3547 5396 4994 9460 2548 6177 2 5798 5313 6717 4176 8959 8049 6794 8888 9261 8425 6760 7967 1870 4632 3550 8214 914 9556 9783 358 1668 438 148 591 6540 364 2849 827 736 8612 8451 9785 9997 9613 7311 48 6958 8701 6832 2907 3255 2804 2955 6967 2556 8377 6866 4496 7715 7530 2565 5684 9184 7906 3040 6446 496 1611 6975 3392 7394 62 3079 3067 9930 6572 9774 3740 1515
92 4935 8828 4837 9107 1683 1448 1265 6781 4551 6913 4261 3387 4500 6622 3038 483 5023 9449 1428 1529 7968 1012 815 5151 545 6763 9482 783 8457 1506 1216 6275 3571 231 6037 8644 6459 8511 3791 2198 1349 2641 9649 9201 409 2322 8449 768 6897 7984 2389 8398 6977 6815 8770 5803 7856 5530 2197 919 3538 6029 6539 4972 9435 5426 2920 4743 2759 1259 2417 6898 7622 6354 5442 8600 4423 7223 2902 1607 834 5180 544 7374 4278 5889 3129 83 6552 8544 2829 4583
92 6471 2096 6627 9873 1690 1358 6696 8054 3940 8619 433 4957 8854 4472 1006 7217 4878 3177 4546 9199 592 9210 8846 4772 2363 8625 757 5414 6158 2614 8958 3393 8343 3684 973 4039 6340 5059 5519 4455 4988 6136 5555 6306 7305 3460 4842 3896 4442 4351 7024 7907 2935 4645 108 2177 7497 7247 2898 6595 1263 9804 5527 9518 8618 1952 3045 4349 4841 7075 7709 2789 1564 7802 1671 2256 4543 8237 8480 4037 9376 8918 1362 1356 7557 6818 3346 8134 8085 5184 6476 972
94 5035 9762 462 5458 44 4347 9430 3455 8942 2761 1107 8156 7726 1275 4871 6385 7195 381 4245 5356 4279 8883 838 7396 8626 1635 3385 9689 1867 3966 257 1857 5702 4770 9968 2981 5980 1473 2840 7666 98 5745 4885 5491 6797 2991 3450 4537 8903 1093 6929 510 2663 3223 6997 9546 3302 3803 8835 5325 2688 3018 8749 5556 8018 2682 1768 2186 5246 7617 7227 4163 3470 5316 3420 5487 4534 2069 6467 1043 8531 6223 7790 4937 6713 8697 9006 4804 4050 9399 9927 9655 2582 8740
87 4817 8308 2064 2496 8762 3813 5265 6244 3030 445 7184 1921 7188 4530 6944 4167 1803 8987 8375 6661 8166 1180 8552 95 9321 6092 8851 4141 2081 89 3141 5262 6546 500 865 4808 2433 6484 7628 4097 4177 5724 7970 8507 8071 9025 9191 2233 5475 4571 1150 7862 7558 5863 4512 6746 8633 8149 929 5033 8895 4259 8405 4068 9056 7610 4791 3702 5253 8911 233 2785 1877 5192 4009 8862 7228 9270 8342 668 8783 2770 4587 4180 5392 2156 6735
96 8482 9653 7407 2210 2595 5583 5256 2479 2590 7765 8479 8364 5984 104 7472 4592 3834 6076 2890 3672 9095 790 9437 7196 9760 6235 622 5455 1561 6684 6201 8881 8356 3867 4979 7716 6956 8963 9864 5205 3848 2760 7960 9558 8189 9087 7177 3319 9583 2713 8463 5345 2285 8069 5607 2351 7309 2824 3443 6628 9660 7190 3667 2082 8766 5209 8346 8579 93 1280 1582 7446 3830 1840 6687 611 8970 207 1589 8220 6448 7489 1518 3326 3380 3852 345 9007 8692 2354 1297 1065 9881 7818 4367 2226
91 1464 3586 6454 268 4242 4218 3574 1142 8290 3167 9396 3323 9910 4636 3198 427 5534 5691 7570 4746 7797 4538 1315 9694 6876 9969 5018 605 1060 1947 9385 4816 8794 368 1848 5272 3732 1020 2979 4697 4196 8754 5968 5134 5933 9763 1223 5672 1663 1900 8184 8845 9738 9014 3645 5332 5882 7467 9511 5025 1034 1177 6035 4646 8503 539 2535 2858 3553 1618 338 4944 162 3308 9036 814 1204 2124 3636 4330 7056 2519 3642 8357 8072 5024 2571 7536 313 839 8989
93 8078 9309 8483 3690 3691 9670 9115 1655 8147 8760 7435 1471 220 3849 8344 4208 8146 5649 1095 7600 6772 6974 3407 3262 747 9799 7025 2540 1941 3160 8510 3989 1459 8456 6987 4548 3092 9590 5613 7301 331 5003 3133 1494 824 5037 1819 5462 7107 3329 5077 6290 7156 8712 4768 8857 4924 6349 3303 157 3304 1462 1373 3854 1197 7844 8761 4773 3115 6629 1102 5718 3695 3775 7078 7352 4225 3650 5956 953 9441 2694 6203 9974 5618 6162 8880 1282 6600 5722 4468 1643 9317
94 6699 9072 8534 5353 336 206 8154 8932 2304 8177 6428 6903 1233 1413 8404 8683 2832 2659 3864 2557 1231 8292 1835 3391 4556 4868 3006 8864 9234 9026 7294 3314 2369 9349 46 7972 2148 5254 5029 7375 1108 7370 4239 6670 3819 6961 8504 2632 4658 7000 6950 9113 2459 6137 5255 4166 5941 508 5206 3070 8315 2517 5245 8933 7956 4471 7175 1158 2698 1056 5174 3003 598 4366 6225 6780 6723 5032 1872 6585 2440 646 5469 1190 600 9305 678 106 3602 2247 3739 3284 225 3633
92 5020 846 7915 3272 5885 6703 6077 441 2766 7886 5210 5106 9330 392 6329 388 9364 8632 3576 1656 9813 3915 6935 7191 9228 6398 6761 5306 6375 2335 3339 2022 277 4873 2264 8627 7083 7182 3601 4758 1544 2546 143 7904 1422 1822 1374 1774 2147 7865 5784 3433 7362 843 2263 5836 7696 7098 5764 53 330 5120 8462 3958 5125 4884 6352 9577 1271 9478 2806 3481 4901 7746 924 4440 5198 5330 3808 1990 2277 3565 9232 9373 6980 8281 7873 9022 3873 7402 1176 5121
95 1648 3492 5953 3876 9288 484 6312 3295 8732 3162 7346 5042 1675 5926 994 4865 8865 835 3969 5661 2158 1145 6758 9720 8471 6566 5336 523 553 6384 5189 3121 4130 9727 8263 4516 5744 4726 4589 8520 5270 262 1788 7912 2217 1336 6941 4561 4526 9750 5302 4080 1834 8097 175 3600 68 7720 3877 6505 3171 2707 4060 2137 405 5881 3861 3794 6907 315 1744 9594 9705 2522 9976 962 1173 1830 2457 6478 5509 6477 5109 6635 2464 2834 1170 8394 6388 565 5049 8603 9924 7697 7682
96 1775 2593 6175 7324 772 7923 362 5449 1050 1135 2268 7477 4011 7839 892 6389 8634 4481 6460 8145 8026 5275 3708 9990 4675 1805 7738 6923 5296 128 344 4787 5663 3685 2970 4158 587 3280 3945 2005 6938 9295 3715 3606 2176 9765 1030 4564 527 3359 3078 7609 1214 5416 981 7486 1277 8977 4398 5865 4156 753 3618 3374 5602 1634 8459 4586 6545 168 2513 9367 8811 537 5892 8594 3906 9545 7814 8210 2993 4421 6517 4951 1487 7951 341 7805 5217 8816 6917 8248 7719 9883 6367 8994
92 1874 8943 9076 8132 6891 2867 5384 7373 2848 7419 3156 4202 4577 8068 4090 2512 6348 5735 259 6824 6071 4992 2042 785 6602 7810 6251 2607 2945 1804 6379 8525 7871 5054 2296 2330 5142 3194 9104 1654 2868 7785 890 4779 5450 3316 9715 1577 2113 7365 120 387 7695 7550 1914 6490 6395 2138 8284 2800 114 9466 5978 3023 2261 4555 5848 9314 7897 9207 9882 7439 150 3005 7275 4604 3749 6018 7148 9943 429 2982 7882 4637 8595 7703 1629 482 6988 5445 1248 2396
87 894 2502 4374 3533 5197 1541 6345 2078 2826 4952 4272 1005 8264 7219 1766 5966 1895 6578 8537 4544 276 4207 3795 425 4253 5390 1906 3405 9127 7049 7492 8756 3364 6327 5705 4110 6736 5599 8930 5301 1585 9983 7603 1987 12 2188 8332 212 5463 9116 5812 9051 1396 8953 5299 1227 1194 8083 8109 4788 9149 2164 7658 8288 8497 7551 8112 2287 7099 5358 8755 1446 5465 5368 7264 1762 3727 4118 1342 8787 1970 8391 4742 8878 9734 863 5923
94 4558 8079 2818 7835 360 7162 5829 5862 8267 6043 4926 1681 3419 2034 8487 3403 2788 2888 3950 6480 6301 8243 2874 2079 4134 3493 3457 1811 945 2892 7599 9854 284 7401 4716 7315 6651 2986 3123 2413 3779 6154 4792 5019 1299 5048 3913 3895 6458 9438 634 112 7739 28 2033 6720 4919 5231 6361 59 7014 9313 1492 1235 8914 9350 1274 7645 4443 7459 8739 4796 8934 22 595 9828 9870 4621 4087 2716 6899 4881 7702 3297 2453 5957 7479 8473 1937 4453 1999 995 6609 8819
98 7611 5319 5030 5938 5074 1951 5795 8123 9563 1931 9402 3847 1632 577 3663 8218 7821 5575 1063 8917 7687 6195 9647 9157 8710 9134 3736 746 7485 3463 4859 2260 3724 5268 7949 6032 7281 8981 7114 7656 347 2862 9559 1059 8359 9605 8245 8991 4997 5006 8347 459 6240 4012 7751 9615 2175 8843 9120 5046 9168 3285 7595 4953 9905 7398 6597 8599 3136 2574 408 1942 9640 1144 8919 9451 8432 5851 1969 4429 5387 8776 6521 6962 2469 4938 7517 6808 1332 2269 9312 3336 3409 5161 1067 3649 1146 1633
90 5911 9257 5972 1765 9230 5622 604 5743 1019 8920 177 5890 6730 1789 635 4991 2944 1106 1209 1616 4557 2732 9354 2990 3595 5136 2297 5891 7019 3855 4648 288 7421 5283 7885 7103 7491 4582 3625 1426 8496 2341 680 9172 3668 3756 1151 5736 1225 6764 8426 3628 4461 7577 2957 3943 3709 7002 6721 3563 8233 2470 9131 1175 3768 8222 71 6287 9581 6006 1731 4469 3909 1816 87 1856 1477 7626 1287 2769 1533 3082 9285 3657 4617 9180 8982 1923 3949 5594
89 3504 5996 2638 2234 2786 3008 6121 4115 9868 9334 4921 3717 3818 2925 8499 2942 8488 41 7870 4574 531 6502 4034 6716 4137 8418 4286 842 9475 5675 7187 7887 6518 9932 267 5318 5244 2131 1480 1686 1944 8439 442 8536 7602 830 6338 7826 1420 8514 7664 8708 2472 2922 5276 7580 5654 7125 869 2305 2915 1412 3770 4638 9454 1839 2542 5483 4017 6844 5285 4002 6300 3757 3172 1549 7440 5273 3488 1525 6822 1972 8505 7698 2758 7731 8316 1398 4745
