24 2735 7028 2198 3783 1496 6274 4969 5567 8159 9038 9407 2506 3256 4025 2646 7852 6626 5223 79 7349 8790 9781 828 1226
23 6689 7864 9469 5711 1902 2044 7729 4353 1960 8547 4002 1499 6298 5655 9730 2030 3385 7771 5624 6616 3571 5931 5225
21 3090 7612 1524 3566 6399 2115 4062 3450 2444 7009 2116 1566 9943 3081 5828 3056 623 3349 1287 7002 343
25 1209 1438 6951 1503 1465 1215 5994 599 8815 3999 7538 1882 2522 3336 7333 160 8322 4492 4484 2879 667 2224 7138 1306 2276
29 6466 2424 7927 57 5291 9564 7457 4594 8494 1774 561 744 3010 7832 7371 2336 1950 9096 6144 9108 5022 9036 4743 3872 2905 383 8363 4277 4319
28 5018 1784 5996 4228 1046 6971 2290 2972 3231 4125 776 7944 6776 4165 8181 8392 1578 2101 3884 3192 140 1398 5051 9168 3780 2238 1653 2225
25 9313 5858 326 1685 3338 6098 1008 536 8007 3154 4890 2039 9335 2552 851 1717 1432 1760 6867 228 8092 9154 8891 3838 5125
23 2519 1492 3129 1628 376 9177 4278 7794 3509 4087 7645 4979 5520 5793 5490 2499 1333 2727 4760 9067 6717 2221 6191
23 549 9137 5507 830 8421 2817 5962 4249 4675 4692 9384 6414 9218 2214 110 6557 8012 8723 2822 9861 4927 9721 5108
22 4525 9090 9636 5650 9165 8694 5001 8109 8550 2063 581 5217 363 9295 988 1526 2968 3626 3676 2656 5408 2627
23 5934 7398 2657 5888 761 4541 1583 6094 6904 2713 4487 238 8881 1163 5257 2514 5231 5030 5081 4967 913 1586 5821
20 88 3249 5954 2825 8412 967 7614 2933 9880 8115 8234 983 8052 6395 5707 7218 9585 5434 3656 8414
23 2465 3540 7975 6021 6729 6213 4213 1016 5864 2990 5956 7551 7917 5427 4381 3864 8364 6209 3576 937 2100 6559 6185
24 7957 5358 4867 9680 1222 3190 6698 7697 4939 8764 9671 2947 7285 4571 335 4524 9883 1400 9338 2671 2287 9940 8087 2658
25 519 3918 481 4666 4854 115 1220 1891 5155 9230 3141 2960 173 2789 3777 6637 2091 3852 891 5641 2637 2145 2133 3591 3204
21 4309 3197 1869 9562 4205 6062 6932 8446 2034 3293 1277 3551 7720 8936 451 2146 324 8451 1641 9977 4281
23 5970 9649 1267 4869 1245 7730 6657 2315 8481 4212 5313 682 3076 8354 9076 6428 8295 4010 2598 4905 9650 8001 4891
23 4839 3294 6200 2442 7203 560 4441 5064 8883 3501 8475 694 676 1618 5164 3794 1506 7821 9540 5368 2583 9317 2845
27 5324 2738 2681 933 922 7477 178 1309 52 9433 3672 9022 8748 3212 9224 8250 5220 4925 6397 8754 1076 1849 8572 8320 7151 5876 3120
29 606 4984 5636 3445 7692 2661 2667 8686 8801 4072 7178 4457 6171 6339 2563 2719 2903 5479 5109 6852 8005 8794 8706 8423 1928 8724 5753 3229 6453
22 423 5615 1010 3191 6261 7171 2045 8610 9379 9330 946 6565 8810 7153 673 2849 5555 410 3533 3378 4040 6170
20 187 7993 7372 35 7882 7558 5564 6379 8326 129 1136 2274 5747 5633 1214 6792 2747 7951 2073 2964
26 6663 7156 3354 267 1733 2076 5014 7207 365 8799 5092 3494 6308 8283 1068 2003 5119 3834 5946 3941 6411 5831 5551 4778 9635 7700
26 1066 8932 7314 6771 9832 1441 2640 3930 1716 6134 7384 9421 1217 6612 6504 8015 6471 6791 291 3954 6954 246 7983 8260 8622 2586
27 5335 3276 6669 8766 611 9273 4045 5009 6218 8901 8534 5694 4620 9244 7820 7661 1265 8196 8975 8066 5354 3914 791 2211 5616 2408 3386
23 8175 658 4661 6413 3370 1762 674 6297 3722 8935 547 8495 9597 6666 2454 4751 7158 111 5735 3520 7906 8123 247
21 1560 2357 5205 6645 161 1081 5792 550 5556 4997 8432 6738 1423 3563 2002 411 4375 8195 6627 6917 1378
25 4758 2942 4848 6563 9761 120 8780 6211 8540 126 4335 1567 9665 1780 3668 5275 44 9973 5121 7603 927 6685 3172 4446 3589
22 3817 1384 5295 2470 9392 7812 3421 9882 4406 5026 9541 3508 7930 1712 4131 4504 7739 6700 9960 8959 5179 8131
24 3580 1984 8198 8991 3054 9972 3952 1048 9859 8491 4343 936 2205 5529 6130 6530 8357 3771 2168 1575 7955 1086 5147 3887
25 1273 3148 9011 9314 4403 4756 5070 8160 8428 9085 7090 9967 1535 7616 3590 5945 6623 5755 1153 3698 9676 4795 5978 3719 1247
20 7499 7687 8832 6634 6584 3102 9408 249 5486 6602 7635 2365 4252 571 4427 8949 9648 3238 1522 4156
22 1867 5491 8346 640 4544 5660 8981 9496 3157 7407 2601 8334 3635 3376 9009 5215 9253 8762 1663 4220 8941 4243
23 7965 6404 442 3022 5584 4371 934 4853 387 3127 1980 282 8549 8565 7675 551 3019 191 4458 5580 3529 2337 4013
25 6822 3990 9890 6392 6048 2404 5861 3499 8662 6306 7529 4429 6854 7405 5877 5339 2801 5365 7348 299 3995 4570 1966 758 7766
27 2432 3236 8573 950 9527 3970 9132 7103 5933 7898 639 9113 3686 288 4514 6720 3937 6330 564 145 9771 6334 8717 1312 3335 5508 7986
24 7070 9347 1970 8681 6814 4034 8585 2760 3925 5016 3828 7124 7400 9825 9855 1811 1571 7257 4928 5252 7618 2679 8008 7375
24 3055 6110 41 5602 7208 9276 2075 9992 2557 8960 8705 1154 1229 5416 6691 858 5414 6166 2182 6300 6015 82 1082 5244
28 4742 9405 9602 1997 32 531 8652 3901 4293 6905 2645 7091 9462 3397 7741 347 1036 6671 9352 2743 6723 3318 1812 1350 6546 5474 8163 5672
25 6002 3409 5540 5756 2776 9570 7576 7564 4559 134 6556 1727 5681 198 4573 2469 9094 8267 522 8707 9956 3945 1961 4951 3664
25 8292 6658 1054 8614 2207 9604 8263 523 1197 5481 3174 3269 9366 4280 1670 2932 9125 4721 7317 705 314 107 6968 4332 8535
23 672 2233 8786 2382 6216 2160 5803 2558 408 1411 2197 9111 8013 2871 2542 2242 3996 7059 2131 4611 7303 5854 1418
22 7475 5727 7406 6128 6438 9617 156 6582 1924 1840 1819 2631 1690 701 441 2420 5736 7844 652 6788 6365 6919
28 8477 5213 8462 9705 3270 5263 4326 3981 9844 9303 501 9778 4688 1988 510 3395 8697 5203 6651 8287 2647 236 5750 8321 3422 3836 9589 9176
23 5235 8290 5090 3906 9199 2884 3974 2397 8097 6462 1357 6707 3152 370 1388 8469 7623 8769 3932 7836 6019 5057 5682
21 6277 817 3510 483 9610 9645 6630 8244 3534 5810 9092 4351 1890 6918 5418 1244 5338 1899 5812 5294 4292
25 2720 1609 6192 7554 5539 4639 6672 5770 1584 2804 133 5314 9554 9978 6033 9958 5741 878 6577 8455 5142 1426 5348 5232 9776
20 9409 8484 4196 2896 1079 9742 1459 4734 3772 2633 1283 9862 6509 7970 8751 6487 1149 6207 6087 4538
26 2920 1637 3334 5779 559 3227 5619 9208 4628 543 5587 8593 1604 8676 2688 1856 3634 9907 7244 9875 7681 9432 7136 1983 778 7795
23 4094 3005 2147 1460 5422 6618 2480 3710 1612 3967 518 5102 2344 7797 8651 7652 7480 9344 5916 2481 2491 7057 7146
26 3629 4208 8207 8772 1365 8909 5782 4014 4916 670 8775 4136 4614 5796 8045 5893 4023 3023 7694 6440 8454 955 7343 1141 3535 3032
22 677 1170 7546 1508 5799 9684 1412 6865 2893 7610 386 1253 3178 1657 2575 2723 9008 8144 1336 8923 5661 6350
20 3607 4781 5748 9654 5428 1537 7778 2468 3216 4698 9148 9572 3091 9041 8853 5673 5096 6032 3742 7733
24 9679 9406 7638 5566 6141 5766 3326 3465 2374 3761 6866 3115 6799 239 859 1094 8732 205 9904 3733 1366 1077 5825 4320
26 1097 7198 9805 3585 5678 8951 252 4871 30 2272 6036 5473 5442 7807 3072 449 4452 9946 6860 1243 7815 1582 5148 1473 6364 7111
20 5497 190 6208 2787 8642 2406 2875 3210 4840 8833 3796 2311 6802 7973 8805 8568 7233 188 1642 8054
25 9752 1406 730 856 6009 4089 6067 9687 4669 618 3416 4251 3262 964 8844 1151 6568 9932 5038 9615 9580 5431 8735 6266 2441
25 6670 9463 3073 4115 7785 1182 2314 8687 76 6406 7879 7999 6264 9933 132 5438 3226 3600 5075 1600 9280 2193 9220 4350 8171
24 1757 1630 6296 4404 1557 8037 6172 485 5879 3278 1590 5167 1597 1606 4579 9531 3306 8733 764 2970 5407 296 9123 9569
24 5440 1113 8382 9613 5241 514 3133 1896 7843 1461 6085 78 1786 1707 8885 3695 4707 5450 9203 5459 7008 770 759 2840
23 9514 3257 4080 3036 4485 9561 5910 3075 2154 1307 3979 8689 9866 6588 3582 9991 2001 1070 8716 9465 7413 1377 8057
26 2571 9402 9543 4973 8529 3524 9388 5074 5289 9734 4038 5122 1668 5396 1671 7728 226 5546 3716 3240 1954 3275 7269 4901 9993 1923
23 6381 7471 7631 7683 7922 9242 97 9089 7389 3556 3267 4992 3660 8584 1711 8828 653 6929 1108 5138 8541 8654 7182
24 9003 3651 6450 4558 4101 4862 379 4074 9779 6609 9988 261 8473 8623 5795 7022 4216 2083 1380 8684 5972 4551 8838 8430
25 3549 1773 482 1873 7092 8973 2128 7592 6345 6722 5801 6505 9867 4876 1375 2081 8771 1360 7963 9145 7959 1683 12 6433 3064
27 4601 9935 7648 4003 475 9035 7216 5160 2565 6838 893 8136 6375 6939 2861 3856 4902 4739 9170 3060 1895 3179 5251 5130 9749 5436 9990
26 7657 7210 9830 3842 9180 5579 3829 9584 6775 8383 4518 6816 4067 6798 116 8954 9034 7304 5843 2562 8467 2310 5839 5652 3984 7036
21 8708 8024 8309 3915 607 775 2477 7817 5635 3776 4988 4369 6928 2283 4240 8759 5965 2604 7611 5296 3749
23 5860 1512 9078 4016 8795 6967 7309 1872 4496 2722 4591 3832 8822 7725 9059 2484 8633 7850 3460 8130 5737 1909 9227
19 9847 7329 4299 4602 3818 2954 3469 2281 1871 592 5350 4082 9509 9197 6193 7044 1536 6911 2273
23 2883 7320 5377 6703 9202 1311 659 1330 2622 2037 2765 2756 5728 2004 7168 2816 3472 8056 4753 5563 1614 6271 8022
24 5445 7020 7249 3966 2059 9394 8800 7830 5134 1041 5357 7966 8672 2158 7695 7596 8405 36 5657 8919 4354 6147 3284 8350
26 9976 1372 8902 3565 1647 2696 1494 649 2842 4802 3077 3221 5986 2398 223 5590 4917 5397 9415 7688 2349 1202 3797 4723 6258 675
28 4078 627 4761 7442 4645 9846 106 9837 5907 2479 9983 689 1720 3235 801 6813 8016 7071 8781 6640 4814 7074 8100 7369 1837 8235 9560 6016
26 8310 789 9944 1550 313 7941 5835 987 4426 2614 151 9278 1450 2413 7322 7299 520 3485 3515 644 746 4813 7977 3390 8552 2597
25 6916 8557 8224 8653 3778 5008 5959 953 5154 6184 7454 9447 8498 9959 2820 3171 4037 1483 9217 6401 4808 9 5494 5547 1212
24 4008 7114 9559 7097 8167 74 5076 281 9298 4533 2715 2644 7653 8680 7345 5430 5638 7639 1028 5048 2252 9210 9765 9970
25 9888 2166 5535 9769 3453 1369 3261 7764 3476 9908 575 278 7505 4712 8294 6229 2255 1556 7421 1788 2161 8089 9196 6465 7641
21 6263 3311 7430 1 4555 9481 2415 3044 2125 7599 1622 2282 6555 4755 7396 6516 5822 5935 31 8070 557
24 1305 6150 4673 4141 5830 1475 4046 8416 9968 3039 9542 8415 3438 787 3382 3151 5378 9178 9069 6501 763 9782 5476 1646
25 6815 8736 4109 2305 9492 5287 5045 847 2796 1771 2390 434 2062 6945 6431 3908 8914 2572 7159 8894 5791 9340 9467 8311 3620
25 3307 2536 2782 3319 9410 643 2043 9441 1448 6810 279 6442 6142 139 6667 5761 8912 1126 9885 4161 2628 2013 6158 1293 1569
26 303 8209 332 5917 3958 3315 2467 6683 7148 3470 5249 6486 4730 4560 4102 2590 124 287 785 1413 6828 8501 4324 4996 3712 8947
23 4071 699 8784 6000 8609 2209 6367 2907 2670 5004 256 6823 5575 8528 2615 9099 1172 525 2865 900 1581 6080 4133
23 2316 6123 9845 2570 6705 853 7315 9566 9623 4282 2383 5582 4092 414 2560 1187 1632 9122 4015 4361 1129 8538 6644
20 1335 8158 3426 6293 9897 4113 862 7341 7842 2978 8107 1533 9802 4581 3831 7029 5871 8929 8606 7441
21 2917 726 8448 2041 2105 2291 8851 6681 9574 3404 2443 1125 4567 870 9788 5114 5842 5669 3304 4 5720
24 8731 4260 3403 2036 6969 8094 6331 9438 2366 235 366 8616 806 3674 8387 2462 8170 7242 1379 5162 9390 8888 790 3975
25 1138 6199 5425 1792 6886 2394 5809 3905 7755 918 2109 4993 1291 4621 1446 9386 5111 1829 336 4436 6621 4977 3126 7772 7115
24 9619 7230 1804 9071 2852 4195 9228 6868 7926 7018 9194 6811 154 5696 1361 3497 1440 7526 2249 7705 4700 5817 3791 6288
21 2061 9128 4502 782 9419 8742 7808 9652 9720 4892 2042 2923 2364 1885 9664 8704 7775 9600 2277 2677 7093
22 5086 7889 3188 8348 7534 3909 3874 6699 8492 6778 6995 5136 1405 9174 4480 1362 9887 2877 317 7424 811 3313
27 4058 5359 1640 9345 529 4344 1620 4653 9789 5306 714 8166 2299 6006 5568 3412 9188 1196 8600 5321 8124 9521 8386 2703 2113 8226 7533
21 4618 8458 3541 290 1910 5853 444 6197 6641 4096 3907 1047 9661 2254 6636 9269 5336 6499 101 1544 6518
26 7929 2899 1527 2338 3636 1746 9027 9031 2052 8741 6423 732 7016 6763 7072 4001 2403 2487 9404 3423 9854 3452 3128 1301 1579 2724
26 5300 7180 5554 119 7579 871 7301 8510 9644 4128 1649 4578 1469 4681 1596 2676 6254 4598 8457 8269 7954 5399 3274 1014 6978 1055
25 1315 7129 128 4705 5135 1968 2275 6757 7415 4104 7796 889 7718 5258 9653 8318 3132 4448 5015 4812 1636 6958 2280 1210 7404
23 9707 8262 2118 7567 9064 8785 4130 2292 6909 4224 9321 6513 7914 184 2739 2911 5412 33 2391 3250 2908 7565 7731
27 7429 4693 9869 9042 1349 4355 2906 7339 1639 5670 6920 5976 3078 5168 6131 6328 2317 2761 6760 7390 6933 5209 3734 6273 7996 7714 7049
19 7861 5808 3317 2497 2077 7364 2797 883 5062 4043 9547 3448 1789 6520 8479 1952 702 1602 5029
23 4059 4583 5771 2856 2999 7191 9424 1364 7987 7502 9026 1551 3483 6224 687 3096 6028 7484 6594 8091 5923 6789 638
24 5192 5743 4507 7883 422 7746 3675 3731 1199 6926 6861 887 4626 4745 4004 5199 5153 9857 7478 650 5435 5623 4339 1359
26 5299 739 3092 6749 8831 7732 3904 6333 9240 5353 1337 6542 9774 8855 2943 9422 9961 7030 9173 5229 4534 5683 5011 2821 3543 6152
27 6783 3579 3947 98 7232 1487 1211 3305 8691 4085 9155 2596 7402 999 5367 185 6126 2459 6837 3440 9745 7170 5960 9596 1570 8106 3994
29 7401 5948 4421 8856 2178 5713 1859 8820 5040 1861 8976 433 8049 72 7331 2294 7982 2010 63 8117 5315 8497 628 2870 8142 3819 7524 5848 6111
27 4855 1605 3779 6352 9949 5695 6359 1391 544 3765 8017 4033 9163 5548 9348 1463 3577 3332 7942 9618 3943 312 664 1662 6598 1751 6
27 7463 7287 4794 854 1324 2368 8644 1589 4787 1389 6519 5472 1501 4407 5577 2892 3387 7590 6632 5703 532 2005 869 9656 845 8612 2509
23 3167 4414 248 497 3993 8228 9101 7971 4472 399 1702 4746 7871 8006 9047 5084 7559 5264 5685 6070 8429 2286 4158
20 273 5387 1564 4405 2434 6784 9272 2885 3673 1368 3606 9205 4135 5506 3006 3312 8139 7228 3679 9326
24 3444 8302 8440 6742 4481 2857 2220 7334 4722 4279 2129 5778 3682 6314 9201 2699 5200 5918 6109 8999 2594 7219 3611 9796
23 769 1323 2566 6316 3112 1355 2979 1595 1820 7392 8688 7750 6820 4368 4715 3389 9699 3324 6108 2730 2456 5449 3825
26 9305 3826 1955 2992 330 9842 7633 7569 7931 8926 5411 5005 153 8863 7839 9389 2752 8172 2750 5745 7055 2114 9200 4563 6569 7393
21 9563 5034 5516 3420 9209 5557 4244 9143 3163 693 2381 3355 5392 5126 8256 6343 4474 8861 2421 8327 4799
21 2247 902 1200 2261 4372 704 4497 2095 2547 3496 2151 7368 322 7875 4191 631 9257 5894 9198 7017 8019
24 4377 6135 2495 1949 7856 1985 9248 1790 7659 2729 9780 539 7175 7925 827 1704 5612 38 6183 7268 637 8168 3264 998
22 6412 6457 5307 9751 7643 3694 6953 7781 4878 9470 7978 5607 339 4239 7067 9841 747 1185 9296 1969 8083 3562
26 713 4885 6202 5719 6601 5082 369 799 2931 4489 5704 2348 7107 8280 1457 5261 1764 179 7481 9759 6236 7073 7350 2185 4018 9131
24 2135 2079 4815 9511 572 8597 5405 8953 463 9229 928 1340 3331 8336 5906 2619 2533 2987 3143 8222 9290 8607 4909 8178
23 2949 109 4630 9289 4017 4617 4828 8533 4209 2078 5470 6552 940 1119 5492 2650 1793 4283 2353 4054 9936 4506 3043
23 700 2714 8835 9702 9981 3122 4944 163 1907 9270 2325 5904 1749 6124 3711 6230 3162 9808 4269 8333 8 9614 5631
24 8703 4428 720 8868 7438 7555 2164 1679 8624 112 8621 9533 8199 1017 5706 9892 5115 981 5037 148 1074 5798 840 710
23 117 2538 1221 507 8273 403 6283 7805 1643 2958 2402 8767 863 6996 8264 2269 3187 446 2888 3180 7215 327 8700
21 3442 9996 6245 5352 7135 3685 9611 9881 4167 8105 8590 1516 9080 600 1763 3889 8899 4763 4735 430 9374
24 6695 3640 409 9735 1565 1644 118 5323 1692 8871 9987 8289 3065 7819 6733 333 8200 1615 4599 5197 4305 729 3012 8740
27 1543 1013 6003 6503 3194 5576 8062 8798 3845 7566 678 4682 6083 1296 786 8076 6175 6812 3214 681 5989 8255 51 1481 9608 8396 1318
21 6831 3758 7876 5012 5690 8272 1259 938 1317 9397 9403 7960 5165 4182 9398 4596 2262 648 8080 7235 3259
22 6901 6493 6765 8940 3468 6476 5684 2910 7296 4093 8673 7397 7699 6759 8202 3464 2564 58 4257 2492 2227 7058
24 3156 3575 1177 2333 7245 2377 5764 8760 490 5262 6862 1266 3973 2995 5448 4501 1049 1249 9206 5676 844 4823 5318 3289
25 8518 4387 2539 5240 8173 5382 5610 912 7791 4312 2189 1796 7531 8360 5805 2687 1321 6668 5912 7324 755 5895 6676 5230 2508
24 5769 3596 2074 5303 5433 64 1523 9912 4634 2057 2599 8343 201 5963 331 9235 6497 9756 7992 3273 390 3612 329 9334
24 9393 8425 9012 2112 9429 4503 8493 8746 4550 4608 9231 8992 2186 3538 9211 3670 6624 269 1739 4995 6998 8232 7001 8120
24 7040 1860 502 3680 4986 7642 4552 7873 8229 4221 6240 7626 4259 8669 5705 3198 1917 7358 3309 804 258 1599 7789 9476
22 3855 9852 4154 164 7682 3785 352 215 5373 8872 4168 8141 3283 4039 2162 605 4215 3280 1935 3014 6931 1300
22 1515 1651 9286 9002 660 8806 6593 4965 6389 4582 1714 7195 2936 7294 1957 8358 5691 7485 5489 2697 3848 8556
24 3371 2436 9628 511 3082 7010 397 6386 9362 2137 6047 9955 8242 8729 2587 9663 7023 7300 6731 3260 3343 2321 7899 1948
22 1992 2512 2973 4376 2180 6251 459 8645 5998 9659 6312 5032 4359 9548 745 2416 6661 6889 5044 7409 1951 5646
19 9325 1024 2904 7690 7253 5622 1660 402 4358 1073 3613 8197 7095 9732 2363 4672 9048 6514 3755
25 9675 4959 2690 4028 4764 8695 9075 396 4884 3799 3854 9368 8646 2437 9183 2721 9181 1373 5863 3519 5325 6448 9642 9507 5334
22 6198 8376 3866 1580 146 9647 8827 7924 7004 5880 5308 8817 5019 3360 9053 337 6781 9535 2251 9997 2608 5944
21 7928 9920 3411 7668 9678 4744 6416 320 3536 855 8439 1906 2222 8365 1540 8837 3978 3140 8082 7436 1139
24 6807 9052 8040 5477 8194 5437 3790 8918 1747 8591 6540 17 9431 3059 8643 5085 6040 4313 4444 2435 4510 6348 2322 181
25 4435 3160 3263 3666 100 7096 7693 7691 4314 2332 2024 9428 8969 4322 4370 5 6690 7084 4956 4931 6057 5413 2814 2862 4374
22 8640 5875 3991 846 102 7816 7316 8743 7620 6581 8931 3374 8478 1616 2953 3063 2529 5667 469 9383 2516 464
23 3869 6849 5282 5511 241 1152 4356 9817 7194 5023 836 67 8362 9801 5570 9501 1808 5272 1425 797 3400 170 1150
25 4307 6329 697 6069 895 3949 5260 7145 7305 2 6292 7651 6940 6608 3650 5614 3806 3810 345 597 8114 6725 5647 7011 5723
25 3253 7553 3462 9951 6538 5124 425 9074 7542 7231 1396 122 2854 3747 4100 6145 4271 6992 2779 1878 5024 7035 9850 6405 5606
23 375 2006 6265 1729 6182 7342 6344 8103 4456 4263 8692 257 4144 4051 9518 885 1607 460 6770 1658 8152 4273 2463
19 8329 2838 3017 5351 2551 1443 8058 1532 8182 1592 5340 2308 6362 1858 8240 9184 2961 2922 7173
24 474 945 6125 984 907 5951 715 6041 395 3356 8067 2431 9929 9786 2183 7550 8977 5319 5177 2624 9840 5536 5900 1410
22 5868 8699 3490 7380 6762 2809 8051 7065 3625 7939 6318 6947 1056 4081 4837 750 5531 3002 6007 4752 4962 1304
22 1040 328 7574 9512 9127 4477 4433 8511 8793 5763 1828 6001 7360 2303 5277 6233 5781 6826 9294 3441 6212 2203
25 222 8020 5541 3972 6537 629 7143 6181 1071 8725 512 7520 7388 7272 7517 2803 5643 7473 5079 3899 7437 7489 3652 1341 5953
24 1005 4511 3066 3047 8367 6422 4858 4236 9328 1428 2740 663 3359 2532 4529 5530 9261 9367 7241 5560 2815 2592 4057 8847
23 3555 2123 5920 3502 2126 2260 5967 2191 6830 5733 3878 5456 591 4362 7295 3350 6065 8096 5688 690 3093 4553 8789
22 5424 5237 6536 3325 1422 5123 5630 6708 8974 6415 6858 7321 2793 8525 5496 2050 5151 5836 6482 1084 1472 136
20 5693 7104 212 6523 1346 4879 9741 9838 1420 3 8169 4710 8247 6561 609 2858 1354 5949 432 5273
25 84 6884 1904 6739 92 7263 7066 5221 3757 194 26 8281 1999 4333 1919 7144 4298 3683 1128 7905 4729 56 7985 3514 8217
26 9140 3138 9105 2000 772 8542 4449 9420 7594 3992 9919 7708 7292 9275 2334 7378 3089 7774 4757 4922 6872 2094 4189 8613 9214 465
23 4894 8055 8157 4020 6648 2187 4398 1912 8339 6806 2935 3241 6105 8010 1933 4572 7838 2569 7033 1517 73 2593 962
21 920 6740 4807 5503 6089 382 1787 2498 5104 1078 2834 8946 4386 8859 4178 4983 5127 8666 6461 2773 4186
22 6706 8459 8410 2250 657 8996 3750 8460 3340 733 8539 4874 3700 4026 8905 2524 4022 1594 4918 4424 8939 4725
23 9799 2641 7248 1963 992 9364 8164 4302 7712 4266 2438 1029 909 1854 9021 6531 3548 2446 5814 2098 9307 2411 3097
24 7956 5990 8351 5892 3433 4872 8214 8620 2439 3139 5482 545 1262 9017 5585 9342 8972 1936 7878 9058 6715 2312 7133 1038
24 2559 4706 9385 1430 2984 2107 1541 9221 1741 9917 8524 7521 4036 1990 6545 393 9088 2372 1507 1552 9773 7183 3863 6060
24 5717 8566 3717 3583 4880 2652 5915 9370 1392 880 2504 3351 5502 4262 4155 632 2466 9587 5461 4556 4383 1147 5637 4241
28 2695 1734 9487 2577 7162 9357 8413 5725 3547 8177 4190 1116 125 7543 7976 6079 5333 3706 6500 6295 7845 4402 14 8398 5204 4267 1456 1343
22 961 9452 9631 1386 2937 7425 8018 6179 4211 6769 6622 8304 6249 3365 1268 6551 1798 4574 8964 204 9484 3111
25 372 4546 150 665 6173 9858 5702 7915 7609 5250 3489 385 3628 4754 2047 4118 7031 3479 4005 8893 1288 6944 1892 4160 6221
21 7952 2426 498 378 7811 4776 9526 1791 5041 216 6897 7265 9293 8496 3001 8206 2716 562 3637 455 5293
22 24 7704 5025 3795 4297 3232 9070 8014 5372 4453 7701 2175 742 2351 3820 5505 6100 8409 2096 5198 8726 616
26 4090 2788 1223 656 2900 7777 7761 3798 3211 1255 3550 6262 7046 3195 6174 2980 6400 2553 6388 9040 4952 9703 6035 7391 7356 976
24 9084 5393 1313 8989 6078 9836 7370 6103 6301 5379 6122 7217 7461 814 3684 6564 4142 2807 9689 1938 7863 6294 6210 8069
24 2869 8739 2399 9557 823 3290 7679 1431 9103 495 171 5271 815 7995 5355 8315 3094 3048 2853 427 3787 5443 1290 9281
25 8962 8021 8338 9625 4615 5457 3621 4767 816 11 8074 8153 2093 4478 6091 6787 7027 919 1127 7696 7412 7880 8156 1207 7937
21 2356 3208 825 9450 7209 8938 8998 1393 6203 774 3150 7352 9594 6320 4148 8776 3320 2064 401 5973 9827
26 4637 8435 9744 6825 2173 716 1264 4515 4768 4075 453 9212 7273 2757 7238 1505 8846 2195 2066 1708 3040 1059 9493 1148 7042 2691
27 4150 6752 5829 381 2217 7387 8407 2234 2909 7266 9150 5767 2956 4454 6469 2785 703 8233 7056 7634 4509 4610 4408 8877 4393 7311 1261
26 6115 9473 3821 4657 6026 1613 3623 7562 7221 7793 7689 4357 7650 4647 7753 1836 6553 9414 8714 9271 2629 3983 2554 4197 9004 7460
26 3988 3951 1218 6984 7759 3181 7532 8239 8307 1402 6629 1953 4535 2996 3446 4517 7932 7280 620 5644 5845 4841 9014 749 9545 3880
30 5885 8586 6711 596 9171 9134 1846 5031 3997 2874 9001 736 4365 6604 3511 7848 7897 2097 3956 7060 781 1577 5797 4466 3322 16 7748 8372 7824 2544
24 4379 7451 5285 1272 8445 9466 3373 6426 2248 2309 6888 527 7298 8997 3567 9425 1839 5950 9124 3604 7676 7297 6441 3969
24 7399 8104 5699 5156 9033 7134 5526 9911 1875 8916 2452 6772 1435 5093 250 9616 9591 1821 1374 8275 9747 5855 6750 5543
23 541 5113 3786 417 9872 8030 2362 3429 8603 5708 93 6692 5925 4389 6315 3953 4488 5185 5515 3703 9454 1573 1019
24 7561 166 565 4938 9710 4664 2108 2948 8099 8004 5537 1976 8526 9350 6506 5930 593 7469 1617 4418 8282 2880 7131 3402
26 4143 7512 4349 4957 2473 9655 40 3862 5878 9219 3661 5600 4919 5274 8165 5645 4771 4954 426 7589 4179 6435 2550 9494 8463 4987
21 568 5510 3557 7663 3418 8560 5995 7493 7920 3135 9337 8841 634 6382 7336 5940 5609 8685 9266 6914 8319
24 4494 2106 7465 7323 9712 127 4327 7048 7872 9800 8261 4543 5651 970 8381 5943 8286 9093 9032 3890 4998 5362 6481 2130
27 8950 2963 3512 2651 8876 9962 711 9950 7167 8134 3463 3894 2501 728 3053 9821 5106 6628 5118 7332 5145 6046 1698 6045 5047 9577 2848
24 6228 5744 8588 2635 3038 6989 7445 3895 3584 3597 6743 2400 1468 8532 5851 1554 1274 3803 2488 8223 488 7834 1087 2117
20 622 3104 956 7434 8671 4384 4347 7501 9361 894 3630 7032 8679 8625 3106 7950 540 8043 424 8874
20 1833 1090 7102 6526 8151 1325 230 8063 3595 5233 2084 803 7012 505 8900 3504 2946 8879 2138 8718
28 6541 3329 4720 9190 9375 9265 8617 2680 2901 5210 2341 3902 4464 6803 6376 2555 9204 829 9982 7919 573 3744 9007 4180 2764 762 2864 5415
22 6961 5818 4665 4050 4656 7665 8990 9478 21 9884 37 3473 8779 7619 8039 8201 2022 1754 8355 2689 4337 3903
21 29 6877 9926 5158 4709 6850 4921 4893 1822 3251 2955 5561 3027 3517 45 9522 6894 1303 9061 8265 737
26 1664 3196 3603 506 4643 9381 3155 1193 1598 1656 6290 7547 8906 3982 2500 6704 4945 5194 87 2392 9891 1467 6177 7831 1137 3528
24 55 1593 5887 7190 2653 4888 3258 8638 5256 3570 9376 3487 985 6055 3730 625 6732 9905 3348 5337 7740 6311 3687 4476
22 9523 8848 9815 4409 2831 4300 9133 4491 6566 8661 9152 2087 824 114 4500 3206 2798 4896 8183 4886 7496 3586
25 9216 9974 6327 9477 6380 1937 8500 6120 5039 3182 6366 232 77 6025 5183 2682 9102 5648 6768 2625 9279 5322 3113 6533 2618
28 9283 4537 6836 4410 2140 6270 4798 6163 9077 3425 4667 2636 9139 1310 3399 1743 9870 6758 3598 2380 167 2962 4391 1868 9552 1898 8519 6613
25 4842 4437 3830 5620 3701 8665 2790 9482 3372 2737 6625 2850 186 4521 5882 7201 9588 765 3243 6535 6285 1585 3987 4683 9354
23 2576 7116 9030 8791 2781 4256 7503 2264 5208 6730 4906 4789 9193 996 9755 6935 7126 6761 3492 3080 4531 3107 9906
21 4346 6558 6255 3840 7840 7595 949 8316 1203 6059 6116 5320 4801 5840 2517 5066 6335 9873 4364 3665 8337
25 1888 842 2780 6842 208 4593 3746 3228 6751 6235 1395 2159 8270 1502 4936 8394 8639 3302 4132 7307 9971 6876 3224 7742 7527
27 734 3029 1655 6446 942 8378 244 7715 5099 6571 6452 8025 4382 1857 841 4234 1769 2331 8474 237 4627 5927 5447 6419 176 443 5376
24 3149 864 4830 5674 9458 2035 1179 1096 2769 6234 9643 809 9902 3237 9688 7571 7420 6549 9016 4972 4580 7112 5714 6342
26 7119 8774 1233 1634 2919 1436 4989 7366 1810 612 6231 8958 619 9060 521 3662 2778 7128 721 7544 4994 4399 7374 1191 1230 3588
24 4214 9306 3833 1884 6247 6460 2040 8366 4486 7237 6444 6205 7137 6226 7447 2367 6371 4600 2704 7803 5345 302 6994 224
22 157 6747 7637 2934 6305 896 7745 9963 7770 8857 1123 8431 3763 7583 5589 6687 3934 7989 7530 4231 298 3631
24 2986 9544 6420 4245 7636 7988 4924 9157 5583 9658 2284 9327 7541 9312 1035 3581 6892 4434 2490 7938 9129 5446 5280 2813
24 297 8449 7086 266 4007 4099 4819 2977 3213 2017 4597 470 1851 9853 9695 5509 2692 7540 60 2318 8797 5659 2172 6439
21 1978 9087 8434 7277 5628 105 833 6140 5268 1814 4970 3413 1058 503 6937 1347 548 1213 2326 3500 3723
23 3103 2026 7243 7787 8504 3530 9082 412 9029 7100 7313 1171 1650 7439 4678 8985 3728 4589 6895 7801 4904 472 5370
23 5341 9246 9045 5668 9497 7113 7857 8027 2945 740 4547 8325 7047 4438 7105 1520 8577 8626 4633 7617 5003 18 7601
25 2912 5572 1518 152 348 8300 5514 8237 4711 9114 3123 8993 5512 1827 9682 5149 2232 2483 2929 6449 4463 3184 9499 5865 144
27 3281 5112 7373 1913 4063 969 6925 9141 3070 5073 6712 5061 1832 6008 6734 8583 217 7254 5053 4146 5897 7283 2219 2170 316 8308 9097
26 5716 2748 8254 8042 3435 4119 5550 7488 8218 3323 2190 8314 8081 9762 7185 5774 1039 9343 7826 3254 7509 6950 598 635 2839 9766
23 957 1852 655 1601 6647 1480 5608 852 6187 3299 3939 7723 3844 8241 3467 5297 7780 4670 5834 7946 8508 685 5020
21 6724 2520 9633 6340 4123 7187 1799 9694 9934 6974 6102 4461 2405 2127 6310 468 6936 6217 9792 5874 7410
26 445 7082 8915 9620 9576 9539 6902 7822 7654 9015 4060 5292 4947 8442 9423 7921 4849 3764 8349 8483 6688 221 7953 7310 8137 20
23 3693 2523 6550 5751 3451 3646 979 7894 6642 4625 6833 3808 2358 5360 8829 2494 5346 4253 143 3633 1295 4140 8527
22 2020 6735 3108 8079 8615 7068 2330 2228 3574 2580 2144 7099 7377 3074 3927 9356 2826 4416 712 5342 8374 7825
25 8395 9851 6942 1627 7448 691 7271 8026 3079 924 7570 1145 9331 2433 1611 1775 5938 4783 3678 367 2067 9865 108 3853 263
23 2008 5060 2649 5656 767 1458 9701 7381 9826 1905 214 4512 3961 4870 94 4526 5330 1744 2014 7744 3715 831 5390
26 8406 9685 9874 2967 9037 3364 189 5394 6728 7507 4903 731 4694 2485 9969 2085 8757 5488 62 995 265 5499 4203 8078 8185 3346
26 5598 4223 4980 8219 9130 4930 1768 4907 5569 5201 2808 274 958 7340 875 5401 7258 8558 4943 960 8608 4780 6421 4079 6840 3619
24 3030 7428 2881 6119 5866 876 1930 576 4985 3406 1740 2215 577 8531 5363 5618 8389 9063 1665 901 3871 4779 406 2163
22 3471 1689 318 1845 8804 3793 1257 137 3186 5097 1371 3525 6464 1732 5762 5283 3745 3644 4126 7896 9558 8921
24 7141 400 1986 5107 85 1738 4270 7724 342 2835 8268 5364 3016 8842 5383 8852 5078 7157 6099 3003 5460 9095 3860 9915
25 8102 6239 9254 8768 1232 8101 867 8072 6821 7394 8961 276 3841 8763 2876 4650 8839 9468 5726 7981 3882 879 5533 7758 7223
24 8840 9595 4875 6454 6024 1169 3648 9729 3173 5133 4290 4660 3913 2700 2685 6511 884 1404 834 2830 6250 2786 2200 1009
21 585 6924 428 9164 2927 7019 7466 1752 4642 2882 1624 242 7886 9686 3801 5997 351 788 13 2376 5398
23 268 4170 2783 2352 169 6639 2602 7234 8444 10 2710 3980 6077 4762 3769 2824 8408 7426 2223 2307 3298 8808 4124
27 4495 5487 6473 8034 7901 990 9822 6596 7865 4330 8470 2139 5002 6332 4974 7622 9598 2427 3658 5775 6673 4199 2458 131 5718 5058 5471
18 1353 2791 5017 7174 3117 3867 8312 9810 9444 7734 3391 4419 264 1280 8380 535 1001 939
21 5406 7846 5120 4137 66 5374 2515 9268 7949 7627 5730 6714 28 8927 9895 9903 4766 2450 8849 0 3929
24 8342 3424 6409 2600 6480 3622 542 6915 6987 7525 9479 5958 9706 2634 9162 6282 2257 2342 2379 4061 5833 3923 9878 4348
24 7640 7357 5757 1723 4139 7256 8860 377 1539 779 754 7220 5259 7286 5981 5326 8778 7545 3768 7841 8230 1356 1699 7713
26 1528 4648 9696 6903 8112 1331 7456 5824 3851 3782 8064 7560 4460 6014 8887 7890 2868 931 1258 7776 6796 5095 3942 3041 587 1805
28 583 8323 4686 3542 6809 8737 5899 8664 6848 3610 683 515 9718 1965 4732 3018 1916 7514 9149 6383 8983 1549 3950 7416 6959 1454 59 6063
23 2941 6851 6718 6498 6244 843 4498 2846 5901 4685 6488 1781 6129 7003 1270 5671 5776 9434 2259 662 6434 4790 2530
23 8204 6068 7236 3740 7912 9731 5033 4866 1292 4772 7904 9079 5738 9989 3587 4609 5028 4422 5410 5749 9169 1488 6603
22 3025 9768 7666 9464 9068 1098 9238 6839 6824 8749 1918 5098 4201 6841 9728 9856 5432 1903 1728 2998 2609 1929
20 1735 2784 4863 4953 2802 7513 4159 4566 2319 4443 1065 4663 6117 6525 8907 2655 6988 3868 251 3347
23 5304 315 4225 1201 8236 6643 1109 6579 3843 7727 5909 4898 3736 8875 7908 3118 6278 7204 6358 259 2423 9241 8453
28 741 1635 1276 3114 5228 1250 2505 4834 1166 6883 4473 9709 7552 9442 8738 4631 3000 8886 7089 7828 68 2746 307 8369 8592 3042 6257 3617
22 5381 8073 4733 9341 8761 7037 7900 5176 3377 6873 42 3503 2493 6611 9603 6653 6011 1825 5846 6112 9717 6721
22 9979 5856 718 8682 225 2665 546 7984 3085 1748 2021 2546 8813 2354 5255 5898 4275 7214 1120 1633 5666 2208
25 8559 3384 6547 6638 1263 1864 1004 280 3285 1681 2218 9292 5243 3130 53 213 6490 8003 4946 6256 9760 440 4162 6384 2983
24 3743 8629 7255 849 2613 2011 4775 8659 4690 338 5083 1964 7354 6429 1370 5905 1975 1574 4169 2588 8579 5248 6322 8517
25 9581 8426 601 2952 6280 1862 9028 2648 1188 8150 7363 7403 3919 3599 4505 5594 9445 860 5467 3415 2886 8216 8385 4185 2271
26 8520 6304 2440 6615 2771 6013 2867 1348 1638 2089 991 4442 6697 528 7893 4816 340 9399 466 8765 1161 8507 6148 4451 9700 4103
26 3457 9691 7580 1755 1294 9195 6587 5632 9823 2417 9994 8140 2837 9460 1493 8252 1806 8734 9285 504 9051 6302 8589 8581 7586 7252
26 8728 8713 168 8093 5495 3482 2395 5465 2082 5804 8917 4265 9506 8221 6162 4738 4961 7225 5800 915 5242 8174 3931 3405 4296 8122
21 4687 3572 3200 1102 7411 2360 7014 350 9583 2340 4804 3437 3004 4373 9413 6372 9439 8696 3327 2457 3850
22 3564 2928 4153 1491 9538 8118 2527 3146 1568 1424 3137 3266 8258 1485 4765 5759 7511 1085 308 6991 5653 9860
23 580 8277 8803 2409 6336 7762 9553 2548 3714 517 9239 1164 2965 2371 5936 7895 1659 9898 7669 7163 898 3069 9573
20 6649 3459 47 8128 881 5310 4800 865 6898 9333 9083 4810 6154 6878 7607 4577 1112 6817 4811 1705
26 61 5721 6474 8937 177 3165 5356 2023 1603 6857 7077 6970 3968 5597 4334 2149 7670 3034 7308 7338 9373 9427 8858 4295 3185 4268
24 4788 5710 69 1863 2654 2453 6393 8186 9785 8400 4809 1050 1920 4097 7598 5035 1894 4110 3800 5236 9147 2298 796 2770
23 5161 2293 2605 3616 3057 3940 2388 2192 65 1876 5385 9571 6387 1654 8845 9551 4193 3248 8205 6693 8249 5458 2755
22 6456 5698 439 7193 8176 826 6962 1104 7222 680 8344 1932 7786 3342 4238 4933 1099 3456 4412 1442 6073 1722
22 8179 8715 6922 9182 708 6737 6907 319 3436 5171 5625 4850 8436 6554 6972 7827 5613 4174 8503 9646 1826 805
25 6952 5654 8536 2663 9737 8667 9192 8963 9758 4805 4912 6204 8060 5966 309 7752 3526 8065 5454 9606 911 8090 9669 321 9677
24 7877 271 4207 982 292 4958 9505 3394 9474 9593 2994 6679 2447 4166 2860 6227 6084 3835 9309 8834 2474 9637 4568 231
23 7799 4455 4920 9743 5069 2745 9928 8809 484 4219 5929 6396 3234 1444 1025 6309 9500 4229 1390 8753 436 8404 4069
25 489 2915 5955 8575 9537 4400 3247 4638 897 5329 6619 5532 1982 4218 738 1183 954 1807 7979 7053 9814 7395 1095 7649 2410
20 9207 3170 435 4029 4713 4415 4773 3963 4777 5391 997 1945 1322 5286 6646 4926 1987 9301 2502 2134
23 8420 1100 9640 7710 7548 6956 353 4147 6157 3959 7351 6846 4619 5522 4748 3223 1397 4294 3303 7051 5889 7459 4955
20 8675 5746 7446 3537 2385 6082 3896 1433 8345 8009 155 1477 2708 2124 8678 9660 6349 4049 1718 3380
24 6424 8447 935 6101 9159 7515 509 285 5464 6326 5484 3379 6180 6385 2889 5528 6797 3189 4668 7606 9793 86 8674 1887
23 6160 3976 9297 2982 6133 8782 1117 4114 7647 8291 8750 3101 7605 6286 2894 7910 8570 362 6606 491 5202 8641 3812
22 1866 1489 9144 4250 3879 2304 5279 2121 538 3292 7106 3242 2712 4963 9081 6214 1285 8683 4149 4522 6241 1558
29 3692 2422 3083 8085 7386 9263 9222 8075 1979 5163 9508 5180 5911 7007 8628 7853 3707 6030 96 3881 6075 7181 182 5932 6317 6979 2847 2243 8301
26 1993 3891 3105 4613 5453 9889 8970 1302 5709 5188 7823 9247 9816 7130 5068 6906 4122 2038 2387 651 4367 6107 4691 5760 707 5173
21 3239 9191 4246 9871 8035 5426 1248 3271 7483 9651 1289 2419 574 3125 8499 3175 3720 5617 5439 6576 8490
23 9901 7117 1908 8796 3721 9062 7903 355 1688 2859 1042 914 1053 3916 9621 2918 9115 8011 4859 4261 5883 6595 2659
22 7911 2335 4064 2235 5601 8523 5844 4937 6548 537 1629 2279 80 6072 7765 5056 4797 49 7083 6844 4540 8722
25 9411 1625 1326 4024 3098 2966 777 8627 692 9716 8299 6859 5175 9899 496 2328 5765 2638 2188 8934 5806 4785 9876 7881 8210
22 4882 8792 3938 8187 1886 7344 584 8598 8755 1345 9939 9175 5186 3523 8466 8756 2472 7597 3971 5937 9396 3279
24 5902 3067 6360 6764 5187 9546 2240 5021 272 4264 688 1572 5611 5789 4708 2811 1542 4908 3287 4728 2157 7568 910 5665
25 7229 513 3602 2686 6272 2753 147 1417 4019 1800 9378 405 8656 8513 5852 471 654 8660 1091 3020 6291 2606 8897 980 6127
25 4066 6786 9586 2997 6896 5400 4031 8401 9724 8450 3948 7288 6773 3873 6754 2102 2672 1648 6232 6964 9339 2823 5811 2289 8870
24 6965 3865 6220 832 7239 4532 2841 8814 3328 1921 6774 2396 877 104 9725 4817 888 2201 1927 7279 6477 3641 2698 5174
24 610 8979 533 7494 3124 3669 2612 3308 9006 7757 7798 1351 4684 4187 2239 4030 7443 848 4447 8441 5311 6635 5758 5538
23 7318 9412 7867 4493 9232 138 9324 4340 6982 4549 7646 3013 1124 7240 3087 8537 6022 5549 4287 4226 4310 8278 5504
28 2429 5500 6029 2916 3477 5238 9516 5105 2513 3443 6779 7021 6574 9237 9877 7800 735 2199 8041 1083 2069 6417 9568 1669 9797 3522 4695 7783
24 6633 6159 1830 9179 5913 9284 2122 1012 724 4440 4770 4032 1057 3935 2733 1434 6949 2795 1225 8943 5077 1865 8594 6260
25 2278 7677 7000 3789 4605 2924 8956 7474 7045 9592 1946 4106 3893 4237 3300 556 8668 4822 7892 1877 7833 7039 2843 579 722
24 2774 9274 9382 5627 751 159 3839 4584 7490 4009 1471 9727 5558 9835 748 9807 162 1103 784 3944 1133 1118 3134 9380
22 9020 7319 7870 1977 6871 1189 2702 1176 3592 866 8986 8471 723 8162 5740 7523 1495 3095 8371 1115 325 9329
24 9291 892 284 5662 8595 2072 8945 15 6605 5389 3201 6042 8569 9629 4360 3296 3809 1334 9746 3627 2914 6088 3928 3857
20 9626 3849 615 3398 7535 2270 5101 9160 1383 243 5157 3917 7997 165 5773 5316 1452 6118 3218 8582
23 9187 7585 780 6966 3759 1779 2246 5317 1519 8068 7419 6709 3823 2872 1691 1484 5974 8942 2775 2165 438 7069 2049
23 8509 9666 4285 3220 4913 3657 9980 4111 5094 5992 5565 6829 7417 7330 7945 5820 4151 7054 6153 6941 3046 818 4865
21 4586 6053 6058 6985 5088 5298 6056 4539 1394 4316 2768 9510 3805 2155 9662 604 123 792 1060 6246 8119
23 2327 9401 839 4291 3802 9964 4857 2141 582 3699 6977 972 7302 3897 2027 1766 6934 8180 6701 3681 9711 5988 1510
26 4098 1530 975 9795 1106 646 6484 2184 8125 2370 304 8933 5052 6027 1696 478 2616 2800 8604 2258 9488 2976 6573 669 1841 3478
22 6694 8203 448 753 6570 5116 1297 4561 255 6908 9480 2148 5687 8297 9365 6017 1437 8866 6614 7719 8098 3618
21 219 4200 7602 6425 1835 6066 8038 8293 9023 1914 4173 4468 8215 2549 323 7264 452 8468 3965 8770 8543
23 1815 4084 1252 3366 1745 1700 1051 202 6146 5908 50 420 5483 1730 1205 2891 1694 7947 1234 7026 9369 2019 9536
26 3008 200 8133 8155 9158 2810 508 2989 9322 6353 103 473 5675 7385 6755 743 3713 1971 1385 3301 5544 4363 2833 6993 794 9532
22 5222 4575 3544 1684 6580 6946 6161 8148 7763 1320 9739 450 6215 2267 3144 5010 6957 2136 4230 2210 1052 437
24 8271 1697 5347 9100 9234 1455 7498 6921 4378 5172 7615 7582 1316 3955 4425 4576 6095 5144 5290 810 7184 5150 1204 3643
23 9670 6168 4482 7246 5837 8506 8023 8551 7132 3009 7735 5349 5007 7961 9050 8443 6354 8619 3837 9010 5485 2090 6748
23 6361 2742 5686 2323 1181 9952 8288 7754 3977 2805 7497 2461 8465 3998 6092 1445 526 1801 4041 3792 8482 3559 5571
23 8564 5189 2518 4940 46 9809 2525 5700 9000 1911 2535 5872 7260 7179 1750 2350 1925 416 6355 1713 9909 8980 9673
24 113 661 5777 3116 494 8028 1715 4235 7189 1989 8971 9323 2029 7 9126 9443 4726 1279 8352 2103 9120 6881 8898 3021
22 6913 9255 7312 3051 921 2969 3314 4564 586 7918 9225 1850 4188 6948 8161 798 3911 5276 4530 1064 2819 8154
22 6607 9627 9757 6398 3169 8485 121 8952 8819 4569 6874 6219 5980 3431 5266 1122 5924 1490 3957 6470 6458 5586
21 3168 3601 95 2731 8353 3434 8373 7262 1130 6617 1889 2678 207 6599 5469 1419 8910 7991 8211 5939 4622
20 2313 1674 3632 8995 952 4247 6677 4981 1591 2244 361 9674 8922 5850 8356 1021 6323 7702 9811 7467
18 1724 8892 1500 3119 5838 6188 8987 6864 2694 9767 1682 1666 5772 8032 4774 2993 4286 1088
24 5402 4635 9353 9457 380 7629 9073 7422 2086 4121 6378 2684 5984 6086 9119 3815 9995 7199 2707 2574 9601 8279 8865 5857
28 6900 6155 4703 7698 986 5170 1110 9632 9849 793 6138 9490 2213 6655 2611 3553 4053 8050 5110 4192 3297 8046 8145 7052 3677 70 9937 5253
25 2507 8978 9549 8110 7043 254 5941 2229 7587 9142 5862 1538 968 1237 570 9066 7518 9426 8802 5869 8867 3898 9025 757 1559
21 5343 6804 2537 3414 2171 2693 4272 1275 293 1901 8317 4932 7584 4342 4991 9953 6489 8095 360 9831 9430
27 3667 5517 9104 8059 1474 3531 1710 890 4821 6726 1834 1753 9863 6777 3353 2150 1678 3506 1089 7495 6890 4288 4860 9787 301 392 8618
25 554 1251 3739 3215 4274 8864 3561 5527 3339 2268 7743 1926 1824 7160 5196 9453 9713 7487 2080 6390 6534 6782 6585 391 142
25 7088 206 8823 4658 141 3099 2898 8928 4856 3645 9498 1761 1132 1011 7674 5195 2295 7667 5884 4401 1367 8648 2152 8884 2897
26 8587 1421 2245 354 2673 3203 7081 8033 5386 7149 4843 8903 6137 9704 8567 7608 6675 6869 2763 3357 642 8880 5787 1478 1093 6507
27 6418 8548 7572 7884 8379 2675 2054 3811 3474 4718 8649 1870 467 2068 6478 1298 7247 4737 3427 8635 6341 2643 7717 3035 6151 6492 8375
23 9698 2143 1260 7628 8882 3062 4623 6106 9607 2561 4978 8061 8889 6532 5832 5542 9726 6394 7261 8341 5604 3110 6494
23 8698 3176 2216 4652 4366 7907 2156 2179 4086 4204 4388 2950 7802 4674 6347 8522 5807 54 2194 2827 5599 1576 4127
20 6780 3024 419 3594 5815 886 6746 4832 6678 8284 8335 3481 6303 6259 1795 4861 8384 9277 9938 8331
22 6767 2711 199 7685 5642 3784 1062 636 6696 8108 2231 7177 9363 2378 6432 6524 8634 5588 2812 8452 679 6650
24 6044 4112 7874 6356 5375 6374 9641 1069 9167 9754 5072 3352 5921 2873 7155 2471 7767 8655 1173 4968 6973 4883 3480 3569
27 4056 9495 6567 3732 3513 821 6268 1198 8826 4701 7062 4852 6483 4289 7449 2988 3383 9315 9310 925 6508 1044 6005 4697 6052 9311 9304
21 2531 7224 3375 2060 3775 9975 7829 1045 1981 4012 7788 8601 9945 3888 3217 2202 7050 2902 3762 4649 590
26 3410 3430 3554 8368 5050 6589 1101 1476 6885 3007 4248 7440 4590 9185 3495 1382 9828 4176 7306 9582 8777 289 3265 5361 3724 5841
28 5881 5466 135 3885 8530 5344 6491 7080 6680 3222 149 534 8920 7327 6528 6827 3401 7887 2890 7644 3876 5129 1158 2046 9668 8580 4490 5697
24 1879 4184 9947 6575 4607 3532 4397 8843 7006 7672 4232 4565 1224 8399 917 2579 2705 8658 7660 4392 6373 7165 2032 8957
21 8086 1142 8419 2799 8403 7118 7769 3507 3877 7125 8512 3926 5331 9332 1675 3033 555 9555 5964 5977 8113
24 8189 3368 9634 4585 2732 993 9812 6999 2241 6713 9351 7094 4915 941 9565 3337 8677 6194 2725 2460 5926 7673 6242 9916
24 2828 874 5621 8188 1942 6727 1831 9302 3316 6043 356 3912 974 220 2496 6037 2369 413 9931 7539 3702 5159 9753 8147
21 1794 5049 5663 4587 9923 9833 524 9299 3277 9894 2749 4960 4222 9161 5206 5788 8036 9984 5813 8424 5629
22 7849 6741 8816 9018 6222 5452 9667 8988 8126 5191 5216 6176 4076 6990 8632 2088 9243 480 7888 4181 1758 7472
25 394 2230 4107 4318 5366 2556 808 1464 6578 2142 253 4152 5327 8002 1063 5013 8818 6468 2339 1813 9371 7818 3518 1254 1006
21 6269 6164 5816 1693 5169 2407 8502 8807 6165 283 5640 5525 9966 3516 4380 2734 5922 9486 2329 1701 1134
24 6843 6455 9485 7152 1509 1168 8505 857 7866 3593 4845 8361 9748 5128 2389 8305 3209 3407 9391 5178 3310 2794 5790 2169
20 5027 6004 3199 9118 1453 6832 2065 7680 4073 686 7098 3545 2012 2895 1131 7519 9692 1497 807 6467
29 7709 9556 5212 1797 1352 4331 462 7573 1466 3846 1328 2595 4217 6975 5729 1941 4336 8930 2028 8084 1661 6472 4676 4545 7251 8602 6051 4606 3458
21 7188 9503 4202 6402 6719 6081 1338 1709 9784 1314 3756 6560 2617 5823 6369 6592 3766 8836 8636 4820 9770
22 1332 3461 3875 8747 4171 6407 7274 516 275 83 9110 5786 9456 262 5677 1462 8702 6986 1809 2610 906 9117
21 4475 2401 3921 4806 8259 81 8895 2959 8576 8476 1974 8347 5605 5639 2092 9772 3727 7577 9189 6853 4338
22 7064 2511 9109 6196 2930 6716 9612 3505 6104 9043 5139 260 4276 195 3361 5181 4306 9491 2070 8411 3718 1439
22 8213 2975 3050 2181 2119 5193 1947 9513 2844 4459 1072 3738 6225 1765 9308 3183 8132 9057 602 1514 9461 8862
20 8787 6206 6475 6034 5043 4696 1943 1504 8904 7259 7101 9250 7958 4210 6351 7835 8913 2196 9764 295
23 3697 4233 1240 2754 5952 7837 8296 5211 1756 3392 4430 5420 973 7121 3725 3804 5328 4284 9525 9567 8948 5265 4662
23 4536 9267 977 8298 578 7078 2373 9534 8811 9697 6590 5524 7721 5993 5288 404 6976 4640 6136 7079 5596 5312 6795
20 6656 3773 2132 9138 1725 6930 6674 624 1534 7707 9153 9245 6427 8663 4519 4315 2683 9818 8690 2055
27 1227 7768 7226 6652 595 1160 193 9226 3498 2607 3295 2375 6447 1387 4950 9708 5468 6370 9893 7139 5152 9005 8238 7964 926 4911 3883
26 7293 8370 3605 9738 7916 1415 3946 4784 6443 2621 2051 9213 6522 4632 3484 9957 6299 7738 2489 647 7658 5207 6096 7814 3688 4750
14 2324 1363 6818 6023 8190 388 698 8031 2237 5463 8340 486 7784 6521
25 5971 9320 3816 3615 552 6893 9156 7176 3454 4942 5166 2451 344 2226 3659 6071 9715 3268 4129 966 944 1278 5545 2926 4120
23 6662 9965 6710 9681 7276 4724 4206 2048 3432 3145 5284 7500 7855 8709 4827 7200 8752 6195 5429 349 948 1823 3737
19 1447 1588 9575 4914 8116 9151 1282 9790 3753 9136 7588 6149 4831 7408 1107 1216 4303 7476 1562
27 3333 2626 1843 9819 8555 4792 8257 2568 1470 9056 1308 800 2414 1026 359 4847 2832 1623 4462 9502 8515 2301 5224 4308 3781 1962 626
22 2296 530 989 1175 4749 1511 4328 3466 6391 1736 5384 1782 1409 1007 1241 1242 4508 1726 8925 4741 1939 3985
21 9733 6875 8554 5593 2343 6223 8911 8516 1818 9848 5595 2666 1703 2266 2878 7087 3369 4731 1972 2449 4047
19 6529 2642 7662 39 1944 5247 2153 1075 6020 9435 1358 9455 1032 2792 5634 4083 5404 4844 5859
23 1883 2957 6012 5783 617 3345 454 4654 4562 5715 7790 2204 7328 5270 8966 3726 4999 6766 9921 9775 234 1677 8480
26 7455 5006 802 3026 6512 9900 7604 2921 5462 6963 5523 4747 3052 1525 43 8248 6050 373 861 479 1848 6702 5269 8488 9024 9829
24 7711 6307 5712 4704 7282 4971 2630 7205 614 7860 3813 6620 6938 4719 7470 9529 407 1881 6074 5752 1403 4759 3858 4432
28 6794 3396 172 2464 300 5100 4677 4689 7806 2526 5042 5117 8129 6923 500 3244 6337 4513 2701 5873 1157 9794 5246 1231 8487 5388 7943 9517
24 9820 6756 7737 7034 9262 2386 4227 7197 1531 947 695 4044 7326 7192 6539 2263 7923 2475 7756 7290 6368 1195 7537 3408
21 3049 277 2056 671 1239 7150 819 3847 6038 3142 1672 5132 5475 2120 7431 9417 9013 9336 2940 9834 6870
24 7140 4194 5732 2741 6132 8984 1299 8830 9843 5309 5552 6790 9416 3158 158 3109 4116 971 2726 783 1731 2623 3255 4803
19 3655 3068 1777 415 5603 5219 6114 2863 1772 6325 7969 3419 3649 5403 7980 2759 4172 7813 994
21 7186 5369 4088 9135 2706 3735 7267 7630 1342 9683 6847 2728 4923 6010 3131 3814 1219 8825 7166 447 9638
27 4877 1995 7172 7211 6313 6237 286 7726 6253 1967 9783 3447 8745 7974 2584 6510 8461 7851 270 7450 9922 9690 1043 2253 9259 795 9472
19 3546 8274 2031 7847 2320 6659 3691 2766 1934 5658 684 34 2971 6660 8388 3642 9999 2806 1931
23 3245 245 8521 7934 4990 930 294 7516 9300 5692 5143 2762 5080 7706 7868 5826 1156 7593 5423 9986 5239 4641 5891
21 2589 5214 8637 5234 8191 9948 8631 7361 7414 5768 8650 594 7250 1621 5680 1238 9098 1893 8251 8332 7161
23 7810 608 6430 633 374 9288 2206 2104 6684 90 9798 7549 7418 963 6267 4900 4548 3071 5867 197 1479 5455 6113
22 8029 9806 2167 8854 1553 458 2393 959 5664 7510 9318 3920 334 4612 7038 4864 9942 7423 3886 756 7968 4177
21 9046 4624 3058 6357 7041 2543 9896 6800 2938 9998 3689 8048 3164 3363 7736 4542 6496 421 8647 7289 5063
25 19 7792 6338 6856 8955 5409 461 5451 9106 2829 5305 2345 1236 2016 5000 7578 7858 7625 4183 3486 899 371 5896 5592 4145
18 6654 8328 6186 1667 4786 3770 7275 4824 4851 4198 4982 6801 3246 5784 7452 3388 1327 1003
22 6189 4164 5957 9116 2585 8324 175 9264 6808 8721 4964 6785 8359 3061 5754 7854 8908 3488 1619 6955 4897 4042
23 1414 1121 1186 3493 1256 1521 4714 7508 8562 7142 6495 3455 3521 3136 7703 3822 9590 429 9622 8611 8313 6093 6819
24 8783 1030 7557 9065 6597 9054 5302 2534 7462 8437 8873 5419 487 1673 8417 3153 6835 5493 6287 3671 6943 6664 3892 6479
24 3527 2455 9804 1686 3205 6243 1271 7967 6201 3573 1783 22 9091 8438 9448 4175 706 2855 7359 1991 4445 8138 4311 2818
24 6502 4833 4826 3807 2482 91 3609 4117 6437 5519 5278 9722 6682 5140 2545 9605 3344 4254 8472 9519 1680 7281 4479 3286
23 9166 4910 3475 7492 5724 8243 8486 3859 5301 3924 3428 2478 1286 727 5518 5190 3037 2503 5131 4769 5581 1958 5819
23 2603 4935 1994 1111 4021 5701 9440 3754 7998 5559 1031 1034 4881 5734 1092 192 2347 1162 5928 2974 4134 3741 4716
23 4873 5890 8464 4659 7278 5847 2025 4394 1842 3962 5849 9086 227 850 5987 4304 6586 418 7859 2836 4554 8044 2664
23 6139 4255 2639 5267 4966 5087 6178 7120 3121 9879 6459 2632 9233 9039 1155 9437 4680 630 8456 2985 8391 7751 9736
25 8489 9813 951 4035 6346 8220 6156 929 7624 5999 3449 9355 4323 6863 1486 4740 7656 9258 6049 3100 4413 6445 4157 2540 4846
23 5227 3989 8146 7686 1676 4163 8193 6880 6983 8127 5421 1165 7486 7591 868 903 4671 4465 4516 4242 9215 566 4592
24 1838 8574 2425 5054 7479 553 2174 9319 4499 7935 8545 7024 9630 2991 2772 8944 1174 6899 9719 3922 4077 7154 7123 1547
22 8149 5089 8285 7382 4595 7933 6121 130 5380 6363 7353 7076 1719 1853 905 8561 932 3653 341 1180 3690 8377
20 8630 965 7085 7994 2578 7169 4105 3986 3282 2851 5739 3960 4341 2071 8276 6631 5591 9387 5046 8710
24 567 6410 4782 6927 1631 6279 9639 3031 8212 8693 6891 5722 7063 8427 1167 1548 2428 2058 75 3015 7202 9714 9918 6997
22 696 209 7337 1587 709 8869 1429 6562 7164 5785 771 4423 6572 3639 9791 8393 8053 2925 2521 5731 5055 1652
23 477 493 9657 5036 6805 3624 7749 4899 8544 3045 6061 1770 6289 752 71 4095 8712 5146 7869 5395 6981 7335 9172
21 7435 457 9524 2033 3439 6248 6451 4651 6167 6281 3568 2256 2582 7291 4108 99 1482 5942 3417 9146 4091
21 5218 9282 5182 6076 1721 1561 6064 1767 357 6436 1235 2567 8812 1816 8744 1080 9599 7427 7722 6665 5501
20 1228 1959 4396 1281 3393 8266 5534 4470 3752 7782 3330 5947 1401 603 3558 1144 1645 9446 2300 1020
22 1407 9316 5626 3663 9475 4636 9624 8225 4055 9941 1513 6543 1329 2674 9236 5961 3084 5521 5065 4976 8701 4929
20 6485 3910 210 645 2355 4699 6882 4068 9358 3011 4000 9055 558 6275 4702 2361 1408 431 398 8850
