29 7957 3471 2944 3430 1904 7337 5453 3215 2386 1098 5001 5630 9800 7462 3902 4878 8361 9748 1457 1165 3363 8752 755 3091 6576 6595 5029 7597 7374
21 519 2316 2576 585 7318 8965 9231 184 2739 8976 4954 3019 8658 1608 9091 5845 9747 1488 1661 6191 8700
18 1776 4586 1838 7889 7704 3160 9412 1564 9104 830 5503 9410 6570 3227 5619 2179 3854 4796
10 6663 3578 5679 8819 366 7298 1140 1087 571 8825
10 9679 2869 2941 3321 3774 7774 7181 182 410 7482
17 5860 4307 6961 489 6780 8783 1605 7180 1090 4184 5507 306 6521 8001 5398 7472 1293
19 8758 1908 172 9018 8421 8882 4664 189 2910 235 9418 1961 7123 2243 9776 6997 56 296 8232
34 6916 3555 2008 6607 1773 3104 4815 9757 3319 6398 169 7364 1443 9408 7316 4019 612 7614 7130 6264 6064 7517 11 9529 8723 9953 7128 2137 4182 4952 1972 298 7713 7133
14 9888 1005 9979 6361 8787 7156 6199 2736 712 5392 1718 2441 2897 3665
17 8890 8954 632 3059 2932 4694 5745 9875 4514 8096 5688 8538 3185 472 9334 4268 5286
23 2061 8395 9291 7293 1784 1372 2714 3459 9274 442 5816 2470 9429 7256 1023 2533 9372 4052 3248 5449 9990 9558 5333
22 5086 961 157 61 3168 2297 7940 4457 5061 7101 4258 4336 8757 9032 1853 9989 7838 5345 5395 5545 2677 995
24 4058 8420 554 6912 8412 7267 1123 6622 8628 7137 6897 2010 6380 3391 2001 5338 5544 4134 4723 3106 1614 398 3120 2221
16 4618 4894 5341 3692 5881 3708 8973 8755 1345 6574 7016 9355 7665 3888 114 4818
22 7929 741 9020 8698 1447 7198 5721 933 6615 6216 4593 3439 7569 7931 8926 8719 8468 9008 6465 6795 9430 7223
27 303 7862 1111 8445 5660 1475 5967 8182 8105 8291 4979 5520 748 1839 5505 4462 1571 3604 2098 6841 3882 2943 9590 4680 5273 6294 5224
23 9913 2031 3112 5433 4326 3623 6197 7916 4330 9026 693 359 4166 1971 750 8389 8911 4573 7719 7335 8337 3812 6768
20 7401 622 8086 1406 9246 3461 9469 5920 3906 4615 704 5374 1160 1198 2601 8334 581 5217 5607 9360
15 4855 920 1353 8184 9763 9525 555 6697 2145 5056 8043 8295 2550 9766 8879
17 273 8962 6649 2313 7455 3358 8231 5085 3192 6835 6411 9223 5883 2289 7824 1805 6099
39 3444 4150 7877 5402 3918 2942 8435 1625 2657 8915 2338 6305 5830 553 2174 5878 9219 338 575 9185 8931 9423 9961 7030 2811 7945 2878 9340 6852 8479 4976 6881 9936 3093 8966 6458 4145 2785 5244
24 8703 1664 9207 4066 4536 1609 3608 2330 682 1618 1328 1810 9201 4755 2810 6487 6046 6108 8858 9499 5057 7959 6271 4241
31 117 1978 1724 7435 3596 9452 5466 481 3717 6903 9135 6247 40 8638 857 7866 8826 7132 5308 3765 9828 2712 8215 2050 5151 6153 8264 8279 1936 3043 4120
26 7913 3325 7816 4834 3157 7493 9300 5305 1876 304 8169 5243 4902 841 4234 3924 1623 603 191 7859 7930 9782 4311 8087 2544 6775
17 6695 4143 7141 7911 6485 4387 1192 7671 8240 4968 6973 679 8515 5939 8163 5002 6976
38 7040 4346 4495 8271 5218 3640 8449 5049 502 119 4782 8042 7840 871 2108 5915 8288 7754 7077 5785 3455 4322 4765 2222 2022 5671 5776 390 6666 7350 1312 3863 6878 8898 4926 4103 9326 8012
16 3855 297 2429 7849 666 6582 8901 2 1980 6120 4985 2148 6754 997 7272 9723
31 3371 8559 2774 19 9090 7846 530 5307 7882 3759 649 9228 2760 3925 4443 1065 1078 5958 3917 2398 4425 5488 62 4095 246 8454 8943 4610 9259 8490 4600
9 1178 5815 353 4147 275 4329 3028 9827 6417
21 9675 8520 3249 739 699 9691 1002 3722 2805 3152 2991 2772 63 4521 673 8759 5365 9608 685 8947 9097
20 6198 4829 4449 6769 7368 2414 9395 6086 6292 2109 1397 2795 1225 7136 7814 5787 1939 7766 7977 3820
11 9449 211 2288 8572 8320 1084 2312 9635 8863 3825 1437
22 375 6160 9733 3409 1874 5250 9407 8007 3832 8314 8436 2274 5648 9115 7473 1694 7947 3792 432 5790 2389 6761
25 4839 222 3103 7799 7711 8020 5060 6068 6756 9830 5566 4973 1365 4256 6331 2565 4314 2332 527 3447 5274 600 1763 3996 8730
33 1040 7188 5615 4706 842 5112 2293 8574 8207 1580 2686 559 7344 4776 4677 3173 4840 4555 7707 4082 7003 1917 6781 593 5773 7946 3422 349 7831 6840 5682 5108 2816
7 9550 2654 1644 9288 3466 4472 492
15 1135 2913 9786 2183 2419 7185 2792 8067 4179 6435 3095 6211 4140 8202 8971
25 5424 5716 9581 1332 3294 109 7471 8323 1030 9012 6125 1201 7492 3778 5298 2541 3071 9922 9668 3080 3378 9818 3535 8862 3797
8 3156 1888 3239 7227 5384 1158 7600 2007
11 9799 2912 5161 1227 658 9864 3338 8996 3750 2151 6527
25 2559 268 3655 7512 3572 9316 3786 6327 164 823 1263 6744 9021 6611 7872 6335 4791 9605 2391 7035 6981 4683 4160 6616 9956
16 372 3281 4644 3468 1246 5197 8604 4230 9168 5413 7215 7537 9577 7888 1249 1052
31 7952 6694 9405 8425 7210 5189 3396 2305 4376 7579 6967 4744 516 215 202 9085 4489 356 3484 4925 8135 7336 5438 3558 4668 4808 6627 4641 5334 3929 4923
18 3654 183 3525 5880 7545 5916 6040 3365 7074 7582 3260 3343 5978 2185 3518 1758 391 3324
25 24 5649 2209 7118 8164 485 4800 9482 9810 2959 8576 8476 7848 4187 503 5677 1462 2588 5822 5935 31 738 4364 4592 2029
31 4637 5381 8189 726 2975 1010 4246 417 3398 7682 5279 9478 21 7091 9337 6308 8283 1053 2873 7294 9285 7892 1877 7833 8352 5065 2554 6158 5470 6613 805
6 6115 8406 219 3333 7948 7376
20 3988 8675 6418 1384 6849 6851 7355 1416 7197 7720 1875 4110 3695 4707 4076 9203 746 1673 4189 3288
9 5885 8342 7810 1860 8715 7638 9927 5891 3897
4 541 7640 2418 1546
18 1335 29 610 4056 7140 8484 7891 9144 9252 8821 3684 5802 8853 198 3388 1544 1652 3643
22 6228 1815 3697 3005 7230 3329 7779 7483 1229 8813 2257 2801 3177 8256 2716 7560 6055 6998 3581 5949 1088 3630
12 1833 1563 3629 4078 7490 8571 4242 7968 327 4348 8461 7059
25 4094 9523 3025 8564 8557 6658 1635 4935 6296 4867 8434 8146 6563 7092 2696 9684 4356 9817 852 515 6539 7124 5035 1894 820
19 55 583 7229 2589 6740 5425 956 35 7208 3194 9232 2412 486 7951 4904 9604 5302 6545 242
36 9216 2327 4873 5387 2123 2711 6804 6450 4207 2235 4297 9457 3117 3261 4895 6041 4453 5664 8524 6833 414 213 8550 4847 9437 7531 2195 5775 2478 4753 2396 5536 4284 1226 136 9484
12 9283 9121 9471 5638 3118 4434 1149 6207 8612 5390 4292 5460
23 4842 1993 8213 6502 9347 8376 8774 9559 4225 3193 2756 1783 7958 787 3382 3757 4081 3954 6954 3598 7938 1403 5573
37 734 1879 3579 1013 5510 4635 9944 2605 3795 3114 9171 3802 8378 9357 5550 6106 9607 5083 7024 6552 8107 7706 7868 9363 5965 1161 8621 6401 5640 4408 6177 6051 6266 9545 4013 8210 2609
34 3580 3008 8458 4455 6410 6475 2651 6026 8671 6719 1864 286 76 876 7007 1314 1072 7417 83 7400 8522 9975 4609 1556 2349 5459 2101 9210 5973 2864 525 4319 9126 3914
11 3149 5902 2828 5727 4781 2838 3202 5653 7032 2271 9146
32 7119 9166 3651 9544 6164 8040 4703 98 9179 7732 1738 4045 4347 8316 523 5901 2670 3392 4430 9686 3801 5997 351 6358 8657 9414 5077 4456 3543 2019 1760 8384
31 4214 6656 190 5743 8629 6206 1218 2537 9071 9199 3532 5995 3211 9240 6165 1668 3551 1597 4674 9079 8771 6820 8399 2798 4562 4172 8959 8409 1127 5253 4133
34 5497 2986 4882 9698 2603 817 3208 5487 2511 3403 975 8133 2825 2171 2693 9534 1753 1116 8729 1388 5052 9490 721 8756 6683 6797 5521 8205 4534 4126 7896 6405 4432 3350
17 957 6767 8630 3236 2641 3196 4352 2110 5610 912 3377 618 943 7359 2408 4716 1086
15 6724 3410 5227 7398 9128 166 2915 7372 2783 4869 9681 85 9381 5441 7813
31 445 2507 1492 8739 4910 3188 5955 7787 761 3636 4607 1436 8851 8857 8307 4809 1050 9194 6811 6225 3517 7352 5691 7300 890 5162 341 1180 2032 3588 7093
16 3693 7028 6110 9851 7927 3073 3585 483 1627 6480 8485 1376 6016 5974 1987 8301
24 2020 4788 3527 2357 7346 196 5143 4805 77 6204 8060 5966 8651 5738 2092 5624 2911 491 5703 2612 7087 6750 6288 7986
20 5598 6900 7186 9402 4648 6951 7580 8637 8219 4137 5371 7153 8706 5673 5096 7044 6845 9494 5821 3313
26 3030 2324 5808 4414 6924 3024 9282 8588 6474 3502 2732 3098 1110 4775 550 8486 2631 3351 4280 5479 1789 2491 7863 898 4127 5850
12 8102 1407 8158 8073 3833 4493 8190 7503 2065 5211 3341 7844
31 8840 4475 2079 945 3424 277 7637 9696 6186 8079 6034 9576 2355 7513 8864 2402 1071 6262 6066 5950 2255 4022 4998 478 4943 5595 4057 6151 1019 2755 2764
13 5406 4098 6794 8055 8426 8902 951 6356 4139 7239 3905 2909 6190
22 1528 6965 8290 2147 7226 3807 5751 8094 7066 1338 8444 10 5004 256 4970 3413 6314 4362 7599 879 8005 240
27 8204 8029 3138 457 2382 2060 3435 1509 3770 4441 138 1787 9998 2400 1468 1248 3939 7047 3919 4961 3736 8716 4934 9960 7568 6917 4492
26 1735 3667 6139 1803 2184 1368 2694 8833 3053 3796 8473 8623 5795 7022 9704 4402 2262 1279 3002 2219 8888 3781 3500 3627 4338 6127
30 5304 6633 1228 6457 9974 1251 1959 5156 6584 8876 64 1862 1101 8686 1051 6680 5364 276 4454 9506 4369 7656 3713 5199 3763 1675 8053 1401 2282 835
12 6321 6947 6777 8844 5643 9016 4053 7660 9903 4977 7996 437
35 3743 6913 5572 8370 2904 4064 9769 1723 5539 5263 292 1553 7187 833 7407 3127 4711 4851 5587 8049 72 8873 1171 2345 7258 6577 8455 5145 2725 2460 7603 5147 3749 181 914
8 1269 9459 9997 82 6492 2203 7825 7214
16 6039 2439 3877 8343 201 7107 96 6309 2071 1506 5037 7744 1074 5494 4275 6817
26 3457 2531 8149 9406 7553 1697 6409 5054 2981 4532 4667 6880 6682 137 1119 687 288 1848 3250 1969 1141 5741 5508 3724 9906 4298
32 8728 6662 5358 1734 4194 2566 2216 152 9497 7558 6850 1364 1308 2854 8814 4014 4345 6324 5552 2890 1520 2962 6440 650 4041 8380 4267 7332 447 6748 8535 5078
23 4687 696 5948 5990 3067 368 5284 9442 3437 5611 6813 7970 9113 5467 7469 1617 404 421 8647 8078 7781 4042 7992
10 3564 2176 3246 36 3868 3150 9434 2172 7460 9716
19 4679 225 7096 6374 2884 659 6925 384 7966 7322 6859 5206 8393 3033 9857 9984 5138 1427 1107
31 580 1794 1170 4693 7104 2523 825 3554 2333 986 6896 2320 454 4981 2636 9139 1310 4730 3296 4427 9443 2607 4621 8045 4061 1155 911 6257 8255 2490 8740
25 1992 6456 6843 3276 7320 2106 2143 206 482 9549 7698 3051 8353 2640 106 3190 6379 8125 7809 1129 1288 2606 234 5834 3507
29 8179 9820 8262 6493 7357 5006 248 2717 7924 779 4718 8649 1870 1871 5877 3881 6075 3548 1122 8501 9493 2679 9597 8735 9753 1887 8582 3380 2704
25 6952 9670 6745 6762 5910 7920 3135 5981 4950 5827 5518 5081 7491 4676 121 2353 4928 3923 3780 8897 1951 9937 263 2586 4363
30 6424 6654 3826 5744 4170 3989 4080 4666 6526 1352 3205 3624 3509 8239 1047 4265 4565 1224 7971 1274 9178 2822 4226 2161 4203 7565 6249 2130 3204 7985
30 5245 5393 1489 9267 7086 9680 1729 1835 2857 9222 8610 777 5041 5532 7718 42 5140 7304 3639 3678 5943 2405 5368 3242 4393 4199 8724 737 6351 9329
9 7468 362 6606 1548 13 2814 8319 4186 2794
14 1866 1194 8803 7193 529 7019 2045 3896 4046 402 4317 5296 6 7069
12 8578 2480 2898 8691 9370 8799 8615 7879 4420 5318 5631 2773
18 1138 9411 7709 1113 2963 661 2455 47 5627 9949 2578 4888 2702 8782 1067 4476 8527 1935
10 9901 3049 7325 1670 8683 5311 1581 3853 9829 2499
22 4435 6269 2424 5491 2784 513 2539 4088 4957 1884 7109 25 5144 7989 6891 3945 2321 1826 4896 840 2410 3504
11 2278 5027 7864 3148 6558 6377 5350 6934 2646 597 9359
21 9626 7064 8302 315 1363 7572 1500 2663 8379 9948 7169 2525 1193 7103 2513 8064 872 6644 1247 6260 4424
25 9187 8489 2536 6752 3334 8868 2250 1910 9202 5866 7068 8051 7120 9155 8692 6692 4152 3081 5828 4580 8095 7649 2449 6350 9599
23 8509 7687 6123 9985 8464 8155 9537 5838 4195 6460 365 8793 5763 1828 4359 904 7157 5448 6448 9642 613 1722 6302
34 5222 3540 9595 5089 5554 326 950 4205 5695 3451 294 7516 3859 8764 9941 537 7521 9111 2062 1996 1434 7616 3908 9310 6084 3219 745 3660 1301 2027 4188 6721 5020 4803
14 4059 3647 6378 9119 6549 2002 8180 7540 60 3140 5551 9063 7899 251
2 7716 7678
32 113 3546 6150 2198 9575 32 9610 1324 8228 2362 4552 1309 2393 959 9433 8748 2994 1861 3503 2489 2579 1577 725 9069 6011 5251 9773 1809 360 1701 3804 7173
23 8292 5343 6329 1024 3865 1054 5732 2999 9707 8806 3099 4236 1960 2498 6578 4810 1320 3171 2638 5281 6230 3126 299
16 2949 7088 4546 4437 2422 8832 6836 439 8766 4411 9750 985 6914 4448 9673 8618
10 8587 6404 7129 7451 2335 4421 3105 2573 5174 2163
31 6044 1637 4583 9920 7631 4826 8791 6985 9923 6213 8694 3909 1891 4012 7788 7860 253 5336 1711 7139 1526 8132 9057 4102 1391 5789 4049 9007 4982 9638 2287
11 9084 394 567 9473 5818 5856 7406 128 435 5779 4887
31 4377 5971 1630 1984 2426 4661 1221 5212 3058 3220 7956 2706 6121 4211 9298 7266 9150 1307 1964 7354 6525 8907 3764 7658 1354 1698 1351 3151 3688 722 9206
12 7429 2296 1438 4428 8566 8462 5541 6058 2982 2660 2049 2868
19 606 6529 5237 6304 4630 3200 4250 7685 9419 8298 7933 8062 979 4756 2228 3574 9783 4213 2939
21 1883 7287 2538 7677 4794 9869 9251 1836 8852 2800 5427 591 7099 9873 5026 4231 316 2692 796 3975 762
3 2384 7962 9515
10 8227 5475 9427 3385 3652 5647 7017 4697 8350 7606
21 5018 4877 8586 4233 3354 57 7883 6119 6133 2543 5861 7822 5372 4550 5268 26 3233 4461 850 4719 2528
22 1209 3245 7329 7768 5120 7172 9164 7628 5584 921 2969 6179 1791 1907 7178 8693 5040 6679 9740 5471 1139 1136
30 9046 4208 2928 2642 989 5477 7382 5187 6537 8737 244 6698 4866 3997 15 6059 2024 3045 3161 1691 1484 6286 6027 7869 1712 7303 4490 4118 3286 702
29 6189 9852 6155 8784 5626 6446 3663 3442 4355 6268 3496 2467 8545 232 510 1824 2921 946 814 7858 2472 6343 8828 9120 7751 9589 8076 4177 8908
31 1414 4885 3029 2401 839 4020 330 531 2385 8324 6946 4113 8494 4394 1211 2506 4232 2719 6117 8936 3438 8714 8802 148 2767 4745 5839 1962 5051 4813 6010
29 477 9052 7319 6003 9804 7253 5409 843 8296 7488 8807 754 7220 5259 8407 6854 2876 9687 6284 8639 7324 7821 9540 5731 7026 540 6779 6518 9648
19 3147 6297 5301 8534 5694 4620 1727 7974 5614 8469 2303 2705 6561 4551 5667 1731 2421 4522 9049
16 8932 4260 4537 9556 6255 3199 1634 7284 1706 8114 8891 958 6635 8061 401 1035
21 6807 4984 5113 1973 8481 4212 6565 6431 1214 1270 9308 9161 9426 6477 2974 1148 9650 3107 3069 710 1174
18 5299 1512 3384 9813 8309 6922 4141 1381 884 6077 2503 308 7905 6685 8404 9214 3850 6080
30 8518 2233 3758 5954 4202 1684 6357 5344 4944 7221 3476 3547 5976 3672 1920 2685 4817 8417 4304 6586 573 4288 5972 8050 6534 1278 8460 8130 9787 6348
9 9935 7116 271 1121 4717 5008 4963 2500 4941
28 2166 9087 965 9286 1503 9620 3879 3477 300 2075 9992 8830 1513 4915 7486 1451 9839 5180 7331 1649 3486 1358 4735 70 3094 3480 7533 3289
28 7114 627 1100 8328 2649 6703 6023 7535 2453 1429 342 2835 4378 5172 3141 5862 1289 7680 7828 1420 5871 7063 8386 6130 9552 291 3347 8948
13 7612 8209 9768 7804 8394 5079 4416 2290 8172 6028 1602 1333 4286
16 7108 4965 4564 9838 5473 6730 3251 8750 2644 539 6299 7738 8944 6385 9621 3491
32 2738 8459 7224 8410 7934 572 7477 5426 9701 7654 2037 6926 6167 473 1567 4276 227 7543 6432 670 7067 9841 6796 9808 4269 9157 2827 6968 910 5148 2276 4239
27 9649 5746 3601 5214 4875 8614 9341 3124 3326 6737 249 5559 4825 1882 2269 9099 8248 1507 307 1419 3217 810 4157 3838 5293 5665 9794
27 789 9011 2934 6575 9617 1453 5576 3228 5700 9000 3992 9919 6713 5220 4097 851 4370 3145 788 6508 1077 3836 3400 7586 9227 5501 9476
31 1323 400 493 3921 8681 4659 3958 8597 5579 1595 7915 6905 9694 7231 5411 9779 6367 1690 9233 9039 7056 7634 5276 1490 3957 6093 192 2090 8098 2922 8308
25 3197 2748 2742 4154 3915 9872 9761 9858 8617 4105 5709 2359 8565 5257 5111 2510 7487 9521 7349 8790 1147 828 9674 3415 2509
17 8773 8598 3277 8539 4874 3700 1375 9204 7273 3998 4763 8893 2028 6979 2411 7641 7878
12 8024 2520 4164 9890 9562 9450 7034 4854 9140 7837 1872 1159
28 3257 3976 9965 4299 2112 7692 1565 1725 6426 2809 4533 4590 7148 3613 8680 7345 2156 3642 5940 2392 9324 2721 927 2998 3134 8178 1510 9721
19 8711 6910 8540 8074 7402 1450 2996 3446 5525 9966 1610 6429 4743 4464 5404 1327 3892 2858 6330
6 7993 2512 6741 4848 3739 2591
9 6135 4223 4084 1252 8071 2502 1823 4799 4542
11 5991 1744 6180 5420 8144 3419 7057 8106 8057 9555 4124
21 8736 6884 6669 6220 3583 6182 552 1181 9952 4653 2630 2722 9816 733 3686 1486 4579 6759 6887 8056 9520
20 4379 5213 4959 9306 3368 601 8796 2140 2900 4123 1521 5465 2082 6463 6112 8676 2286 2322 5125 9726
30 7020 8713 2681 1267 3191 2077 4652 7912 4503 6832 5608 4358 6970 7351 9930 6734 6079 9969 1761 2956 2428 7170 7705 2370 9446 9876 855 8044 8839 7673
18 3311 499 6452 1832 6008 3331 8336 5906 5930 5319 453 764 9391 2689 4337 5431 2618 4846
14 563 7113 7857 3846 9358 3011 6975 5729 973 2553 1687 4148 229 8330
17 5858 6239 9487 782 2731 3493 6618 6541 4628 8916 2452 1027 2337 6210 5720 8541 9507
21 3990 3849 5636 6473 5303 1647 7209 7276 120 2270 9849 793 5804 1772 8992 9732 3649 5403 7980 2625 8994
28 3575 9996 9666 4109 6202 5347 2787 6648 8116 826 7679 1431 6672 1387 5484 9318 9170 6736 5200 270 7775 9986 1195 7596 7832 9736 3857 5412
13 7399 9463 5480 1582 5759 5659 8607 1607 1230 9369 20 8556 142
13 5192 5875 5332 6085 8544 9264 1371 1045 6347 9825 3756 7027 7362
10 6783 1651 1421 8088 5889 1865 4911 5944 2818 1212
19 84 1593 3891 8573 4048 7630 1342 5326 9788 2575 2363 6733 7544 440 4162 2608 7426 2664 3698
26 6901 902 7546 1994 6567 9751 1346 9963 1220 9623 1256 5692 9758 2955 809 4712 7250 6229 7242 3178 6594 302 8622 1001 9304 2450
19 8329 9137 5698 3821 718 640 9712 4990 1109 3203 2415 8843 5039 692 8134 887 4715 5383 7632
28 5445 2788 874 1276 6430 2207 2404 7456 4969 5684 6921 7004 37 1154 1340 8560 2256 4210 4500 6792 7664 6614 9189 1454 3715 5848 3671 2993
19 2432 8848 7792 7379 2128 8801 3432 4486 9292 3052 8779 1741 5872 9420 4198 6551 7756 3705 6152
26 2920 3951 7428 4196 565 3966 6076 1459 816 4033 4075 3473 7633 1485 1851 621 4827 2778 695 2743 6300 8810 3687 2926 1304 3431
25 4511 4255 7737 5511 8768 6024 1169 514 5702 8644 6218 2907 5353 8140 6281 6129 6935 9904 14 9585 654 783 8690 8880 2300
14 2006 6200 9735 4403 9062 883 5062 5133 7506 1795 587 651 2055 1350
28 6747 1674 9627 4980 6550 8795 8367 9889 156 9054 4068 3213 4429 7461 9327 5132 1007 5961 3018 1467 2671 8152 8 3335 9560 5046 8870 4766
18 7070 2026 1524 3605 9524 8110 6280 9570 5014 4638 897 5635 7791 5191 7594 8593 6857 7581
21 3253 8021 7347 9160 6025 6504 8015 8688 331 6471 574 5483 8627 9373 2301 7039 901 314 9958 2342 464
15 2436 2957 3603 9925 6687 8206 140 1398 4077 2326 8363 4010 59 7467 2650
26 2899 892 5369 5535 1200 4404 2041 5656 1079 9242 1494 9505 1048 3851 2234 2383 2808 6047 6083 3406 8360 195 8446 3582 1361 7433
14 864 6208 4029 2105 7010 2275 3895 3225 2970 1514 6246 1204 8126 1813
10 5359 5996 5748 9349 2486 5492 3719 998 3458 9058
17 6877 1588 2690 290 6739 2409 6580 7746 4398 3133 9632 8533 3782 2042 5786 512 9868
28 6735 5377 3842 6438 1557 6705 348 2797 1943 193 3862 808 2621 8289 5919 5452 6624 3726 9695 7247 5926 5596 9797 6496 4909 1082 1418 1705
12 8699 5890 5025 9382 8653 9527 1676 2374 6389 6907 8127 8824
27 5034 9255 3066 9512 2551 5622 3829 6114 6462 4912 8993 5068 8584 5655 1717 4762 5236 7291 1782 602 8058 6434 6073 2976 5011 3617 1425
18 2791 6786 9845 2856 2570 2600 1046 7808 9652 9720 3146 1930 3181 2099 5825 1953 7714 4191
10 7575 1325 3023 1017 3899 8139 7228 3327 7601 7527
9 677 8104 209 1399 9609 749 6242 4725 6991
12 6252 5913 2556 8620 9784 6888 8250 534 3628 9688 8047 8345
14 9685 6455 5205 6711 5712 3615 3038 8642 9364 3622 8956 509 7392 1339
29 700 7082 4833 1995 3544 6340 8191 8695 374 8869 9077 6885 2645 8516 8811 9630 7502 4173 8914 6095 9368 9777 289 2863 8313 752 4945 3514 5646
5 311 3539 3959 6185 7795
30 3607 5654 6307 3991 3602 2992 2442 6638 4639 9539 459 7143 6181 6363 4903 3142 6560 2331 9066 6704 8514 4859 4261 5594 3303 8765 1841 5408 7375 3042
10 719 4017 5553 389 6782 466 5854 5936 7115 6993
22 1305 3170 6053 7876 6856 3036 2059 3784 9731 2558 1117 7548 1470 9362 6743 7972 8332 1210 343 6715 3302 4545
17 328 608 3381 9392 1990 71 7589 6945 1726 6443 2157 1611 3283 757 6568 5063 2820
28 1689 3947 1260 9042 7785 3102 6587 7014 350 9583 3913 5320 2378 7021 7507 2647 1404 2471 162 9266 735 1166 5455 8980 4350 6507 3562 8921
25 1852 2626 697 9030 977 6886 9564 7309 4828 5998 2104 6726 2437 2021 5639 2018 2891 4893 8742 1849 3637 5897 2819 8707 6365
24 9191 3317 7446 4115 3370 102 5724 4477 4433 8511 320 8415 5925 3195 4122 158 5509 8762 488 7834 7138 5609 1923 6032
15 8792 2881 9511 9116 2781 3775 5400 847 2796 2319 6495 3568 2039 3013 5059
18 1315 5500 4836 9897 4913 2769 3606 6566 4758 7741 8886 7815 4175 4149 4672 1931 2821 7688
28 769 8277 5771 2056 611 5799 5124 636 6696 8108 2231 2611 217 2688 7360 2226 3659 6071 3852 167 5378 9994 4633 7818 2855 3586 504 465
24 8979 9320 3068 3411 4558 1601 8831 908 8160 8661 9152 4947 471 6145 9665 323 3822 9296 7154 6555 7131 9860 3880 1573
10 9393 4200 5983 3516 5581 2329 6187 9332 1909 5198
17 4309 7585 3426 5888 6293 39 6610 3837 1133 6598 1669 1183 5242 9940 5265 1559 9711
15 5710 2118 7102 4658 6814 5043 7745 8245 881 467 2068 4623 6827 3401 1880
9 1543 8967 6349 4837 4197 139 8865 5476 1009
15 8447 8254 3840 4065 9624 8225 3314 3182 6625 6325 4921 1493 6655 5893 3088
13 1530 1869 1830 9654 5783 4007 8951 7134 8018 4594 536 9513 1555
17 1778 9462 1743 7389 3470 7201 5136 1156 7620 7798 6097 792 1060 9878 590 8414 6853
27 7117 5295 2577 5135 8523 5193 352 6103 6883 8257 4906 3625 1262 9017 520 2232 6553 4253 143 1801 8867 2583 797 1115 778 9898 9336
6 3176 9385 1430 1817 6154 3569
21 9495 3557 4953 5853 6422 7216 2072 7873 3790 8918 4669 9043 9894 5704 6990 4771 9453 7241 2168 3978 2448
19 6004 1640 5668 4587 5267 1369 5951 4328 1790 7659 6290 2187 7807 3072 4266 8763 2552 7990 4700
22 9401 3092 7602 5663 1797 7759 6381 8981 2407 8760 2078 1814 6602 7960 1578 5947 7865 1766 4757 5146 2628 2669
16 6168 7648 9105 4520 9293 8496 8335 5229 3079 1754 7953 9486 6318 9644 3631 1300
16 5517 212 1491 5678 5228 1441 1182 4588 3297 1374 7850 7386 2747 5179 7189 2853
27 6159 1142 615 3022 1693 6643 177 9900 3429 30 7900 4654 7842 2978 322 2215 3519 8561 932 2165 7396 1408 7121 4079 616 2139 9196
9 2230 41 3632 4396 8173 2368 4528 101 2951
16 9503 9926 7554 665 1460 6825 5382 7334 9015 1037 1657 5015 9440 9243 7694 3861
7 4467 3292 7106 5975 7733 8154 2658
24 8892 5699 6749 3026 1106 6809 5170 178 6805 8237 8963 5442 9498 8549 9447 8347 5605 2617 4816 625 2841 8751 4774 9530
8 873 5417 2443 1125 9348 9218 4736 1064
26 6403 208 8259 2406 5514 1944 5247 2153 6785 8359 2522 6126 3344 6671 2416 9235 6906 3814 4083 6007 1025 5661 8424 8941 2371 247
8 8548 6765 7085 9190 5091 451 9977 790
13 8978 5757 8521 6634 9065 772 5809 4301 1940 5718 2457 8218 9600
11 6875 3017 7444 5103 5989 1478 8153 3520 4692 9664 8722
23 4112 4502 935 9180 1537 7778 6279 7796 9671 2947 8432 6738 9762 1243 6259 644 1632 8195 6148 5645 8305 1439 7105
23 8203 8440 2167 2464 3817 2930 6956 2753 6962 7727 2373 3282 6861 7790 8842 1769 7510 4306 7981 4155 1317 33 89
22 3773 4863 1102 8176 5701 9272 1259 4802 7259 8033 3078 6874 185 5430 5852 9149 6383 7200 6015 4442 4296 1562
18 7475 4575 8198 6718 2036 4704 46 1583 2866 2131 5450 221 3787 4956 5436 8405 4281 6524
17 3291 3999 7538 4237 5098 94 2632 3670 8258 8230 7910 9908 7784 3559 1547 4578 9834
17 8274 7574 3375 4291 4544 7684 4386 785 6723 4431 4563 131 9454 5855 7393 8147 913
16 200 1804 3614 7071 5863 6608 880 684 5048 7297 3529 4451 3040 3273 6170 8443
17 3910 1518 9657 1667 992 9276 4636 6689 538 2885 9106 2990 1402 7646 6174 3827 5127
22 1066 7314 5602 2352 9118 8037 9561 6659 6393 7998 3584 3974 728 1682 723 5733 4751 1283 9862 7800 5819 3733
25 9602 720 7867 6392 6538 2776 7278 8272 2680 2901 3070 6824 8749 1132 1011 2283 905 6408 2514 5130 6959 6035 5230 6919 6342
16 4624 1233 9951 1685 9127 2240 3230 5272 2521 2259 4272 2280 4067 7758 9172 5414
19 245 7248 4705 1222 3732 6336 6971 6188 6746 8159 7366 4038 678 4682 6043 6995 4572 3209 7621
10 7013 9848 6801 2469 9528 4180 6543 4820 7978 2615
20 3779 7870 3972 3433 5437 3751 6830 9424 4289 3121 2413 1241 5423 1933 8251 6209 6433 2964 3619 8321
15 3362 9843 8025 3316 9023 6908 8583 3001 3096 2268 4599 7437 5980 3015 8119
30 2917 8786 8536 7668 7438 444 5764 9031 5073 6712 2175 4499 9244 5747 6862 8052 6395 393 5993 3254 3707 5429 3349 9 3561 7409 6585 1901 3723 7390
33 2356 6192 7465 3108 6742 8989 4481 1886 7043 5844 1589 4787 8502 5527 3339 2837 6617 3271 6372 1151 2872 5321 8124 6701 1812 6844 7183 7112 1683 2683 7111 1646 452
17 5693 9806 7236 1628 5107 3993 1613 9133 9912 929 8640 7750 4235 6387 8437 8422 1322
13 1867 8224 4050 5240 5917 942 2745 9156 7176 1271 4227 6488 8563
18 8175 8670 2494 5565 8668 4822 7907 8985 3728 1366 9812 1952 2196 7639 4479 1205 1095 5047
5 88 3510 5621 3701 7110
6 2074 2212 3809 345 7497 1190
18 2571 5540 7683 3420 4035 2585 6407 7693 2948 1922 6668 5770 8877 4779 9311 9770 6933 9637
9 1208 174 6306 2200 759 1261 7526 976 4023
17 3129 4686 5234 8546 698 9767 1516 4000 2678 5038 3063 496 1321 5813 5490 605 8226
10 1177 6425 3936 2759 8923 9764 7029 8122 5543 431
23 2495 511 2997 141 4415 4773 3963 8650 594 8493 4201 1423 1775 834 9309 8222 8797 2779 329 3301 2594 4955 1185
26 3055 1970 1175 241 1349 9177 8585 8023 3474 2526 5023 2861 6714 1932 7786 8720 634 3864 8364 899 7618 1481 1919 4091 8054 6675
29 7975 5090 7323 9871 9064 5324 9394 2790 865 6223 724 4688 5603 4121 7194 829 237 8531 5493 8875 3306 1728 8391 5977 7184 6789 3505 224 8861
26 730 95 4410 5351 8034 9832 7162 9836 8373 9436 2284 1167 6033 1950 9096 6144 4039 6354 8619 2186 7611 9715 669 3903 6955 8217
9 1955 7243 6352 3537 2852 3952 6999 5064 5226
18 2782 8856 8575 7663 775 2260 5070 2272 6036 9729 7288 6773 1749 8672 9756 3803 804 6090
9 768 150 5686 8682 922 4643 4027 1452 6828
16 9543 5777 3783 3789 6222 8244 6231 4312 9480 333 81 2496 7244 4597 7218 5067
17 9636 9314 233 6855 5807 8643 9088 5528 6468 2446 8507 4901 7424 5831 5024 9796 4354
16 9078 4807 7884 161 4958 674 2867 1692 9319 7296 8177 7757 1057 3935 3943 2620
22 3541 4153 4629 1721 9980 280 4343 1412 9205 4135 9801 5570 9098 334 3982 861 1103 8249 9396 7604 7722 8304
7 2718 7854 9909 8008 78 1343 4726
24 409 210 1913 5241 930 4130 4278 9553 576 4092 2348 1357 4988 9211 1179 7625 468 7261 7676 4570 9883 8519 1055 948
15 364 7926 4001 2560 1039 7265 1991 8089 3871 3390 6087 3279 557 1038 3035
20 332 8128 5495 5169 524 9299 3428 9709 7914 6600 4144 5066 7328 4445 9095 7289 2227 8847 7404 1552
20 5887 5756 7246 6639 3669 799 1424 8775 4547 9739 112 43 4612 5297 367 9147 2298 8137 4295 3633
2 6879 7206
20 2780 5957 8093 2754 5952 7150 1539 7065 3256 385 116 6812 7295 8881 6287 4780 4752 2592 8453 5561
11 4507 9954 6285 1585 5389 3175 7839 8396 6931 1974 9865
19 4665 6245 3453 1215 6589 461 8945 9881 1389 1695 6980 5755 1153 7055 2114 259 926 424 1131
13 9805 655 6000 2000 2919 6597 4353 310 6397 4229 5316 9569 204
25 1273 8346 1655 3885 4656 9209 9466 691 7715 4714 6562 7610 386 1264 4423 3342 4238 3831 3944 4401 1213 2697 6911 5072 4908
22 5282 2261 4806 8530 3082 4366 4819 2977 2802 6002 2960 742 5416 6691 7072 9991 1928 4504 3258 3352 8092 923
27 8382 7557 381 2952 4171 8708 2173 1282 319 1800 1415 9554 9978 1502 2190 8357 1440 909 3600 5644 4681 5407 5612 8999 4320 8753 8789
25 7249 8554 506 2178 9846 8263 3843 9438 7749 4096 1383 4515 1918 305 126 6506 8483 6489 2067 9535 3298 8808 8084 936 638
13 4761 4613 7494 4986 9972 9458 934 4907 175 8186 7006 3894 4646
26 9874 2497 8085 2937 4099 2505 462 4117 7414 5768 9847 6513 9335 9181 7932 1816 9973 8066 6731 9122 9516 5328 8371 8429 8327 2308
28 8351 3816 5719 9738 9375 7595 3165 7081 5879 4792 4167 4357 7650 8624 5582 9588 1239 5271 9491 4702 2361 4721 5817 2354 8123 231 7161 9024
21 8157 4107 6173 7263 6359 1297 4561 5556 6298 3007 7721 2466 5707 1216 1680 7991 2120 5900 3595 7257 4277
16 8835 6012 5662 5717 397 6386 8988 6406 4992 8969 6376 8354 5546 6964 5927 1018
18 6536 9557 378 3970 5803 2966 8111 446 9261 2734 8709 6447 6166 9461 5458 2845 2376 7509
24 3866 1986 7442 753 5375 2377 7466 1752 6140 7763 1534 2431 173 1373 5270 1498 2542 8721 7485 8983 4413 1126 8278 6665
26 9744 6523 4485 1631 2652 3930 7234 7726 560 9968 255 1914 7217 5080 5094 2666 9040 2302 7819 6157 6147 6050 9014 6364 6113 5176
19 7373 4940 1355 1745 1942 4871 5105 484 5523 4747 4217 8669 5705 264 9999 2806 6214 9970 1732
25 5017 6503 8236 671 2217 1311 9284 1433 1411 5093 104 9653 9108 4527 8712 8697 4340 3003 1811 7697 960 8654 5547 579 4374
13 9631 6645 6009 3729 9672 7559 6628 9067 6717 4967 9365 2724 3883
30 7430 1508 4318 9325 1511 9132 7515 7724 4634 5534 65 6138 1395 9790 7285 7661 5288 8117 8472 4367 5489 4728 9714 9717 8674 5233 9131 6295 2117 6693
23 5285 8419 4409 8188 1062 425 8229 4221 6240 7626 7770 1382 9295 6758 9856 4131 3876 4559 6514 983 9700 3417 8196
16 7928 3830 9353 3542 7232 9138 8667 1709 3847 8591 3824 9371 811 8185 5363 3012
12 1515 1527 9640 596 8995 907 8303 4339 8552 3734 7054 2968
17 4349 2967 1465 9538 4786 9619 9028 7207 4224 194 7125 4876 4026 8905 4385 4931 7909
25 9305 6265 7312 8940 9134 6784 5310 4031 5300 4282 4772 7904 801 974 4801 5840 3187 3166 2726 6037 8138 2138 818 8508 1599
22 3263 5711 1902 8151 5914 6548 74 1561 5355 4870 3087 4737 8794 3768 1112 1678 6092 2083 4460 3703 144 2202
14 428 6842 7190 4645 8595 7861 7984 8401 1638 8063 3 9384 2445 5084
23 1313 6316 8772 146 6989 6716 9612 408 8950 6014 7541 9962 1945 4625 526 7539 7251 6250 2100 2035 8526 1093 1242
18 5562 1590 5472 8197 7419 6709 4341 3109 312 2870 8142 7571 4305 6546 1898 3835 3356 8441
11 3869 4673 3445 8035 4497 8631 7361 6800 1656 2737 4471
18 9976 3462 802 267 9037 5082 3839 5835 987 1199 2390 257 6131 8896 9855 6370 9468 4321
16 1223 9947 7690 9477 8529 7642 4724 1912 7122 5141 8286 8211 6661 6317 7955 9533
12 2519 3512 1949 617 4605 3793 147 6909 9441 3454 4942 4469
25 7657 8448 266 7922 9710 1250 8970 2292 7592 2557 8960 8492 7769 9548 155 6254 4271 6992 8011 5075 1600 4324 1586 6509 962
25 3549 3490 7567 3565 3414 1733 1968 5260 3874 6699 8705 1034 1163 6620 4650 4746 7871 7817 4983 2088 4797 5781 6481 3984 7767
25 5516 7662 7387 9248 3754 4111 5486 4937 3980 9879 5468 5106 5126 9343 9036 4596 8537 8754 7489 2946 1044 2540 781 6233 7450
11 7666 8348 7534 2220 4939 7075 4361 3679 2595 3132 4865
25 7255 6818 9819 9033 91 9964 230 412 1348 7529 4993 405 5870 6637 868 6626 2258 6236 7481 6688 6631 2894 4626 9354 1569
10 8338 9705 2639 4914 595 9070 1476 2246 5864 2758
27 2973 9254 846 9130 4930 4384 3167 7508 8562 7142 134 9080 5183 1469 7160 5042 5110 3085 4582 9029 7280 5737 4883 2879 6522 6439 3730
16 6420 5158 2653 7988 4924 9734 355 7237 6339 1253 7969 1596 2403 1941 3183 3367
26 9045 4733 982 422 3513 5087 8500 3075 2375 9270 3300 6163 1535 7923 337 7254 1063 8408 7452 5617 1049 5209 9669 4785 9374 1473
6 168 1550 476 8397 2691 8503
13 9514 5829 5620 7464 2038 3806 3810 798 2836 5616 2238 9253 6371
29 6412 533 2635 9492 8609 1189 8118 1257 3421 7145 4086 2599 1004 5956 7551 5796 2980 505 3668 5774 5482 5207 9301 301 9271 1172 5474 7593 2659
14 2135 4720 8192 4465 8456 8398 9074 8082 7436 1207 1903 8375 5697 869
27 9633 3938 4938 3232 5116 6243 2766 1934 3610 7823 8616 683 9328 4739 500 8470 2295 9587 1885 7797 5555 6005 8780 8997 321 2197 7524
12 9815 6498 8955 5690 5045 7829 52 7048 3328 2614 9225 1000
20 9628 1843 3616 8368 3818 9159 3981 9844 2366 7384 8212 1104 6459 7177 9939 4732 4373 9603 3937 1344
21 2735 6360 3594 6101 7811 584 5278 3404 3212 2017 252 863 4727 1554 8919 8183 7880 3965 4252 9217 6676
11 6547 7994 4034 9101 8984 8214 5569 5201 4523 8402 8235
28 2399 6413 1863 8854 2482 7041 4300 1859 1710 2846 2241 2713 4487 238 2768 732 2048 5114 3590 6928 3488 5246 8341 103 7943 8517 4273 1020
21 6942 3666 2323 1762 6484 2264 6839 5092 9880 2684 4074 9791 2567 1197 9780 1334 7377 5896 3769 6603 3848
21 284 4101 6647 4247 5221 9659 5356 5715 495 3940 2336 2676 3272 900 9551 443 8372 5876 5122 5666 3927
11 4948 199 1873 7211 660 4541 8804 8909 9377 3536 5456
25 9586 3270 354 8938 5100 118 7080 1774 3039 9542 9162 4100 2918 2750 7411 1379 3922 3274 8090 8168 3522 5121 2347 1659 3000
6 498 895 8306 6441 4987 2815
26 419 6710 9182 3721 3345 9027 4584 586 3901 4279 4368 5558 6469 4770 2351 3383 7851 4783 373 5797 4466 4760 4543 9911 4795 1022
30 6338 2896 5422 1232 3290 4327 4699 5792 5074 5289 8027 9421 582 9629 1068 727 2051 426 4193 9356 7268 436 3995 9025 1846 5280 5814 1822 9971 12
21 1240 4028 8194 9265 546 3373 7445 130 5380 9444 7734 4468 9312 7031 9853 7225 1759 2564 2593 3887 9765
14 3083 7277 6652 7245 5238 5287 8072 9321 517 8510 2762 3650 9760 1545
14 318 5352 4862 2667 4879 2121 6902 6591 8986 3423 3255 2310 1378 295
19 1206 8815 714 3009 9114 5396 379 706 9051 1606 9390 1120 9643 6461 5923 4018 5613 3408 4622
24 135 9625 6402 9165 4331 7629 1008 7542 3285 1396 122 4190 859 1094 8732 205 653 9083 4262 6311 6049 1435 6060 5575
15 9297 9634 2799 2927 4595 2954 4244 8871 9987 7147 5342 9010 4790 4553 4936
14 7000 6729 646 9035 7643 4884 3799 7222 680 2532 6176 5360 6175 2887
21 4920 6021 5593 2343 9038 6641 9823 433 6263 877 4517 6203 260 8465 6766 2529 5165 8356 9076 411 5461
28 69 1792 5291 8665 3785 542 7422 2086 395 9778 1337 2213 3016 7394 9957 7175 7925 6162 5016 6072 3916 9200 7885 6684 7385 1642 1579 1157
30 3875 656 6601 4713 369 1716 6838 893 3436 3593 4845 7999 6678 2155 9662 3309 4814 1549 3950 3706 2807 107 3977 3641 7752 705 132 3010 8710 5010
9 3050 4602 4024 952 1302 4496 8253 8120 1285
22 4830 2741 5050 2160 2602 5564 6056 4539 993 8326 3330 9807 358 5765 6778 4183 2063 2908 1895 6057 406 7410
10 4011 4004 8267 3034 9470 5623 3844 6464 9129 3523
24 4482 607 2984 7812 4159 4566 8547 4899 8917 8143 28 8927 8846 1499 2744 2379 2985 7413 3563 4418 9431 5685 3464 8499
22 4285 5892 2181 1686 380 3609 2164 7045 8491 9934 5154 5391 812 9055 3515 7500 6368 9124 1648 7772 3702 8625
12 6029 856 633 9186 1236 6065 1356 4220 3932 5857 4929 925
20 9485 1272 832 9981 3364 1985 6344 2023 9724 5519 1681 2218 2829 278 8270 701 9425 1889 9893 9803
25 1326 4585 751 6346 7555 2192 5329 6619 4060 5292 6442 6142 6802 7973 5882 4581 9367 8418 427 3184 3718 7789 8282 9432 7338
25 2518 6454 8937 5837 1768 1069 9167 9302 9955 6505 5583 7619 8039 1780 1032 4480 1362 3745 8411 3441 4458 6958 9616 3662 2786
23 6822 8816 2916 3057 2473 115 7903 2468 6491 2535 4997 7967 639 2093 2765 7023 6760 9257 9826 6470 8451 2840 7820
16 7196 6630 4784 6437 5208 1771 434 9727 1291 9835 1033 2081 8958 2266 3872 3638
16 4228 2180 4709 5021 3746 7566 3907 916 3731 2003 5119 3968 8325 6341 6872 7432
26 1997 849 6196 6270 5457 2107 6134 9006 5385 4881 2749 9866 6588 9034 3467 490 9580 2860 7012 4946 8834 3677 5322 3113 6978 3928
8 2440 1755 8878 9718 2874 5309 4397 6753
12 3475 3047 5601 9068 4798 5713 7613 1536 4649 5714 1056 630
15 9109 6969 7191 5628 6067 7894 3761 3295 5160 543 4138 5867 3064 8837 8874
22 8285 6771 100 8403 2076 5970 8028 7149 6920 4569 5258 2682 5496 2462 5784 1807 5515 3674 45 2569 9840 4181
11 9003 448 3116 4070 7519 1665 8696 5204 4513 8340 3755
11 6128 5650 8273 2044 7315 377 4824 1756 1988 3696 5531
14 780 6966 7777 97 8339 3556 7794 3222 149 1316 7635 3427 8635 7760
28 2425 4016 5012 6261 2673 1937 6416 2141 7764 1702 7552 5567 9416 3805 6949 1360 7963 6275 564 9656 8580 8165 8488 3716 9517 5735 4916 3223
14 854 5069 896 7730 9409 458 7501 9361 9722 9574 9774 8855 5478 2463
13 8823 3680 1496 6274 8266 2040 4470 5537 9224 7321 3813 5513 7264
5 1186 1529 4932 917 7655
22 6069 7710 5335 8555 4119 3155 2989 6451 6728 5262 3299 7782 2142 5115 9081 8776 6217 2125 8641 325 3589 3741
23 7874 1386 8187 2033 6132 6593 9089 1924 501 2438 2596 1519 5722 370 5175 7987 3136 2475 4005 9451 3898 51 8238
19 5182 9464 1281 2979 3867 6319 129 50 420 1925 5820 2572 5657 8935 6301 4332 5676 7252 1653
23 2132 3054 708 4274 1504 8904 776 7944 2834 2524 2158 681 7935 5418 919 73 7780 3676 4778 1290 5118 7937 747
16 7965 7097 4880 629 9566 2568 1603 5994 6642 7100 2634 528 7479 7979 7126 4793
24 4003 5428 2771 709 5899 8664 5256 6571 4365 8009 3379 8280 8181 9315 7578 9822 2527 4463 3983 2277 5912 3690 6453 5953
5 9289 3760 4390 3407 4678
20 474 1777 4372 3169 2314 8687 281 9141 4125 5340 8166 7353 7076 5367 3483 5181 9455 5843 5013 1998
27 4657 6927 4966 9195 3434 3469 9322 6353 3139 4316 7454 928 5675 4524 2447 7841 8390 1380 8684 6421 2871 4729 4731 3485 6943 1295 7753
13 497 1474 105 6161 5188 4263 6581 1394 3960 7299 4015 1426 1114
21 8991 376 4344 969 9837 5462 6963 3948 3689 262 3137 5793 87 966 5216 7765 2965 9383 8860 6847 1713
9 9483 2182 1566 6291 383 7906 1306 675 7053
25 9613 66 3482 8800 3499 1466 6235 1029 2206 5168 9153 3553 1574 6867 8208 7495 4129 6136 5185 9792 4531 592 3911 2208 3987
16 5440 9702 5642 9262 5766 7729 6932 2052 8741 6423 6898 4614 870 5898 1737 766
14 4405 1146 6006 9415 1196 4037 2328 3162 7740 7803 4176 5563 9663 5597
22 3566 4764 6244 8038 8293 3661 9278 2016 3776 521 518 3841 5275 9615 4960 5932 5585 2842 3571 3611 1341 6419
23 6984 6512 4021 3675 9238 6333 2115 4663 1740 815 6720 4890 5588 7478 2080 7051 9501 1958 2046 4446 2929 7083 5232
13 9795 6048 7856 3524 5526 1896 4293 1679 6708 8974 2397 9859 5071
29 1757 3740 6399 853 8505 2248 2309 6757 7547 7326 8242 449 3873 250 1255 1237 9059 9982 3361 6929 1108 9798 6528 3357 9622 4606 9915 566 124
12 2015 6141 6078 4371 8968 7736 3046 3712 7845 3218 4156 8666
28 4071 1963 475 9842 7425 6098 8075 7609 2850 7018 2159 3961 5522 4748 6388 2427 3934 8333 1173 5349 1479 1287 6592 4518 1254 7783 9677 7405
19 8747 549 8413 3394 9330 8872 4168 1392 6042 2619 7089 3048 4412 9699 7480 2727 5637 8083 836
27 7380 9273 5962 9526 3673 9752 1897 8400 1031 6396 6605 3920 7570 6089 2584 3226 3240 1954 2643 2905 5800 1983 8859 7591 3664 3021 4399
12 9743 92 494 1458 6178 1748 6519 918 2144 5421 9870 8596
20 507 9737 1480 5907 4642 6013 274 7743 3234 8121 924 551 9173 8678 2070 2237 8663 1347 6063 729
16 9579 2648 1428 7090 3359 2936 7961 9050 3125 9725 4051 9518 2555 1633 756 8080
21 6764 4450 9896 8416 2034 5314 3123 5512 8689 9945 3570 1703 8655 3634 7652 5846 9169 642 8369 2728 807
11 2245 9100 2394 1523 23 9519 8452 6664 3180 2249 2940
17 4742 1 2751 3926 9236 1298 2757 145 8474 547 2733 2624 5109 4 2730 6221 8046
24 2465 9002 645 5557 2958 9208 7806 6987 7440 4832 9967 716 9448 2454 54 3280 8145 6445 3014 5058 4216 4506 5538 3941
23 6031 7686 5036 2126 254 2025 3308 1591 2244 5778 3682 4333 5772 6171 7875 1280 5905 3074 1191 7095 2097 1006 9277
27 9345 8310 7901 2817 3122 7562 5323 1639 5670 4843 1834 2477 396 938 8889 5149 5736 5984 1162 5095 3942 9280 5434 2823 3387 8299 4158
15 7434 7847 159 4006 1442 562 1658 637 9667 1292 3318 1720 8221 626 170
11 984 1487 3393 3530 3767 9489 9197 5928 5252 8174 7458
9 7174 9678 8652 9563 8366 3163 8605 6650 831
22 1977 7203 4400 9151 3418 1096 9479 6982 6436 6105 8010 8946 3815 9995 2824 6100 236 806 8068 8014 3355 8000
24 8059 8504 9647 8827 6915 4856 7205 614 6829 9175 5186 6276 1856 1927 7279 4474 6390 429 3144 9061 9307 2094 2069 5248
15 4245 1319 589 8733 6890 8032 265 1926 9660 7391 8592 5591 5806 7670 4900
14 2720 7152 8761 7275 7712 1012 3044 7645 1956 6384 5592 1764 7954 3886
23 672 3119 5366 8998 1393 133 3186 5097 8246 4631 220 7212 7511 1085 6810 8894 7008 2253 7281 16 598 5918 5370
13 423 568 313 7282 9249 4722 2435 8275 6788 2698 2862 7725 707
23 6831 1845 4063 8220 8953 4892 7627 2710 3061 2668 4146 413 2014 2925 8577 1837 5634 6088 9241 371 5225 8543 8069
16 2883 1245 7135 1422 8099 2972 1767 9475 4251 964 3353 1124 8312 8287 3658 7025
23 7499 1097 5674 403 1081 2395 7805 1299 6104 8551 1981 4204 4388 9323 9456 6520 3834 8589 8581 5988 6194 3994 7036
14 6466 6706 415 8990 2095 7271 8026 953 7381 1073 7260 6332 8362 9287
11 5235 4601 8112 3949 6476 2054 7167 1612 6201 5992 9824
