30 84 157 61 3168 2424 817 2714 3459 9274 442 5816 2470 9429 7256 9858 8617 4105 3986 3282 6038 2039 9442 213 6490 1409 5518 9519 0 5821 8789
36 88 568 4066 4536 1609 7471 8323 1030 9012 6125 7337 5453 3215 2386 1098 5001 5386 8126 9150 1307 3979 1827 9431 9853 4362 9445 7084 236 5750 8321 4418 3113 7289 2227 4725 8154
35 187 2356 1353 6424 7711 8020 5060 6068 6756 9830 5566 4973 1365 4256 6331 2565 4314 2332 714 3045 9237 1566 4745 8845 2428 6049 4774 6250 5413 7424 1951 9545 4013 8210 4243
27 303 7862 1111 8445 5660 1475 1282 6769 575 1435 201 8362 1769 124 2496 75 6428 971 2726 5051 9797 3522 2280 5458 8941 710 6870
28 474 6160 9733 3249 739 699 9691 1002 3722 8935 3406 1072 3738 2389 2980 4334 9204 9093 5488 4488 5924 5928 5252 8174 1147 2172 7460 2117
33 677 6695 4143 7141 7911 6485 4387 9544 5189 3396 2305 4376 7579 6967 3439 7569 7931 8988 9994 8974 4312 9533 2354 2752 1765 3515 3837 1133 2521 2259 9714 4127 8700
29 1066 5086 961 445 3008 8458 8715 7638 8915 2338 6305 5830 553 2174 5878 1448 2137 9026 1551 4452 7753 884 9040 1225 4172 9461 7714 3812 4955
33 1209 2695 5902 8698 1447 7198 5721 933 6615 6216 4593 2355 7513 8864 2402 1071 6861 9460 8931 9688 7675 8305 1704 8985 3728 4589 3492 3080 8138 3712 9918 5273 2664
23 1315 6228 1815 3697 3005 7230 3329 4164 9890 3193 1416 7099 1671 654 1730 9973 8066 3464 4510 3762 5637 722 3617
34 1335 29 610 4056 7140 8484 7891 9144 448 8085 1913 5241 930 4130 9408 7316 4019 612 894 634 7345 8196 6276 8315 1080 2372 7539 899 7618 5760 4695 9937 8947 8377
25 1515 3471 2944 3430 1904 3842 6438 1557 823 1263 6744 8954 6532 3144 5987 9352 1063 1675 1280 8275 2606 5232 8087 2544 3618
34 1543 2576 585 7318 3546 6150 2198 9575 2333 986 6896 2320 7187 833 8148 7594 7763 9231 9718 3374 8478 9034 7367 2131 5251 9773 1809 8 6433 910 6458 4145 8131 9472
31 1560 9626 7849 3276 7180 1090 4184 5507 7870 3972 3433 5437 516 8928 2645 7091 9462 1743 6469 1171 1707 9509 9794 7348 307 3971 2287 5058 1962 5720 7036
35 1757 9283 9581 7188 5615 4706 842 5112 2293 8574 8207 1580 2686 559 7344 4776 4677 4689 4685 9421 1217 261 9363 7995 9699 3956 2342 2379 6302 8589 5753 1602 8337 1019 2755
34 1992 1269 2520 5049 502 119 4782 8042 7840 871 2108 5915 8288 350 9542 6137 7292 2936 4478 6091 2158 3563 2002 8608 8866 3095 2833 4197 5874 7123 2243 9776 6997 3969
36 2135 1978 1724 1838 7889 7704 3160 9412 1564 9104 830 5503 9410 5557 4532 6443 2621 4204 6542 7016 6763 3628 4754 6667 1775 5795 7022 4216 6586 7053 4753 1983 1230 2203 7825 8022
30 2432 3555 2008 6607 1773 3104 4815 9757 3319 6398 169 7364 1443 4278 9553 5250 4825 8599 5997 7559 4760 7676 3349 443 6266 759 1261 5253 3032 7049
37 2519 5424 5341 3692 5881 4873 7156 6199 1635 4935 6296 4867 8434 8146 6563 7092 2696 9684 4356 9817 4675 6888 5929 7351 8476 7848 7175 478 2226 3034 7308 8949 9648 8404 8612 5390 4292
28 2571 622 8086 1406 9246 3461 9469 5920 3906 4615 704 5374 249 7164 304 4368 7505 4712 9293 8496 6554 6972 8880 5787 7577 5973 3620 142
38 2920 6198 2941 554 3333 4781 2123 2711 6804 6450 4207 2235 4297 9457 3117 353 4147 275 9230 6982 1275 4549 4970 2793 1666 1919 3581 5328 8499 3175 8515 2301 4570 3378 7896 6405 4432 8850
32 2949 4494 2429 7709 3294 109 6493 7846 530 5307 7882 3759 649 9228 2760 8741 6423 7781 970 9269 6431 7844 9279 860 1788 3576 131 1425 6676 5334 224 7223
35 3156 4346 4495 4586 7435 3596 9452 5466 481 3717 172 9018 8421 8882 4664 189 8072 9321 283 9250 8873 5419 487 5430 5638 8777 7833 8352 8089 2210 1052 8865 5476 4799 3883
35 3253 1735 3667 6139 3579 1013 5510 4635 9944 2605 3795 3114 9171 3802 8378 9357 5550 6106 7525 5804 5715 887 9978 1502 9170 2672 6837 3440 9715 38 4401 1367 5342 8372 437
34 3580 8420 6418 1384 6849 6851 2681 5554 326 950 4205 5695 3451 294 7516 9790 7701 4770 6773 1740 2215 577 1548 8117 3125 8714 9145 2734 8369 9169 6981 4490 2845 5571
36 3629 1888 3239 2313 7455 1605 2641 3196 5487 2975 1010 4246 417 3398 7682 5279 9478 21 5379 4388 7939 9212 6928 850 4719 2317 6310 6166 2182 182 8707 5130 6959 6840 5682 5108
30 3869 5598 6900 7186 9402 4648 6951 2783 4869 9681 85 9381 8413 4722 1592 5340 686 7098 1606 331 4252 2202 1478 4728 2683 6052 707 9970 2273 5672
33 4008 1005 9979 6361 8787 1113 2963 661 2455 47 5627 9949 2578 4888 8851 5211 1756 7879 1296 9828 4289 4336 3943 336 8678 5469 1903 6534 6051 4057 5471 8301 1410
35 4078 8102 1407 3640 8449 7927 3073 3585 483 1627 6480 8485 3895 3584 6987 9001 490 1383 2443 456 7839 556 3001 3096 7841 2987 7705 7184 8168 1312 8265 757 59 4348 7700
34 4094 117 8406 219 3049 9347 8376 8774 9559 4225 977 1835 2857 9222 8610 777 5041 4899 5587 6858 859 385 4565 8526 7578 6841 6623 8230 5316 1452 6118 7002 2964 3619
32 4309 7399 7877 5402 3918 2942 8435 1625 2657 1518 9657 1667 992 9276 4636 9624 9219 4272 3150 4265 4521 5589 6687 9551 4193 5644 5845 948 9097 5629 4186 5841
37 4377 9799 3103 7799 7293 1784 1372 7210 6164 8040 4703 98 9179 7732 1738 4045 4347 8316 1981 7796 1822 8475 694 6149 1068 1265 6860 9201 1971 750 9197 8092 3872 4077 9747 6978 1439
27 4435 8564 8557 6658 3170 6741 4848 3739 3940 106 1117 4114 5519 7689 9361 3154 243 5000 9518 3725 3953 6976 4580 1180 4311 8862 3346
37 4525 9675 8395 9291 7810 1860 6155 8784 5626 6446 3663 2482 7041 444 5764 8760 93 3494 9224 7321 9194 3379 941 1370 8905 2918 2750 6419 6065 3898 4841 6944 5436 7131 9860 3880 1134
28 4839 4307 6961 489 6780 8783 7398 9128 166 2915 7372 975 8133 2825 2171 2693 5583 2595 1761 1918 6947 7942 2331 5703 1795 8341 2007 6453
28 5018 7956 5381 8189 726 7768 5120 7172 9164 7628 5584 921 2969 2043 4634 5534 65 6138 6820 2129 214 6142 154 7095 8975 3407 5272 2669
29 5299 4842 9207 9187 19 9090 4223 4084 8464 2651 6026 8671 6719 1864 286 6566 9015 4562 4440 4906 4789 1597 42 3503 2489 2022 3890 9451 5891
30 5335 3855 297 4098 6794 8055 8426 8902 951 6356 4139 7239 3905 2909 7266 2715 473 5396 2351 4155 632 2222 2029 2427 3658 8611 5037 8929 3887 9380
38 5440 9216 2327 8630 3236 1630 6110 9851 4910 3188 5955 7787 761 3636 4607 1436 9652 1271 3854 8007 7651 1042 7179 1750 6561 5761 5319 781 1577 5797 4466 9622 5431 729 5474 1823 6271 4241
29 5868 3457 2531 8149 9406 7553 1697 6409 5054 2981 8244 3534 3748 6504 3521 3136 1056 4081 44 3357 642 1517 73 2908 9637 3400 7586 9673 6479
33 5970 2869 8675 9698 2603 7287 7129 1734 4194 2566 2216 152 9497 7558 6850 7866 7935 7009 2854 2634 5852 185 3598 1249 1760 1070 8913 927 6685 2329 6242 1547 9677
22 6002 4855 920 5304 6633 1228 3208 4352 2110 5610 912 7791 5919 605 1987 6872 792 3742 7235 7783 9796 1929
28 6412 741 9020 1332 3540 9595 6206 1218 2537 9071 2654 1644 9288 3466 7712 8063 9376 1850 6552 8107 1533 2149 1916 2201 9149 4005 4189 807
31 6466 273 8962 6649 7088 4546 4437 2422 8832 6836 439 8766 7668 7438 4300 244 9516 3505 384 3330 9807 5115 9468 6017 4864 6411 4700 669 4606 9227 5501
28 6670 2912 5161 1227 658 9864 5815 3261 4895 6041 4453 5664 7510 288 4740 2030 1678 6661 8474 2168 1575 4545 2689 4337 8396 6931 4047 2225
35 6783 4894 268 3655 7512 3572 9316 3786 6327 164 7209 7276 120 2270 7339 1791 202 9085 7090 3359 9275 7302 1237 5261 3087 8744 2795 2067 4061 4054 828 5318 5631 7795 2658
33 7463 2559 5716 4687 5227 3826 9974 1251 1959 5156 6584 8876 64 1862 1101 8686 1051 6680 5364 9480 333 5739 5490 8732 9437 2761 6760 7390 204 7395 8581 590 8414
32 7475 7952 6694 9405 8425 8459 7224 825 3554 849 6196 6270 6597 6297 5301 4499 7566 924 7237 9384 2749 9664 6557 2195 3716 1694 6217 8717 5661 8424 5063 939
36 7928 3281 5222 190 5743 8629 2511 3403 7236 5712 3615 3038 1324 8228 2362 4552 1309 2393 3570 7587 6712 6262 5597 8427 7591 868 6626 1333 3280 1698 6045 5047 9560 9736 3857 6342
31 7965 3371 8559 2774 8932 5491 2784 513 2539 4088 4957 1884 9158 5193 352 6103 6883 4718 9247 405 2684 9153 8469 574 4436 1334 7214 8080 3559 4338 247
31 8175 9393 734 1879 8262 2357 271 1121 482 9549 7698 3051 8353 2640 9284 1433 8345 2116 9470 3237 7063 9866 745 6075 4095 7127 6717 4641 2408 4716 1948
34 8292 4214 6656 1512 7451 2335 4421 3105 2497 9871 32 9610 348 2797 8062 979 7894 9513 5083 7024 4032 4144 8651 9211 7027 8756 4284 1991 1120 9168 8311 6241 1510 9430
28 8310 222 3693 7028 627 1100 5089 8198 6718 7554 665 1460 6825 5382 2023 15 5486 3222 4237 1670 3897 5898 5325 2165 2133 3665 3690 9117
26 8640 3743 6913 5572 8370 2904 4064 9769 1723 5539 5263 292 1553 454 4074 2935 3201 3487 1604 2269 8455 6892 9984 5813 5900 3588
34 9313 7561 6269 9935 7116 3384 2642 989 5477 7382 5187 6537 8737 1859 1710 2846 5901 2670 5651 2308 7280 7264 5745 7074 8100 2307 6007 667 9446 3688 1226 136 8957 3569
30 9707 957 6767 477 9052 7319 6003 6058 2982 6024 1169 514 5702 6268 8843 5039 692 2139 242 1786 525 4166 2860 5643 2083 2853 2629 3298 6210 6127
23 9913 2031 3112 5433 4326 3623 6197 6641 4608 8601 9091 8672 2733 2085 5111 1089 3954 6954 2747 3687 2926 1304 4891
23 2465 24 8728 3410 1170 8158 8073 3833 4493 9177 7679 2796 5092 134 4173 8048 1131 9750 8636 5896 3284 8847 7404
28 9976 4948 3976 9965 4299 2112 7692 1565 1725 3909 1891 7918 4106 9709 3300 1262 9017 7294 4708 2811 1542 4908 7412 7717 8082 8332 2618 4846
29 4379 1993 8213 6502 3990 3849 5214 435 5779 4024 952 1302 8312 9167 9754 9355 4188 6948 8161 3519 548 345 597 9147 7563 3656 6750 6288 7986
36 3607 8950 8587 6404 4428 8566 8462 5541 9804 7253 5409 843 8296 7488 2228 3925 4443 6522 9967 8738 6027 4674 6079 5333 2028 4923 6624 4670 7544 2080 5429 6035 5294 6191 4103 9326
40 5497 4150 5245 5393 1489 9267 7086 9680 1729 2060 3435 1509 3770 4441 1338 8444 10 2504 909 1145 5002 6332 2274 4571 2688 1856 2616 2800 2475 1798 79 9555 2170 3520 2224 8897 6853 3892 7641 8054
25 9847 8342 8029 3138 457 2382 3789 6222 2374 6389 4582 232 1516 4000 9350 2283 4240 4672 9005 8834 944 762 3134 7766 6221
28 8878 7737 5511 8768 5751 8094 7066 138 1787 7142 6495 5548 414 5525 9597 7400 7449 8531 2471 7895 7828 9008 1739 259 8232 1488 7410 6111
36 9752 6541 4475 2079 945 3424 277 7637 9696 6186 8079 6034 9576 2011 8164 485 4800 9482 2248 1800 2596 9571 6387 4801 7032 4946 647 1162 8639 5450 9567 2157 5361 5280 6919 3097
28 2735 4090 5406 9670 3527 1651 1421 4003 3502 2732 3098 1110 4775 550 6085 6167 4232 3756 6560 2617 2778 3301 7218 5138 7906 6492 6721 5020
26 9084 6965 8290 2147 7226 3807 6814 5043 7745 8245 9479 8431 3101 1920 8920 5921 9730 114 4849 3764 6295 7358 5467 1427 3749 181
32 7429 2020 4788 1637 4583 9920 7631 4826 1201 7492 3778 5298 2612 484 1681 4851 8961 4217 5512 5877 968 2027 1957 2069 8983 3814 1219 3327 8078 1254 6748 8535
30 7657 8840 2324 5808 4414 6924 3024 9282 8588 6474 2409 6580 7746 6737 2156 8446 2034 4043 8264 155 2003 2820 5365 4534 8295 6941 8216 4286 5293 5665
26 3442 580 1794 2233 3758 1363 7572 8637 8219 4137 607 2984 7812 1716 1568 1695 2155 9662 9063 3720 9057 58 9486 9383 2516 4042
23 5693 2278 6843 1492 8739 5006 248 2717 7924 6821 592 5475 3736 8875 2484 9356 9999 5159 9589 840 2410 4268 4124
32 672 1664 9901 3245 7329 7792 493 57 7685 9419 8298 7933 934 4907 9823 8186 7006 7672 6102 8381 2494 4102 6299 8852 3642 3324 2491 4267 9782 7459 4987 3021
26 6822 3030 9820 5387 9996 9666 4109 6202 5347 2787 6648 8116 826 7274 2989 7383 1610 9413 9525 4860 5459 421 8647 2698 8113 5543
27 549 1866 1194 8803 7193 529 7019 2045 3896 4046 402 8017 8261 4543 90 5384 370 3844 609 7244 7144 4298 3683 1128 3612 329 9770
32 9619 6724 2296 1438 9473 5818 5856 7406 128 7580 1500 2663 8379 9948 7169 2525 1193 8871 5380 6363 4890 4430 7417 5738 9989 7200 4275 8666 535 1931 2818 1212
24 1305 6706 7640 6044 6745 3338 8996 3750 1980 518 1468 7217 7461 7124 471 205 6553 9414 6355 6448 9642 6365 7533 3289
30 9563 5343 3148 2838 9306 3368 601 8796 2140 2900 4123 1521 5465 2082 3645 9498 7286 9148 3437 7608 9966 3516 4380 4702 2361 8260 2289 7824 1805 3985
29 6263 3149 8520 3409 6457 315 3092 7602 5663 5303 2999 2585 6407 7693 2948 8099 8307 9292 1034 5851 2517 9856 1153 7859 2836 4778 4332 737 4538
36 5192 7119 9166 3651 2106 2143 206 9874 4050 5240 5917 942 2745 9156 7176 8661 9366 1125 4512 8076 3013 6588 6037 1205 3303 68 9808 3950 5667 436 2940 9717 8674 8001 5398 7472
30 3055 1528 113 1414 4208 6752 3334 8868 2250 1910 9202 5866 7068 8051 7120 4121 5284 4280 1477 7855 7893 5118 7332 1484 4551 8602 2100 6559 4319 8921
29 1097 9523 3025 2507 2166 9087 965 9286 1503 9620 3879 3477 300 2075 9992 8830 9593 8549 9447 6282 1432 7623 5185 6501 2196 3838 5666 9638 5244
28 4601 5717 2828 5727 4693 7104 2523 3557 6703 6023 7535 2453 1429 1532 8182 736 9767 4947 6776 1806 6709 9883 1108 712 2583 2312 9635 1009
34 9003 2986 4882 7064 8302 3029 2401 839 4020 330 531 2385 8324 6946 4113 3765 6684 6779 5180 5117 9821 9233 1618 5164 9907 5085 3192 140 1825 1619 2423 9765 6795 1038
25 2247 9411 6529 6123 9985 854 9180 1537 7778 2468 8624 3316 8748 9403 9755 5165 3634 5126 3348 4288 5972 1202 5011 3042 8119
30 4742 372 3564 8271 5218 2536 5744 4170 3989 4080 4666 6526 1352 3205 3624 7267 1123 6622 8304 738 1596 4222 1243 5755 9599 5048 9307 2411 4865 6494
31 700 6952 1883 7993 2512 3601 5636 6473 2442 6638 4639 6374 2884 659 6925 6140 3547 4569 9092 7371 3412 45 3019 191 5657 8222 9290 4904 8552 8870 8069
32 423 8518 583 7229 2589 6740 5425 956 35 7208 3194 9232 4638 897 5635 6953 1310 3399 6025 5183 6033 9060 8399 1401 5938 418 2188 8934 3715 4157 7881 3478
30 1273 8204 6654 3575 2791 6786 5954 4202 1684 6357 5344 4944 7221 3476 9908 153 2299 9933 2295 3713 1083 1360 2962 2865 2298 8137 1718 2441 2897 9476
32 8731 6456 5027 7864 6329 1024 3865 1054 5732 2600 1046 7808 2702 9789 7949 8807 1736 5925 3707 6219 5980 3431 7765 5056 8355 810 5731 5545 8701 6507 3562 7173
31 6689 7957 8179 4877 8586 6304 4630 3200 4250 7883 6119 6133 2543 847 3752 5026 3340 7626 4259 7497 5850 8392 6531 1216 2193 4996 6533 9938 8098 144 557
34 9514 3988 8509 7687 5948 5990 3067 9320 3068 3411 4558 1601 8155 9537 5838 4195 6460 365 8793 6855 8623 8084 4598 6797 7981 8765 9873 9432 7136 8607 7001 4951 9131 3380
30 2720 541 394 567 9852 4455 6410 6475 895 1587 1453 74 2164 7045 9592 7627 5730 2396 547 8471 723 1385 3084 7597 5949 9499 1909 3514 3402 2163
30 7861 5971 5237 4233 3354 3921 8681 4659 3958 8597 5579 1595 8801 9644 8108 1154 6995 359 4960 8417 2328 1156 7593 6440 6005 302 8622 1001 20 8556
35 3090 4637 6662 5358 2426 4661 1221 5212 3058 3220 161 4958 674 2867 1348 1638 3846 3753 2765 2756 5728 6590 3577 735 2553 7667 5884 5927 5447 9922 9668 9371 2337 6 4622
33 713 9046 4885 5746 608 3866 5699 3915 9872 9761 9604 7762 118 1589 9720 3782 2498 9583 7352 2892 7699 9531 7306 3726 1099 6723 2902 4231 9220 2839 1887 8582 1150
28 6277 768 6884 6669 6220 3583 6182 552 1181 9952 4653 2630 2722 3416 4251 9661 1782 3916 9621 6935 6092 3240 2349 6700 6317 8508 3903 4592
28 5934 6189 5875 1852 4833 1995 3544 6340 9617 2817 1494 9505 5123 9192 7296 8649 1988 2990 6130 6530 8170 451 5546 5843 460 8999 5460 8433
27 6901 8489 2538 7677 4794 9869 8614 9341 3124 2706 6121 9882 5302 816 2535 4997 5520 6543 1457 7767 8124 911 937 4079 3012 1923 7441
30 6815 696 5113 7082 9556 6255 3199 1634 5690 1721 9980 280 2513 4125 3776 5862 5575 2785 2757 9762 5 8633 7850 8398 1683 7748 9940 5265 1559 5586
28 7070 55 4984 6558 5500 4836 9897 4828 1045 862 6253 1771 3115 8693 6891 5722 7797 420 5288 1950 1648 765 919 8267 7836 8948 778 9906
31 5445 7114 9137 5698 3821 718 640 9712 4990 1109 3203 2415 8659 9734 3163 5350 8971 2047 4118 7023 7495 8818 6468 746 7950 1301 7496 980 1082 1418 626
30 2883 7612 7320 7357 5996 5748 6922 4141 7847 7777 97 8339 8883 3959 1832 149 3010 2256 2582 9398 413 5560 1398 7869 5311 690 9811 1210 343 3737
29 3817 4618 2738 8209 2928 3129 7446 4115 3370 102 5724 4477 4433 8511 9607 1590 5810 9686 3337 6646 651 7204 8142 3819 5485 3107 5790 9532 2169
25 9305 9649 9768 1588 2690 1252 3701 9375 7595 3165 7081 6218 4072 4128 9554 3973 1789 3733 7307 4383 598 2456 8884 2130 3204
27 4059 789 9011 2934 6575 5287 5045 7829 5998 9298 2694 6873 1450 2996 3446 3195 5882 5035 5355 6632 4581 3695 3600 9601 8070 9354 1569
23 1138 1323 400 7379 7113 4921 2089 338 6983 2461 9572 3091 9618 9041 3911 8144 6482 5443 6664 2540 5029 9766 2208
25 5324 6115 3197 2748 2742 4154 3966 6076 5679 7194 4009 122 8817 1727 4100 6145 9995 2824 885 4668 6986 3422 8278 9915 9536
27 1867 8024 8277 697 9030 4705 2077 4652 7912 4503 6832 5608 6306 7529 8621 7734 1933 3960 1183 340 5826 1103 9528 5812 7742 5547 2276
26 4758 3257 6004 1640 290 6739 8368 6705 2105 7816 4834 3314 7726 586 4012 6863 4632 5421 9870 9725 4817 9959 7868 8912 9365 4321
29 6381 6135 5654 5369 1267 3191 9738 7901 3530 6910 8540 126 4881 5168 6055 591 8709 9059 3517 9982 3769 8032 1285 188 1454 5508 3724 4803 3528
30 2917 8736 4959 8979 2957 3603 7690 378 2919 7642 9812 2885 8691 2241 2319 4212 8127 996 5257 8757 5153 7526 3309 4922 4509 2815 3836 4683 4160 5538
25 769 1833 5213 1593 3891 8573 4048 7630 9428 2611 3553 7327 6528 6827 3401 3385 264 7317 2490 623 7073 5825 2864 3043 4120
31 519 2316 7020 8713 9813 8309 8521 6634 8795 8367 6247 40 8638 3710 8134 1688 2859 5292 6298 5655 8927 2454 8206 4313 8626 3978 9010 2821 4140 5857 4929
31 4071 3311 9401 1524 3605 9524 8110 6280 9570 5014 7207 342 2835 4378 9941 8833 6940 7265 8294 7752 3526 8065 5144 7989 1726 1043 1570 8308 962 3458 9329
27 606 6916 5858 6239 9487 782 2731 3493 6618 8687 76 6406 1513 8969 1853 8776 8162 1764 3268 2096 7863 7215 7537 9577 3110 9172 1558
25 8708 9463 4255 4016 8791 6985 9923 6213 8694 6426 6681 3269 1320 2532 4626 8810 7706 5078 2092 9772 3914 5439 3046 7146 1378
20 3549 4260 4537 8328 2649 4065 5481 1911 7440 9225 8997 2358 5360 4762 1890 9756 4361 1129 1288 3288
27 7499 4058 1984 328 2626 5771 2056 611 5799 5124 636 6036 6824 1041 8532 1885 2587 9663 4640 664 2970 5407 296 9123 424 4750 8217
29 1776 902 7546 1994 6567 9751 1346 9963 1220 9701 5569 857 9157 543 2837 2340 7582 1493 4360 3296 7139 1526 1161 2339 5242 7413 6384 2271 8874
26 3307 2788 874 1276 6430 2207 2404 7456 4969 5684 2910 235 1337 517 7978 363 9471 5492 351 5867 6032 6093 7335 472 9334 6260
31 8477 8848 200 5535 1200 4404 2041 5656 1079 9242 2377 7466 1752 1924 501 2438 9758 2478 4614 7917 6938 1036 721 2849 804 7938 1403 8925 9494 327 4158
28 6663 3951 7428 4196 565 9735 4403 9062 883 5062 5133 5385 9943 7720 9258 4427 3033 2446 5814 7083 8130 3923 7818 7985 3093 8898 5944 2597
24 5235 4511 209 2896 4035 1676 7334 4916 8688 5042 2506 2978 322 7875 2619 3809 4766 2318 8943 8279 685 8178 1343 2508
25 5300 2006 6200 2261 8575 7663 775 2260 5070 2272 4087 7645 6862 7130 2433 4001 6229 6668 3941 9942 705 1812 4354 6441 2840
21 9409 9449 211 461 8945 9881 5201 2599 8343 8863 2995 7500 2267 7060 9892 564 747 1481 7784 6644 1006
16 3167 6747 1674 9627 4980 6550 6402 8151 5914 4988 2431 7153 5945 2890 995 7376
32 9679 2026 1869 1830 9654 5783 2059 3784 9731 2558 9837 8603 3509 8150 6728 6970 6105 4852 6483 8003 6180 4945 3706 6500 7658 5207 2886 4752 4479 1653 8527 6467
28 5860 8021 1142 615 3022 1693 6643 177 9900 3429 5907 947 5314 6083 1050 260 6923 5687 7571 2466 1766 1928 8423 4269 5368 3224 3848 7467
28 9888 2436 3910 4686 9042 7785 9889 156 6582 8491 4343 83 9023 6908 276 7285 7543 198 3223 1661 6472 4416 6015 3780 2221 5449 9990 976
27 6807 2899 892 245 7248 7085 3036 5135 8523 1768 4853 3210 5247 9879 958 9630 8473 5498 4952 2870 4995 5395 56 7649 2449 6350 1300
19 2061 864 6208 4029 4171 1613 9133 9912 30 2366 5556 5981 5904 9049 8891 316 1456 4156 7058
22 7929 5359 9255 3066 9512 2551 5622 3829 6114 6462 8025 5561 1836 7656 3320 3206 5897 5749 8648 2679 298 7713
27 7401 6877 3779 9947 9951 1685 225 7096 6279 7873 3790 2607 5305 1876 7021 5102 1286 7388 4526 5330 4548 3071 1356 4220 5408 7375 2813
29 6831 6735 5377 2916 1106 6809 9364 3622 8956 509 7392 3328 9103 2213 3016 8061 1611 4333 5772 4999 1244 3423 5613 4283 2888 3180 82 7393 8147
28 9325 8699 5890 5025 9382 8653 9527 1349 3315 4244 2622 2037 678 5122 3141 6655 8855 9748 2615 9099 4253 3350 3143 6573 9454 4 8517 464
23 3444 5034 6307 3991 3602 2992 1797 908 8160 7065 928 5778 2789 2093 2687 1321 9076 1172 6300 4811 9753 8163 6613
26 5769 8104 8786 8536 7434 3057 2473 115 7903 3173 4840 5529 2062 4715 5747 4579 6303 9308 7426 3254 5521 9467 12 8363 321 1705
30 9140 9685 6455 5205 6711 3375 2577 92 8176 5701 9272 1259 938 3443 6240 2850 8656 4369 4694 9594 1906 4738 9455 2647 4108 4010 3140 5551 3791 3975
25 8703 1689 3947 1260 5234 8546 6181 2959 6513 4567 7871 8676 6347 9825 3383 3670 5947 9399 6278 4812 1636 3310 9259 8490 9573
28 7040 9191 3317 655 511 2997 141 4415 4773 4515 5353 274 6459 7177 8165 8887 8286 4341 1829 4178 8256 4676 6401 6631 4731 3264 398 3120
24 8329 8792 2881 9511 9116 2781 3775 5400 9896 9319 3308 8646 1031 1714 3856 8283 1053 5568 5741 9119 3771 7756 3705 6063
23 375 4200 2118 7102 4658 633 4331 7629 8373 9436 2284 1164 6320 7970 8859 4721 2529 9568 6844 1497 4927 7899 9916
22 1040 7585 3426 5888 6293 39 2548 6619 9534 1753 7782 7616 7923 6506 4022 4998 637 7991 1958 4446 3480 8350
27 5885 5710 9806 9105 1491 5678 5228 9564 7309 3228 5700 3031 8212 282 8591 433 1078 2834 9372 4492 6335 3627 2843 7303 6073 5046 8122
27 8447 8254 3840 2323 1762 6484 2184 5725 5670 6920 5976 2189 1796 5956 6204 3912 6478 7160 5196 5736 5236 8364 3626 3676 2656 3347 5173
25 1530 5295 4396 8173 2368 1872 2264 1612 2713 4487 4809 293 9704 2685 3000 8886 3889 1044 4484 2879 8488 4779 9311 675 3643
28 7117 6192 7465 3108 6742 8989 4481 1886 7043 5844 7078 2373 2051 1783 6733 6061 8569 5479 347 1049 4116 2562 9875 2353 8313 3390 7758 8740
26 3176 9385 1430 7387 9248 4236 1960 2 3039 1772 6325 8317 5416 5468 3318 3998 6330 7954 2046 3274 8090 2623 8211 8770 3994 5723
23 9495 6245 3453 1215 6589 1459 1431 9884 37 8993 1342 5326 6382 620 5246 1231 8487 7281 4883 8654 2322 5125 5606
27 6168 7648 3632 4291 4544 7245 5238 4989 3044 395 3356 5537 77 914 7605 7725 503 6937 8977 1091 4402 2262 1495 3304 6595 391 3386
33 5517 212 3026 7246 5853 6422 7216 2072 2407 8193 7384 3606 3182 6366 5061 9643 22 5552 3397 4262 2336 2303 132 9173 4146 4574 3040 1059 4324 7476 5865 7111 1646
25 6159 9602 720 7867 6392 6538 2776 7278 8272 2680 7754 4768 916 5274 2311 6802 8930 5759 931 1258 2807 3252 4476 1247 5859
27 2230 41 1240 4028 8194 2406 5514 8237 8963 5442 8470 4075 7999 2197 8252 8439 5336 8172 7596 7225 9373 4633 7617 5003 8482 8463 3850
34 9503 9926 7567 3565 3420 1647 4007 8951 7134 8018 4594 7614 3963 5523 4279 386 3078 9162 5681 5524 94 7420 4837 1440 5940 1122 3162 4508 3681 3571 7772 170 2770 6185
26 8892 9640 596 6523 4485 1631 2652 3930 7234 3997 9724 9056 3277 6226 1011 3452 6691 9161 5177 6028 8223 6291 1287 6258 9829 8543
25 6053 7876 6856 2000 8273 9035 4384 6098 9438 1392 5163 9508 9110 7007 1266 1999 786 7107 96 7815 2258 879 5533 3679 2509
27 8548 6765 1628 5107 3993 6132 6593 9089 8109 2829 3127 6605 1029 6171 7195 2447 7155 5215 588 9885 1507 6193 5024 5964 8541 6994 7252
26 8978 5757 9705 2639 2952 4643 1441 1182 8220 8953 463 9810 6581 6176 7619 9945 1632 5496 3472 5788 9339 8386 9296 1473 3860 6113
25 6875 3017 9557 9477 8529 4119 3155 1248 5256 5289 1810 320 3536 8068 7419 4932 7997 165 7300 1173 7269 8320 7166 7017 5646
21 4112 4502 935 8854 3169 2314 1297 272 2078 5470 3489 8360 7832 3805 8914 4169 6761 488 7834 2032 3631
22 8203 8440 2167 2464 7636 3122 7562 5323 1166 9221 918 5704 4442 9946 7921 1925 8349 4215 4763 8251 2677 7182
26 3773 4863 1102 907 2753 6962 7727 3757 3174 9397 9697 50 9389 1780 3815 9415 5726 9580 8238 6177 7057 1614 4277 1207 8185 8480
21 4575 4507 7686 3082 4366 4819 2977 9358 7094 1289 2971 1151 8388 1927 8114 9280 107 2610 758 9176 2530
23 8274 7574 5182 7884 9199 3532 5995 3211 3592 866 5139 7260 1094 8016 6894 593 5773 8096 5688 1581 8327 4133 5370
27 7314 2856 2570 7211 1733 2930 6956 3952 6999 8799 7823 9783 6116 2632 28 9327 5132 3246 5752 6046 8893 4305 6546 2185 3518 1758 7115
19 4624 1233 9634 3537 2852 2675 2121 538 9541 7798 7273 5754 8231 6551 3020 6349 4741 8808 5415
21 8224 210 354 8938 5100 1016 3877 8576 9902 5258 8812 1816 653 4783 5266 6640 4422 9294 5198 6080 6603
25 9845 6000 2352 9118 8037 9561 6659 6393 7998 3924 6231 5191 5097 1371 139 5590 4917 1196 1807 1895 8240 9184 3126 3335 6518
31 3510 5621 7922 8259 9265 2505 462 4117 7414 7231 3436 2945 5023 2861 4459 1340 1889 8828 9096 6144 5438 8677 3189 6341 7744 9189 9936 86 4909 6257 465
31 2074 266 2180 5375 3326 4398 3133 9632 8533 2766 1428 2740 8166 1235 2700 7723 5175 2405 8052 6549 404 6781 5784 123 7540 60 3343 1141 8374 1318 8710
21 5540 5602 7494 4986 772 5809 355 2042 2710 5763 2236 4573 784 2588 6701 2628 2598 6973 679 5939 9281
26 1177 6425 5351 8034 9832 7162 9836 5451 3673 8502 5527 9407 2851 2242 2646 3927 9582 7639 9271 1374 1213 6955 749 8106 8057 2627
23 2495 6352 9190 100 8403 91 8970 2292 7592 2557 4625 8437 1229 905 158 5331 1608 3302 5683 763 5798 2922 2983
29 1970 1175 241 896 7730 6082 3465 2958 9208 4628 2151 7368 7735 2943 4631 3244 6337 6400 6370 5936 3884 6040 8053 3745 3644 7165 1522 406 8618
29 7975 5090 7323 9345 6652 617 4605 3793 7515 7724 1692 3498 3597 3186 1870 4190 8250 5558 9835 7960 7852 4182 7089 3048 6489 9600 9120 3611 2586
25 730 95 4410 4409 8188 1062 425 8229 4221 4777 5872 4429 6854 7405 5217 2378 5585 2858 3131 3899 8441 6148 9993 2019 9304
29 1955 7243 2967 4587 5267 1369 5951 4328 2898 1292 6642 4038 9029 7340 1136 4165 5696 162 7480 3804 4480 6022 8333 4780 8183 6979 9146 795 7937
26 2782 8856 9182 3721 4034 9101 8984 8214 8620 9784 8750 2644 7653 2876 5427 5110 4755 6936 4199 1467 7008 5718 2138 2286 1293 6170
26 150 5686 8682 922 7203 9846 8263 3843 1008 1679 1946 9671 9939 1857 7786 2102 3158 7736 466 7776 6796 5095 7087 5362 2847 4177
29 9543 5777 6749 3414 751 6346 7555 2192 5329 3295 3121 4264 3470 5249 6396 6008 3331 8015 5607 5448 8805 9032 6010 652 3727 5269 2277 430 1562
16 9636 9314 233 7635 2365 4501 3639 8041 5594 5190 3037 3964 4823 5876 263 1139
28 9078 4807 6498 8955 8642 7425 1779 7843 4734 4711 2218 3123 8811 4323 9682 4053 8907 1405 6577 5142 1426 5894 3369 6715 1972 1573 8120 3259
26 3541 4153 7683 8128 5495 5169 524 2281 6839 561 4845 8361 4982 1672 5181 4612 373 3944 7338 4474 5685 6070 9014 1865 4911 616
22 409 7312 8093 2754 5952 7150 819 3847 9163 5166 803 1298 7247 8322 5081 2223 2704 2976 8503 9025 1939 5697
21 332 5593 2343 3432 6810 515 1058 8567 9422 9961 7030 5916 6599 269 5836 9596 3871 3987 3500 3069 231
22 5887 5756 8609 1189 7275 4824 8383 238 4316 2768 8829 5255 9310 4943 1242 1549 3886 2064 401 7719 3218 8331
26 2780 5957 8940 3468 3609 2972 890 2229 3772 689 1499 7046 4578 5271 815 954 1732 5762 5283 3922 5224 7350 3863 2090 1055 7093
28 4665 9628 1843 3616 1222 3732 6336 6971 6188 6746 8159 9038 5801 6505 3832 3391 2991 6628 4514 6720 5275 1936 9660 4691 8613 2819 9517 4662
24 9805 1986 4613 1465 9538 4786 3839 5835 6674 582 5786 4919 3674 8822 6314 2542 7771 5634 2391 9703 491 4540 6911 6439
25 8346 1655 3885 4656 9209 9466 691 7715 4714 7508 8562 2841 5210 2341 3902 2231 3161 4306 4956 4967 3128 9129 5446 1306 295
23 5282 7277 8236 671 2217 1311 969 5879 1639 5208 6730 9490 239 512 4218 34 4176 5152 3427 1893 4735 1204 3723
25 8382 7557 381 5428 2771 8804 8909 5782 893 7004 5004 256 7353 7551 9416 5007 335 4524 6651 673 5461 8919 176 8156 1359
28 7249 8554 506 2178 7010 8869 9077 865 6223 6064 1767 4682 6043 6604 3511 1974 9899 9122 9367 6214 7054 9309 4363 9061 790 4296 325 3589
20 4761 507 6399 8800 3499 8662 576 744 2084 2254 6636 8704 7185 5774 1607 7485 6770 1663 3965 8453
25 1804 3445 8035 4497 7837 8644 1820 6120 6696 8492 2159 3072 1901 1654 7703 1274 6653 4994 4399 913 1295 3781 3858 5848 2848
25 8351 3816 5668 146 6989 6716 9612 7080 1774 6713 7462 7298 1525 3961 3076 4650 1615 5781 7257 4928 8849 5077 2880 1290 9374
23 8157 4107 8831 7759 7411 643 5099 959 6743 2400 7507 1065 4359 9548 7728 7925 5119 4192 3297 6108 8797 9198 4844
26 8835 6012 5662 1331 7643 4884 3799 2874 3561 8826 4701 3 6617 7137 6249 8668 8944 2469 5965 522 2310 1014 4049 4790 4553 8171
19 6536 9064 660 4541 709 3099 4498 2040 4470 9843 1253 9732 3711 9760 5121 314 7035 8043 5376
22 9744 3325 3364 1985 6344 1417 9324 4340 8933 6679 1351 8221 4771 5680 5206 4131 7694 5544 2550 9749 8641 3279
22 7373 4940 1355 3102 6587 7014 4406 1840 5154 5391 997 801 7385 4004 2183 7835 8663 1279 5435 1074 1677 3586
20 5017 6503 8937 5837 3434 3469 9229 3625 4620 3484 4076 5645 7961 9050 346 5740 9840 4697 6465 5179
23 9631 6645 6009 4089 1896 1504 8904 3077 776 7944 3660 8584 1423 2127 7 8751 6417 9956 1641 2113 1115 8690 4091
18 7430 1508 6886 2126 254 6416 8225 1420 8291 3893 2325 7914 6600 3864 4181 1599 3255 6060
23 5285 9562 9450 7034 4854 5803 2966 3496 4533 6415 7326 6774 8669 5705 3198 1712 1157 8269 1849 1536 4649 5714 2659
28 3830 9353 3542 8530 3818 9159 3981 5619 4111 5094 2024 5216 1690 701 9423 8050 3823 2699 8465 4110 2705 4229 8456 299 8790 6348 7133 3825
29 1527 9297 9625 2937 4099 2275 3798 2025 4394 936 2205 6833 733 9739 5793 2381 3355 7336 6095 1483 9443 6731 8684 6421 6019 7311 8980 4350 2691
12 4349 7934 572 7477 5426 9623 8550 4055 6625 174 6521 7601
23 6265 3938 4938 3232 5116 6243 1831 4669 5464 6326 3808 771 1316 3955 2416 4142 5791 8451 9775 7409 2238 9558 3664
22 3263 5711 1902 8595 886 9496 5076 3859 7659 7077 5016 3508 2965 3538 3587 3217 3153 9500 4447 4516 3028 8019
20 428 6842 7190 4645 6698 5899 8664 3271 7483 999 1719 4082 6072 7126 9343 6535 7044 2592 7042 2724
18 1313 6316 8772 2799 2927 4595 2954 2467 6683 7148 688 1322 1839 2549 1462 8702 2593 4320
13 5562 7610 8169 9183 3841 7397 7504 5595 3171 4680 2637 4390 1003
23 4673 3783 4914 595 9070 1476 2246 5864 4805 8049 6612 855 9801 6791 291 3937 9094 1185 1158 4896 2219 8888 1652
22 3462 802 267 9037 5082 2128 8401 3231 3285 1396 2631 3351 8129 8281 8753 2872 5321 1878 4808 7228 1137 638
23 1223 2036 4704 46 1583 7576 6932 2052 2863 683 1834 1905 8359 470 1851 1505 8846 7607 1442 7297 9387 3535 8375
26 8410 2635 9492 4318 8742 9481 4699 5792 5074 9143 4486 6772 7588 4597 4322 2555 7887 4425 988 3243 7826 7959 9484 6881 8044 5953
24 3512 1949 9033 2076 546 2035 9238 9299 3428 4518 9083 964 3353 6675 9786 7240 7254 5397 8497 4931 7530 301 8519 2055
21 8448 3047 7232 9138 8667 1709 9444 8593 8539 4874 7354 3336 8936 8839 9491 3766 9434 371 2321 1826 7011
20 3490 9289 9273 5962 2122 7624 3714 7125 534 6697 3917 2403 2487 9404 9217 429 1801 7603 5147 3313
20 5516 7662 252 5009 9729 4802 67 8906 3630 7377 7012 4201 1400 9615 5869 6702 4769 926 3185 2049
19 7666 8348 7534 2220 4939 6378 3595 4407 2190 6790 3376 7168 8900 33 7423 7051 3718 7789 5225
20 7255 6818 9819 9262 9458 6367 2907 3216 4698 3178 7854 6688 2625 4174 4795 7163 2786 9396 2862 5174
20 8338 9254 846 753 4709 5021 1715 5472 4168 5577 6509 6555 5315 5066 1380 966 6096 7524 7356 7161
23 2973 6710 8995 7263 6359 6333 9240 754 4843 2437 6574 3913 5320 6471 5905 1092 192 2638 8276 6594 6569 4185 7731
20 6420 5158 2653 7988 4924 4014 6857 6290 7547 5911 7707 1622 2282 1554 9672 2070 8411 432 1701 5504
22 9045 4733 982 422 8806 8827 6915 4456 9368 8460 4590 6540 7071 2012 5832 4254 8472 4367 6435 2730 431 8718
24 168 1550 3116 8190 7503 2065 4496 3610 3293 6682 9798 9218 8248 8966 2387 4304 7199 2707 2775 8942 1366 9067 4901 9831
21 4875 4629 1415 4031 7794 1748 8721 4964 1075 6205 7853 9086 972 4748 5109 8356 6099 4968 9196 7069 4374
29 5829 5719 7994 9972 3524 5526 193 3862 9226 5372 6722 1747 2175 8153 9181 7584 7890 2868 4342 3831 861 228 2746 1149 900 4445 4393 7138 1472
20 533 7710 1686 380 175 7805 1299 7926 5532 7718 3234 5639 7056 6109 9841 1144 3797 5604 8123 3286
18 4720 6771 4101 6647 4247 5221 9659 6312 278 4950 9708 8679 6520 1952 1350 9876 4018 994
19 9633 4657 6927 2160 2602 5564 6056 3135 3027 8390 2545 1017 5633 717 3504 6933 1938 2697 8722
18 9815 6454 475 9842 6784 5310 4857 2141 779 3574 7363 173 3682 25 8558 3934 630 8994
18 6360 3594 6101 7811 584 8598 8004 9848 6376 2871 2199 6328 8600 3548 9257 1847 3229 1020
26 6547 4806 5601 9068 4798 949 716 9106 319 3070 4248 3948 7288 3011 8141 9683 1167 4847 2367 5327 8483 9891 2098 2326 4506 1088
22 2399 6413 1863 1294 9263 9641 1790 7940 5785 7521 4036 7486 334 917 2579 270 1076 555 3702 8452 796 2134
24 6942 3666 9130 4017 1942 4871 5101 9160 5262 8616 4878 7531 3813 6620 7272 8522 6395 5707 960 8180 4261 1064 1892 3984
16 284 2181 5628 9964 230 412 2633 1914 3747 4025 7291 8340 1379 5162 1118 998
22 1908 3680 1496 6274 7984 7415 6921 8136 6375 6047 9955 1277 361 9674 4210 6988 7431 5423 9986 3931 7391 811
19 199 1873 5291 8665 3785 542 7422 2086 5306 8031 2237 5463 4015 7992 5276 1490 3957 7968 5230
22 9586 3270 9065 4930 4756 3974 1799 6345 6157 3221 6897 6977 3448 5128 3523 8365 312 479 5489 349 7154 818
22 498 6729 646 2044 7315 377 1539 1424 151 9816 537 1629 2279 227 1358 6759 1858 8716 258 9024 6364 3408
20 419 497 5069 9981 8695 374 7048 1330 3450 2444 3145 9295 8632 5197 783 7489 4723 5923 566 3064
22 6338 8419 5650 7191 9424 7564 4559 9880 3919 1187 6215 5706 1616 6852 8005 2855 5127 2604 5806 4785 5455 8594
26 3083 6764 4585 9710 1250 105 6161 7542 9968 255 7062 806 9193 4739 500 5966 8697 5203 7295 6084 3835 1336 1935 5817 2814 8319
22 318 208 9127 2240 9639 9420 8450 3967 1283 1953 4535 6318 305 6510 2493 6611 7421 2249 6107 5839 7219 6087
12 1206 8815 618 4489 5420 3455 6801 1007 7157 8139 6514 3755
18 135 856 7479 178 7301 2842 3278 2561 4978 8010 9055 631 8132 3698 8145 1728 4364 3591
18 7000 9135 1968 5260 3874 1389 2931 3573 4992 9239 8060 1446 3365 4381 1915 410 9493 1015
19 4920 6021 6173 4344 7697 9950 6562 5155 5140 4464 4621 3920 1696 9591 1821 4303 3041 9850 2773
21 69 1792 832 8191 5457 2107 1541 793 3550 1130 3266 5019 5506 2763 9904 3063 9203 6368 5889 5854 3929
21 3875 656 6601 4713 369 799 6519 6146 103 6975 5729 7418 4619 6906 6511 1706 7279 2878 4180 31 2609
17 3050 4602 4372 5766 159 7729 8798 3845 8268 4688 7599 4468 4191 4148 389 18 6650
28 4830 2741 5050 9742 6491 5033 3157 7407 2601 9785 3449 4092 6996 6006 973 8778 7670 6524 8634 8255 6890 3744 9007 2985 901 5659 4962 1722
19 4482 6261 3345 9027 4584 7490 5005 9706 2017 6264 6372 2091 9903 4707 8467 3604 648 9552 4568
20 4285 5892 6966 1745 4617 147 2315 8481 614 356 4804 4681 3777 6267 5807 7892 7688 3388 1327 7527
23 6029 6984 6512 629 9566 7573 1466 4266 8428 2526 1394 5908 3352 195 1650 6666 9895 3852 891 8479 9898 2946 2998
14 9485 1272 2751 6286 1990 8771 5200 9066 7518 8908 562 3637 6635 2457
24 1326 3054 708 4274 3421 7145 4642 7341 4357 9351 78 9335 1941 5611 2590 7838 7550 1347 1085 2643 7039 469 5150 392
19 2518 6141 6078 4371 2095 7271 8026 1656 3977 3999 8958 1486 2708 3662 9791 4926 9058 6445 3014
24 8816 5012 6048 7856 9151 9526 929 4426 2614 2580 2144 1567 6734 6030 9448 4175 8358 4797 2624 5617 7611 7801 4522 906
18 7196 6630 4784 1203 8534 5694 9894 3438 5401 5103 4271 6992 2779 4287 4556 5148 4308 587
17 4228 6969 5366 2790 8033 5630 6880 5640 1854 9021 4238 2650 2723 7059 6614 7568 6152
18 1997 376 7282 6476 2054 7167 9322 6353 7904 9079 7330 7945 1413 5912 9606 9154 9909 8008
20 2440 1755 3190 9394 2395 6882 4068 8767 2955 809 6565 6777 8039 8201 6227 2953 5775 2812 9764 5819
18 3475 4450 2875 3425 6699 8705 495 3980 7598 8280 4051 5618 323 9746 4226 6693 1195 9700
23 9109 8615 2394 4327 6579 7197 7361 6800 7389 6806 6726 4093 5565 7552 9348 1463 80 1155 6371 4600 3633 2806 2463
22 8285 5620 1845 4063 4858 8820 5040 1464 6939 9113 3686 3982 5106 4505 7233 1126 3248 4463 602 8371 8429 9834
19 6128 7442 9100 5713 4724 1912 6868 3635 3568 1382 2485 9605 7738 3506 571 7519 1645 6461 4040
26 780 5674 403 1081 5160 3946 8103 9694 3079 1328 366 8903 6846 5220 4097 6847 6464 858 5414 6516 4132 3460 2458 9656 845 9827
20 2425 9613 66 3513 6081 3305 4211 8901 2882 1624 6042 5098 7201 9588 8769 5030 644 2450 702 4069
21 8823 2245 1245 7135 3685 52 9474 5880 8725 5167 3152 4850 752 7378 5053 7241 6343 5209 5942 5202 1087
19 1186 645 990 1620 6865 9303 953 5268 434 1357 6707 8387 6225 7747 532 2005 869 16 770
24 6069 8187 2033 1152 9195 6283 8631 1197 7749 5692 5143 4547 589 2150 5270 4889 2801 2727 4183 3486 6209 6788 3741 6016
21 7874 1386 415 2667 4879 1391 9911 4209 680 8344 8842 748 7299 2514 6427 101 3995 8861 9 1084 3928
14 2132 5036 3482 3657 3751 5072 1770 6289 8436 6432 4386 4609 4972 4052
21 7097 4880 3531 8407 1875 8547 8764 889 1982 8813 4529 6545 6388 6835 4462 4504 5096 265 5499 4203 455
17 1777 8504 9165 5847 7493 215 5373 8872 17 5733 4925 2088 3768 5842 5669 6958 5592
25 8991 8112 4862 8990 7103 4293 6905 8743 7620 8692 6692 5157 528 6869 7128 7979 6071 3653 4726 1662 6598 6950 9781 635 6819
23 9702 5642 9546 2661 9234 1412 4206 9370 2057 6059 527 3447 3828 2004 2832 569 7644 3876 4542 6496 3671 9507 7733
18 4405 9678 8652 1458 6178 4821 8650 6444 4912 6823 217 4389 6315 110 1713 8825 7183 1579
20 3566 4764 2673 1937 8500 7920 4539 3137 7403 8115 3074 7590 3497 4527 8712 2488 9200 5345 7673 794
18 9795 3366 1746 8560 4623 6319 594 7250 5456 2894 7910 2255 3678 8389 9861 6273 2961 6789
18 6903 7386 1511 9132 715 6379 8125 2370 5172 7615 6020 9435 4732 3018 3132 8561 9921 6322
19 3740 127 1211 8075 1979 880 2923 8299 8689 9111 5195 6637 1329 9081 3552 7349 2764 1408 805
19 1963 6244 459 7143 7806 5473 695 4044 4136 7520 9510 6224 7258 570 7511 4934 8507 6782 6917
23 8747 5422 1232 3290 6237 5452 5105 7305 5768 4893 774 7100 3413 6175 6704 5930 7858 7774 7181 8802 148 2767 579
17 7380 6762 5910 3075 2375 9270 4746 731 8512 3926 7908 1754 5676 7283 8724 4905 9650
20 9743 1281 2979 3867 3691 7872 9800 4219 4365 8673 125 5963 220 6154 1574 6867 1445 4179 7681 7600
18 9579 2648 1188 698 6184 5482 545 985 3908 5339 4827 8287 9016 5609 8685 111 13 2376
20 1 4913 1660 808 1861 8976 6816 4067 6798 1749 8234 3659 2572 8537 3800 1437 4129 6136 5248 4820
13 9464 4749 4744 1561 2933 6830 8197 8200 71 1708 1354 3265 9317
20 9002 6272 7118 4227 4397 1944 2808 4692 7790 2721 1535 9488 1361 6568 9932 6354 5151 6153 4242 6481
20 984 1487 3393 3621 4767 1461 5582 4985 2148 2560 3061 9991 9174 4577 1552 7669 8282 797 70 4281
22 7174 7548 5170 2115 6885 7987 1591 7560 4647 8442 1469 3935 4765 226 5392 9124 5555 3275 341 7814 3172 2200
21 1977 4021 1256 8782 1048 3851 2234 2383 3672 9022 112 8009 8258 1485 5605 4500 4757 6817 7310 2253 5494
18 8059 1474 9809 458 7501 5278 3404 4979 4730 4560 7541 8215 2050 6792 9439 4315 5623 1093
16 4245 2119 7761 9264 6808 5317 1519 7076 1945 1119 1623 3363 8752 755 5895 7996
19 7152 8761 2388 5941 8918 1819 1471 5309 1976 2522 6525 3888 7545 8202 5354 7158 5322 6968 9241
19 4953 4966 5087 2547 1198 4086 9983 8400 7807 4351 5675 6174 3599 9047 1659 5410 3287 3441 5055
14 5352 2613 3669 9082 7857 8027 1037 4239 6732 143 7484 2145 5239 9977
21 3119 3970 1523 1257 5933 6571 5417 9278 4382 186 4276 2739 1763 1238 3100 9243 3106 8683 6998 5388 7943
17 313 6893 8101 9440 4302 6391 2063 581 7802 1388 9245 9535 407 834 2830 9336 2492
21 657 5861 7770 7680 8755 1345 3052 8779 8763 2552 6077 2257 8754 7514 5454 4814 7469 1617 4813 3945 2152
18 881 2810 9388 3507 3213 2994 5052 974 6990 6162 5149 9453 9713 8625 4458 7427 2914 8538
22 4555 2527 3146 4062 7654 3454 4942 1314 3551 2682 8241 7517 9587 5528 1404 9590 9931 7955 9013 5044 8091 2794
19 7665 3904 5824 5709 5188 4263 8545 1402 6629 6486 7454 7328 8922 5823 7029 8658 7660 4392 89
17 7448 9655 7037 7900 5176 9722 5734 539 4684 4187 2239 4030 7033 4599 6358 7369 5404
17 8785 2924 2809 4224 194 6339 9456 5950 2826 2120 8655 9521 7251 2671 8152 1966 5931
17 9134 7941 5031 987 9000 3992 9919 7018 1291 875 824 5863 2676 9253 8762 438 8726
16 6089 2556 4561 8916 2452 1702 684 2462 3006 3668 4737 8794 3273 7416 4257 7831
18 2831 2187 4213 7915 281 2901 8814 2729 8284 9175 5186 2974 7443 7775 3015 1813 6993 5057
19 6380 8243 711 1179 1096 9006 7757 3962 5849 7313 5805 8498 9053 9893 4465 7079 3734 9210 898
16 9737 1480 9849 9826 6602 7189 6131 7721 4513 2701 6233 5989 324 6725 3652 6470
12 3949 967 6751 1199 7132 4198 9651 3389 604 2481 1594 5563
18 6313 1168 8510 9379 6708 7750 4033 8074 7402 6829 1538 7447 7408 54 2194 6616 6943 1699
21 8167 821 6757 1069 387 2938 9934 6974 9780 8247 8844 7333 496 9695 8604 5223 1127 7696 7606 3417 3853
19 2434 2665 7445 6727 1934 5658 728 5502 9616 8347 6001 2371 2380 2792 8235 9266 4918 6088 9721
19 7916 3418 8506 8023 8551 1308 2109 467 2068 6813 2499 6230 9098 3882 5515 6195 8205 9608 8430
19 6871 5576 1455 6156 9611 4787 4167 3556 4060 9337 8841 619 9958 1717 1894 3109 3456 4412 5883
20 8030 4400 8585 1104 4104 5559 8177 453 6308 4902 8336 6572 9522 5022 4576 6100 1028 5580 6876 8249
20 767 7971 7898 6488 4457 7570 5233 1116 8729 5383 2419 8461 7851 4991 9953 2823 197 1095 7151 8939
19 2304 9075 8486 9073 4282 4772 3256 9877 7800 3590 2459 5199 5612 1362 2925 8696 2252 8877 9878
17 853 1700 121 8952 8819 2805 8143 6014 7897 4900 1174 6899 9719 2564 1585 9711 5988
15 1239 3247 4163 9859 2359 2204 5984 6086 7439 4678 7625 9502 6074 3533 6212
18 9645 8998 1393 8926 4096 639 9658 4915 7982 2010 3344 5542 9726 6394 6828 8501 756 4273
20 8555 3062 3258 1930 6793 2546 8199 1965 851 4370 6660 2666 9529 573 5822 5935 3942 383 4531 1841
19 5913 8981 6930 2048 6898 9333 9716 2364 2567 8525 160 3834 1032 2066 7450 7268 1731 2421 5855
20 9475 6805 2515 4159 4566 2479 8105 8590 863 9547 1165 4870 1373 5840 3187 446 8036 1848 3415 8923
17 9392 3373 523 4937 6548 6785 7106 3242 2712 9312 7031 5378 9178 7821 9540 108 8083
18 5088 7457 1643 2191 3139 8881 1163 2584 3582 7396 4448 2575 2363 1877 9814 9971 4310 2300
20 6639 7633 4491 1531 9141 6866 7178 6926 357 6436 7101 4963 2500 6736 2889 8393 6183 6285 1837 6151
17 8118 9833 6248 1470 9987 216 8986 8495 3004 4373 167 6194 2725 2460 9690 7977 5652
17 7342 3901 5567 8857 8289 1720 3235 2903 814 3684 6564 5549 5776 390 5204 4339 9569
15 8973 560 382 6301 9778 1395 2762 940 9788 2483 2929 5290 2827 3641 7565
14 6251 6094 6904 8627 991 6397 7976 8013 3342 6309 2071 1506 7290 5811
20 8412 3646 8014 4832 7205 6234 3241 5308 4993 2414 1026 3878 7932 3801 7003 1270 5671 229 1544 9614
17 494 7532 7817 4892 2125 8067 5484 8438 4831 1375 9323 1268 416 8619 4563 4886 7112
18 6570 5994 599 285 6452 2960 742 7969 6126 2816 1975 603 6487 3932 6606 6334 4729 9669
16 9647 9822 6596 7865 4330 4235 4335 3873 9665 6812 628 426 7589 2251 7813 8397
14 2209 3675 3731 5909 4898 116 6385 2655 287 5918 5974 526 4530 1961
17 2802 7769 4449 3372 2737 9114 4290 4660 6714 1932 9957 8528 9235 829 6499 7951 3543
20 2480 8266 8416 9300 9998 5104 3053 3796 600 3060 6671 7919 4151 4444 4434 4161 2161 5735 4976 9214
19 3181 8505 7381 1255 6165 1668 7708 449 9506 2263 1578 9315 3996 9206 2503 6390 7509 2905 5536
15 7171 397 6386 4667 7502 1741 9917 8524 8325 4419 1691 5961 6477 6112 447
8 1143 2678 207 8409 8894 49 1077 3111
19 1422 3754 8746 4550 7647 6447 1387 1649 7646 2294 5522 3361 2895 5286 7780 5338 8454 955 5296
15 6066 5967 3811 3474 2154 5767 2956 2950 6859 8946 3312 932 452 9787 2502
12 6062 2906 408 1411 6608 3650 687 9603 2968 1086 4977 1642
15 2291 7604 2921 5462 4654 7842 6281 6129 5084 6766 788 9427 5065 2554 6158
19 6013 9031 2179 8097 6578 2142 4461 7674 8002 551 2569 7050 6011 5131 1419 4408 7722 5616 6585
15 4872 8028 7149 3339 1073 8270 9400 5789 1673 888 7470 7242 9338 2993 831
18 1846 5632 1176 2021 800 4903 5357 9318 6758 2162 1107 504 8964 4610 9390 2103 540 3238
16 8860 508 137 8960 2390 1781 2087 7047 2420 2988 9855 1811 468 1390 5141 4295
9 5405 9054 8111 2533 915 9854 1303 4759 5647
13 81 8895 3689 1989 2524 6787 3118 5015 7213 4413 7052 5978 3719
15 4355 7764 163 2439 613 1444 4039 5483 9342 5677 5828 7359 2013 7953 6576
21 4792 4270 5770 1584 3761 8218 1814 3763 9244 7820 4974 7121 4933 6918 785 5800 9465 3002 5846 2211 4554
15 993 9975 5356 6909 9441 624 3699 8432 6738 9865 8592 5946 3179 7983 1479
15 6172 7498 9433 1317 2844 4710 5080 8297 4961 2347 6236 7481 8095 4611 234
13 2360 6907 6864 4523 262 5114 3306 3094 1759 1665 3983 1514 6246
19 2173 3394 7222 6201 8775 5259 7538 1882 7966 6124 5648 5418 7980 5264 5399 4861 8384 1191 5758
16 9962 1004 9667 6451 9302 9136 9867 1035 9009 5570 9501 764 9391 9340 8910 1586
13 3746 9741 9838 8334 8415 693 5136 9802 2674 5412 5531 6311 7436
17 3227 9844 7793 1012 724 2501 732 1964 184 253 4438 558 9088 7170 5960 4134 5434
18 4696 6163 4353 9328 2417 670 7220 3392 1682 4572 681 3183 9332 5013 1808 8572 9792 9215
17 9539 8257 2568 1603 8911 8516 836 5943 7974 5614 8354 179 981 2692 9887 9676 5599
17 876 2206 2104 4358 26 3567 6754 3545 787 3151 8457 7038 9905 4983 7343 3677 6434
15 8300 6067 7609 3292 6874 223 983 9598 4954 5010 5178 8046 6621 1060 6294
17 1160 9268 4085 2309 399 9205 4135 2451 344 3730 625 5588 7478 3703 6057 8735 2073
19 6672 1947 2804 133 3907 5958 7192 6539 3387 9188 1434 6949 9115 8012 9857 8723 427 3184 7751
16 1325 544 536 6203 3267 5992 6778 8513 8335 3481 6256 1540 8837 2094 2594 1633
17 5603 5219 6134 1907 4073 2344 877 4517 9653 8318 8443 6878 3226 2369 4294 5831 1751
16 379 4981 2636 9378 3251 5600 3968 2186 4122 2038 3806 3810 7487 440 4162 4451
20 578 5064 9574 6292 4747 5243 3130 53 841 7072 2350 8972 8734 393 411 4375 221 3787 9646 5312
20 8493 4866 9074 8494 6963 5411 9779 6609 9988 9727 9863 450 2728 520 3485 706 9051 6895 3529 1377
17 867 5394 4651 2268 7743 72 7331 4876 2334 6351 3900 6934 9417 7739 3250 1969 9004
17 9928 8058 7822 6848 9330 7394 8544 1818 8992 3214 727 1657 5873 1793 1021 6323 7702
16 6657 8987 2534 1842 4460 5625 5349 2873 7238 3059 2932 8405 36 5146 6991 5653
13 5008 5959 4690 5073 7650 4810 7930 7304 6964 6889 1680 4149 1898
17 388 8366 4473 9142 3473 4454 2719 6117 6429 3419 3649 6690 3558 9069 145 9771 6914
17 2290 6179 9584 6775 7259 3212 510 3395 309 1124 743 9285 2001 7963 7878 8195 5937
14 4971 7366 7967 9155 946 7860 2413 8006 7695 2101 1703 2822 8468 9277
16 8542 2397 1598 1871 8140 8745 1926 1824 3525 339 4023 3023 9126 51 9048 8606
19 3648 7370 4564 6104 1921 7819 9185 3613 8680 7536 9108 3822 7845 4627 8577 1881 246 9301 6665
17 6902 7830 5134 8749 5986 2398 8314 8081 5993 4975 925 6768 7261 7803 6373 3035 3405
14 7907 1364 4856 6678 2947 8565 703 3820 5505 848 5493 1582 5596 9818
16 2477 8239 3501 2153 5313 9080 5068 963 4936 8394 8781 8706 5871 9759 5348 4897
16 396 4249 852 279 6442 6945 2911 1214 7105 87 7473 2392 3488 1658 8879 1341
10 9028 6677 2769 2345 1236 9774 2016 6755 2097 5742
18 8809 3007 3463 3894 11 5032 6414 7549 3700 4026 8045 5893 8570 362 2114 7202 662 1576
17 2330 1264 6235 5389 8917 3262 1572 4234 9386 7652 5277 1397 4751 5075 1868 7374 4424
16 1943 7474 130 6437 8293 3661 9213 7788 7556 798 1744 6508 2136 4230 5591 8226
14 8780 1368 7755 3593 257 7741 9565 8885 6050 9745 4859 480 7888 251
17 4965 9687 7262 740 4591 8242 3142 441 7973 9344 6497 9261 4671 5834 7946 9960 8959
15 3735 5708 8064 3323 6556 2563 7583 3283 1025 3081 5509 289 5833 1148 2608
15 8038 4472 5999 5171 171 9862 2772 63 5363 5820 6592 6673 9692 5926 8838
18 8645 3085 6211 1967 9043 1501 6187 3299 9331 676 5796 1621 5346 8568 7437 7964 9793 9369
8 3694 3767 9489 7671 5432 4041 1234 360
13 7691 6838 8326 129 7886 4152 3881 2124 5229 5673 3322 3792 5977
