23 2735 658 2642 3966 4544 8030 826 3981 9844 9303 7763 6953 510 6543 3336 1457 6554 6972 6046 2946 5659 4140 1559
21 6689 477 442 3022 6512 629 5835 7843 9659 3145 5284 5502 4385 8592 1445 526 5489 349 7154 4479 136
22 3090 1784 206 4088 146 5838 5861 1429 6562 7164 5785 7521 9945 8050 9201 9904 2050 7821 7427 7722 6665 5501
19 1209 1323 1955 4973 2207 9604 1211 1299 8830 9843 1964 1316 4373 8634 8712 8276 6631 1633 5293
23 6466 1384 6307 2305 4409 6643 1846 7907 2156 2179 2417 8126 4312 3016 8842 1606 7656 9258 7519 7213 8943 0 3064
25 5018 3294 6410 7683 6357 6251 1101 5632 9823 6722 5801 1283 8165 2739 5530 1704 1151 2707 2223 5264 1482 3180 898 1207 2818
23 9313 9347 1177 6454 9410 7068 2330 8814 4515 6920 5976 2062 4715 9755 8914 9173 8678 5871 123 4769 3041 8363 398
26 2519 1170 4624 9951 7492 8876 7555 6416 8225 4055 8775 732 9774 2632 2991 2772 8944 8065 5454 3175 1788 3287 4728 1195 9396 9334
21 549 1593 4867 57 9949 2578 7169 4105 3986 3282 2851 5739 3960 4341 2071 1506 5750 9567 9747 5855 5848
26 4525 3918 245 8816 7685 5584 4256 7503 6386 8988 9994 8140 2837 6617 2087 2150 4051 1162 2168 2188 8934 5806 4785 9025 910 6439
23 5934 3596 9845 1949 4607 4477 6850 4921 6974 6102 4461 7674 80 619 3581 5961 9891 2521 2598 6973 431 5449 616
25 88 1228 4630 3938 3112 1232 6013 2867 1692 6848 3610 5442 6939 3241 6105 5520 5747 7855 5333 3706 8600 1216 4303 7476 7393
19 2465 3409 2657 3445 908 8160 624 2546 8813 545 4801 220 6988 7431 4668 6291 5536 818 5415
24 7957 6849 9805 1500 3119 8151 1062 5526 3421 1541 9826 6602 7635 2365 9235 3764 291 6653 5121 9668 3080 8138 1290 4091
23 519 7435 277 3605 4587 9375 2406 7271 8895 3213 1078 1824 3920 334 6759 8907 6100 8409 2096 3441 4779 1210 8874
21 4309 8484 5089 4228 9538 9475 4636 9624 320 3536 5421 3707 6030 96 7328 2428 6049 4774 9336 6118 9829
23 5970 9935 9559 7097 7448 353 4147 8097 6462 859 1094 8732 205 1032 9285 7589 4179 6435 8849 316 8308 4277 9532
21 4839 1637 8328 3375 6119 6639 1862 9028 2648 1188 698 8031 9661 4165 1596 3519 548 3868 251 7356 247
24 5324 2233 6951 1550 6173 4958 9505 1117 4114 2089 6146 4232 2719 4452 9946 6860 827 9695 5509 8762 2145 2133 3591 7700
23 606 6485 608 5816 8955 6871 9177 3465 2374 3761 6866 3115 6799 239 1854 9021 3634 564 747 7833 1118 3134 8700
25 423 4984 5771 2856 1222 4749 1511 3675 9238 6839 561 8343 2197 4036 2282 6555 4755 7396 6516 68 9808 308 5198 8726 8019
26 1776 5990 7249 1508 6647 1480 7817 1603 412 3123 8993 4464 6803 500 3244 6337 3059 8643 5085 7841 915 2734 7136 9909 6364 4156
24 187 9402 2539 4250 2180 6346 8263 523 4937 6548 537 1629 5733 6675 5863 7517 903 4671 5178 9689 7717 598 5232 2134
26 6663 8557 2118 2497 9477 9134 1738 1521 4714 8103 4456 9800 7462 2805 3397 1989 8971 9323 1950 5414 9098 3882 879 5533 759 5253
22 1066 5218 1121 9705 6523 9158 1412 6727 1831 9302 3316 4251 3262 1572 9422 9961 7030 3209 4412 1442 4568 5720
28 5335 8932 3910 1628 6652 4541 444 6197 6641 4096 678 4682 6043 356 3912 5525 9597 6666 2454 8206 9217 7955 6302 1952 2211 1961 3218 6453
23 8175 3276 7546 6316 8155 4017 1942 6865 7793 501 3356 8067 2431 1289 3344 4254 8472 3071 7437 2103 9120 9461 8120
24 1560 4414 5307 9751 4384 8062 1259 938 1317 2844 4459 1340 3484 9725 7921 1925 416 6355 2127 783 1043 5591 4649 4133
19 4758 739 2401 210 6101 6805 3624 7749 1681 4272 744 8076 9594 6320 4148 229 8891 3965 1931
26 3817 7864 2681 933 4914 6132 9641 3466 7857 1840 8688 7750 6820 1050 3813 6620 6938 4719 931 5546 8611 9521 6300 6015 9589 2618
25 3580 4959 9030 6498 3818 2954 5451 9106 1612 3463 7547 9955 6891 5183 470 1851 632 2416 3771 2014 7744 3715 8580 707 6221
26 1273 8158 8040 9795 8173 7933 883 5062 2345 1668 5396 2936 9853 520 5277 132 673 2849 4922 7423 1903 16 5817 4451 9700 9430
25 7499 1407 457 9524 6244 843 3499 130 9420 8027 338 1590 6556 4578 1469 3935 6432 4386 2083 1380 4860 6448 9642 2289 7375
24 1867 5858 6836 9625 8937 177 3165 5356 1166 9221 5472 1501 4407 7265 8294 8045 2466 5286 8658 3040 1059 2902 5653 998
25 7965 1492 4421 9654 7232 7665 3904 4775 8659 2841 8218 3323 6823 9943 9400 2317 651 4367 9622 8919 371 1148 7311 4160 6260
27 6822 1372 3317 7226 8035 8272 3621 4767 816 3894 6047 8591 6540 17 9431 503 5288 7514 9149 5726 236 5037 6872 8834 2747 8278 2049
19 2432 3005 8462 5626 5601 3775 5603 5219 1679 9785 8400 405 1882 2269 558 1413 6616 8279 3903
18 7070 1406 2495 2825 7041 5914 9784 4430 3154 3376 8905 5898 9760 427 2318 1095 7565 4127
24 3055 3758 6547 376 7344 1302 8312 857 893 3436 3661 9278 8855 3511 7848 5181 9455 5946 3941 8579 488 7834 8396 295
23 4742 7687 5954 6392 3057 4605 578 6677 4981 1591 2244 260 1901 8317 4932 7997 165 8267 522 4463 3184 432 5273
21 6002 2424 4184 3199 1557 9678 4744 516 862 9968 5092 3494 1976 2522 6225 1765 995 712 5342 4897 263
21 8292 9473 730 782 4035 6896 5116 1297 4561 7755 2535 5872 1357 6707 5705 264 8483 2878 9340 9656 1015
23 672 6404 3779 7690 2927 292 7010 397 5709 5188 6201 3573 1783 3266 7397 2263 5165 2101 1703 8619 9861 4540 8722
25 7475 9405 9627 6021 4704 3530 9082 7866 5171 171 2311 6802 7973 4501 1971 1385 3048 2853 650 7603 927 1425 3987 3838 8122
23 8477 8302 2566 4782 3663 7191 9424 1364 4642 2882 4985 2148 250 9616 3332 1056 4081 4837 750 2759 4172 8959 6795
23 5235 7156 1995 4666 6648 9159 934 4907 8620 8960 5470 6552 8107 1533 2889 5528 4178 5450 3254 7880 5896 9918 7036
25 6277 9649 8198 8868 7208 595 6672 1947 9513 2561 4978 4614 973 7121 4933 2427 8744 413 834 246 8145 6445 4157 796 9517
18 2720 2738 481 211 5426 1248 3271 7483 9651 5851 3337 8677 781 3423 2251 9997 9765 6170
25 9409 7612 3368 4629 7387 1220 7474 7045 5386 6406 7879 7999 6264 2532 8241 5110 7470 1462 9069 6501 9873 8925 9494 9214 6613
30 2920 9090 7631 3915 9527 1263 6971 2290 2972 1638 1012 724 4440 9213 6522 4632 9506 7388 7272 5468 1578 1268 6551 1798 7324 7290 6007 4752 4962 7601
27 4094 5615 2198 3114 5228 4344 7697 7221 4224 2737 6625 2850 6008 4276 7605 2354 2496 6037 2369 8985 4766 452 9746 2830 107 4049 8098
22 3629 8425 3354 511 5267 8806 9133 4491 1532 2846 5901 2021 5919 7003 9437 7688 1379 944 1288 5443 4695 1705
23 677 3249 4661 5957 8034 7364 5994 599 8815 9043 3011 4000 9055 5321 8124 6341 1173 9759 9280 1295 7112 2864 9304
22 3607 7020 3017 5303 3732 2930 8970 4834 2048 9038 4330 2633 1277 3551 7720 8936 451 4169 3020 5813 8424 5697
23 9679 7287 1524 6856 6825 5382 5610 912 7259 5512 1827 9682 6400 6370 3662 6095 3192 5461 5252 3983 1514 8226 795
25 1097 8024 5425 2967 4318 6989 9132 7103 4293 8662 6306 4809 293 6923 5687 8297 7332 3733 7307 4315 2683 4531 8865 8941 6185
23 5497 5727 4196 9254 2250 8298 2173 3394 7900 5176 3377 6873 42 3503 3383 9315 706 9051 4061 8380 7831 7881 3619
28 9752 3579 1869 4016 3502 300 5100 4677 4689 7806 2438 1029 7286 5981 4512 3961 5522 4748 1687 7970 9016 848 1808 6725 5077 70 8001 7173
24 6670 6123 9806 950 9180 5238 9516 5101 9160 5262 1217 7018 5220 4925 6397 6918 4943 5354 7158 111 5735 4976 3229 1020
25 1757 3148 5748 2992 6526 2745 2924 2095 1896 5933 3570 8755 1345 9183 8779 1889 2678 207 1483 4504 5787 7577 8249 5458 8171
20 5440 7993 9011 7442 7438 1081 2558 408 1411 8258 1485 4765 4738 8248 3800 5236 9600 8371 1115 1001
25 9514 8290 9045 8348 7534 8028 1715 4033 9163 5548 9348 1463 3577 2943 8709 1196 5397 9415 6383 466 4402 1213 2326 9721 5108
22 2571 1609 7379 3338 5550 7488 5305 3550 4770 4032 3982 4754 2047 4118 7031 3153 9892 1280 1698 8089 8433 8543
21 6381 4546 5554 2031 102 9647 8869 7770 4832 4340 283 3832 8314 7095 9732 6766 9921 3310 8541 392 3097
25 9003 6135 3129 6710 1667 7682 3785 2948 8099 3428 1310 3399 1743 8060 4739 5456 2894 4603 4462 9502 4551 1938 2697 3848 3880
23 3549 7398 1959 8079 415 8990 7604 2921 7267 7630 1982 4218 7966 738 3401 8852 2027 1241 9417 5683 3797 2298 6650
26 4601 190 4794 854 4764 8695 244 7715 6178 65 1876 304 7615 3747 6790 4176 5759 426 6760 2194 7283 8183 4918 5055 9560 6016
26 7657 4885 1054 8614 671 767 1458 9701 7654 1448 639 9113 3686 1057 6376 8354 1775 4609 5015 4422 1549 7888 4324 8156 1254 2276
24 8708 1605 209 656 6580 6279 9639 3031 3606 9205 3962 8068 9435 1358 2111 5038 9615 9468 1158 9771 5460 56 2457 5280
25 5860 7028 8224 665 8831 8037 6172 485 1820 7392 3328 1921 3595 5080 7706 7868 5826 3678 6166 2182 3835 6700 3422 7524 6113
28 9847 1630 5636 3585 8768 9262 2386 3203 711 1179 30 8511 4685 7587 9716 8299 8689 8252 1806 8734 1766 960 5755 3488 6986 8260 4904 8113
26 2883 3990 6255 5477 9341 1746 3622 9478 21 5379 9939 1857 1535 7616 3590 5987 8084 3226 3600 5075 8386 5926 1278 9123 327 8618
21 5445 7891 3066 6438 559 3227 5619 8746 4453 7701 9083 8143 2682 9102 8172 4488 4022 5044 5485 2408 3204
23 9976 3311 9890 1 2482 7043 6188 8987 6864 2694 9767 3053 3796 1719 1853 905 8561 6109 2529 9773 7183 3863 9176
25 4078 7704 2690 1601 9832 9564 1160 193 9226 3498 2607 3295 2375 6447 1387 4950 9708 2542 7771 9076 9676 5599 7281 7537 1055
24 8310 2166 5887 4658 4880 1436 4989 7366 1810 612 9376 8745 4100 2918 4576 1556 7241 5399 7509 1669 2170 3390 5988 2664
25 6916 1512 3403 35 3721 1494 2810 508 2989 9322 6353 103 3763 9212 6928 2283 4240 2723 9008 8144 1336 1935 1147 9387 8490
25 4008 3540 7248 1386 1913 8973 369 7691 6114 2959 8169 3856 4902 996 7571 5427 3217 2195 9973 9953 6489 8095 5964 4295 9569
25 9888 3236 9255 7567 4297 8112 7096 7693 5770 1584 2804 6963 5523 4747 3052 1525 43 3801 6145 1122 4183 148 4811 7002 8178
23 6263 5808 2147 8772 823 2661 3793 3974 2397 6443 2498 6578 2142 7124 5035 1894 9356 2826 3932 7836 9608 4332 2055
25 1305 817 3068 290 8530 1686 3205 6243 1271 9001 490 1383 243 5157 2451 4529 7910 2255 2146 324 6287 8391 7303 3093 2271
23 6815 9406 6208 2787 552 8652 8851 6681 9574 3404 2443 3973 2995 727 8845 9206 5676 5749 2554 9371 6151 3185 2848
18 3307 4208 409 9702 5724 3609 4117 1470 9056 1308 5704 6129 1816 6553 1172 525 8929 8606
25 303 6658 1267 9511 2059 952 7143 6181 1071 5249 6396 186 5360 6175 6812 3214 2572 3728 1366 4508 1658 8152 2610 5854 2691
26 4071 5237 1221 4613 4139 7256 8860 4623 2264 5208 6730 3251 8750 7340 1136 2274 9386 1996 8305 2778 6427 5272 176 443 2032 8921
21 2316 5491 6003 6903 5263 7730 6657 2315 8481 4212 5313 2256 2582 7291 4108 99 9432 8398 6177 18 8185
26 1335 4781 6296 6220 9419 85 7941 6902 3314 6103 6883 754 4843 515 9718 3374 8478 5261 1764 8853 6394 7261 648 9552 3688 638
24 2917 4428 2782 4028 4595 5576 2477 8239 8307 1402 6629 1953 4535 7583 786 814 3684 4612 5297 367 2067 9865 5296 6210
22 8731 2538 4080 849 6762 2809 8051 7065 3625 9331 6149 4831 7622 9598 2202 7050 2823 5846 3641 9215 566 2755
25 1138 699 3603 2916 4643 2817 1864 286 342 3845 8268 5364 276 3841 8763 2876 4650 71 143 1801 3002 2219 5011 7906 1439
27 9619 8020 1218 846 7253 2802 1523 7805 1643 4784 275 9908 575 7819 9185 4369 7549 7917 850 5010 6957 7694 755 8275 2592 6853 3724
21 2061 4706 3541 3554 7034 1762 674 2107 6838 8326 129 3352 6906 4122 6687 2795 9518 8341 4996 3518 4177
23 5086 4583 5214 4050 7174 3215 4274 8864 4470 3752 6308 2279 253 4152 2763 8497 628 228 8092 9154 1536 5361 1003
25 4058 2026 2605 1685 9645 6630 5394 4669 618 3416 3473 5274 8473 8623 5795 7022 4216 2002 411 1231 8503 8091 3335 6492 8527
27 4618 7114 3510 267 9202 7595 886 6746 5569 5201 2599 8576 8476 1974 1388 8469 5947 6791 6295 5079 8255 9036 8866 1645 8735 3500 3723
27 7929 2006 4349 5156 4786 3770 7466 1752 6140 5268 434 809 6565 6431 3908 2524 1089 5275 8005 2488 9279 1812 8174 2013 2786 9241 2410
21 5300 2942 7372 9562 4065 2693 5583 5587 8049 72 8873 5419 870 2517 2803 3312 1795 1585 4203 7649 7714
24 1315 6329 5295 2470 9392 7812 1716 6134 7384 9421 7788 7651 6471 7299 5680 1238 2650 5788 5928 7214 3095 4905 4778 2463
21 9707 7889 7648 1503 8368 1676 4163 8193 6880 6983 8127 7099 556 6510 3385 7892 1877 1334 9223 4052 8337
24 7429 1773 9869 9345 8367 7642 6331 7370 3584 3597 9358 1905 3234 5000 7578 9762 2750 5745 7074 7740 6311 3687 2926 5173
22 7861 1113 5541 1272 8236 1349 2797 377 1539 8661 1320 7853 1740 8498 9959 2820 9856 8056 5580 3529 2337 7527
27 4059 5387 4109 6069 2077 9761 7808 2702 9789 4085 2309 6888 527 7298 8997 3567 9425 1839 6072 7765 5056 2446 7597 5895 8404 2819 5859
23 5192 1860 3866 2338 2033 3098 2395 1016 8721 238 8881 1163 5257 2514 3670 6369 5028 1954 1617 4813 9484 2300 6997
23 5299 4387 3821 9289 3949 461 8373 9436 2284 9327 7897 2097 3956 8754 404 5781 6826 1848 4083 4354 1473 8519 3812
28 6783 3257 5507 6842 9872 7636 7988 4924 9157 6292 3221 5986 5849 9086 227 703 5741 3001 7443 7845 4037 3876 2704 6107 4691 831 2322 3737
25 7401 9463 7574 8093 1693 6570 4355 2906 6909 3476 3547 8177 4190 6205 8281 2461 9093 2932 8011 4859 4261 4700 8613 3611 2530
23 4855 789 5017 3906 5690 4497 147 1531 1461 8646 9658 4915 1025 8946 7033 7159 8894 6701 4861 8384 1191 9717 1701
19 7463 3197 8786 3795 1634 6380 1937 8500 6120 7006 7672 4135 5506 3006 647 7919 4151 7600 9097
26 3167 8209 9385 1430 2984 4969 5567 8857 5133 2765 2756 5728 2004 7168 2816 6524 393 9088 9391 5177 5429 3349 6943 679 3069 3380
26 273 1438 3092 640 241 7263 3261 7764 7167 8134 8627 692 4906 2768 5904 6532 8966 2124 6330 7317 2490 6390 8724 6112 8327 6191
26 3444 7198 4507 2731 7162 4356 9817 7194 5023 6459 7177 877 1965 2871 2980 7925 2199 3132 7780 4672 604 7073 7350 7702 2922 2273
23 769 8458 6450 4705 4645 6698 6593 6248 6987 7525 9006 4290 4660 2396 812 6855 3659 5114 5842 5669 3304 4 8375
26 9305 5213 2455 119 3026 5036 6407 6476 8798 6104 9884 90 9798 7273 9801 2303 9756 7992 5276 4434 705 2985 436 6461 8374 7825
22 9563 5359 5920 9712 127 4327 2415 6106 9607 6231 4136 7520 3805 2155 9662 6661 429 2353 3792 3172 1472 8414
22 2247 9996 8448 3325 3364 189 2910 7296 2437 4316 3359 1262 4026 4847 2832 7747 4215 3899 8139 7228 7335 3588
26 4377 6150 4673 2235 6305 6280 4792 4879 9741 3007 1967 9783 3447 2344 7723 5349 2590 124 2752 9893 4465 4580 7814 2185 5931 5225
26 6412 1651 7255 2333 2473 9655 3901 9911 1875 736 4365 6612 6504 4681 3076 2350 6937 9932 9522 4146 5897 4702 6421 1408 4683 7111
23 713 5358 6202 172 1910 5660 106 5879 3278 3534 5810 9092 6314 8531 551 5916 5703 532 6217 5202 8211 5790 6494
21 2135 109 1564 830 100 5088 5298 6056 8534 5694 4620 1727 5681 5524 7201 9588 162 5030 5081 8982 8070
26 2949 7320 482 596 9118 7811 4776 9526 3673 1389 6519 1741 9917 1314 2996 3628 9688 7675 4827 2575 8457 7478 6005 8572 535 1082
21 700 9852 8346 8991 6601 5837 7150 6319 594 7250 9969 6091 6787 1811 1571 5555 2925 8696 8508 685 2659
26 8703 2536 4848 8419 7211 6313 6237 1912 8339 6806 6726 4093 6774 914 6813 8016 7071 6768 2625 4174 5269 6685 9383 5436 6750 4891
24 117 7329 47 9492 942 9846 254 5941 8150 6728 6436 6486 4730 4560 5605 5639 2092 9772 3727 5407 1641 3238 8137 5398
23 3442 7512 5285 4376 9457 380 294 7516 9300 5692 5143 2762 940 1119 5492 5912 7826 2775 3653 9427 4364 5474 1318
27 6695 3826 1970 164 9127 993 4227 6426 3372 6857 7077 6970 7351 6846 4619 195 3361 5195 2232 2483 2929 5129 4545 5834 108 9878 3589
23 1543 2641 3188 2934 8194 7746 3247 4638 897 5329 8064 1236 2016 5098 2085 8757 87 664 5644 2474 5661 5939 3021
27 6831 6199 6765 7380 5241 4398 118 7080 2835 3593 3139 5482 771 7418 963 4870 94 8286 3497 1440 9857 4972 5867 197 1479 1093 4013
24 6901 2357 4815 6293 5437 3790 8918 1747 278 1690 9233 7982 1370 5905 1975 1574 9041 9124 9260 7083 602 5978 1602 675
24 3156 3640 8309 5602 1046 9731 4584 7490 4009 1471 4259 8669 4982 2545 752 179 7029 6194 4726 2976 5431 9646 2172 7937
24 8518 8736 3947 4657 7386 9561 5910 3075 2154 1307 3979 7802 4674 6079 8496 2701 3943 312 2870 4967 9775 4424 8939 4432
26 5769 3651 128 977 3232 9070 8014 7381 1255 6743 2400 7507 4852 6483 4289 7449 4946 1673 5505 4229 1390 7359 1991 6958 6994 8350
25 9393 8262 697 8823 1797 7732 4696 6579 8505 4072 8212 8693 3159 4521 9416 2003 5119 4381 7181 6599 6895 9203 2730 5494 5666
26 7040 7180 7975 6567 5674 120 8486 6179 2040 8366 4486 9292 5243 3130 53 3437 185 6126 4030 3091 6487 7696 2628 3787 807 6467
24 3855 9920 3105 9512 8191 3393 8266 8691 6389 9407 6609 9988 261 600 1763 3889 8899 573 3950 9555 9797 2821 5798 1962
17 1515 5875 41 98 3879 8167 9812 6999 2229 4523 262 5315 5066 1242 1219 9147 2007
22 3371 4511 4686 3453 4593 7309 1872 4496 2722 1130 4988 1786 4850 1678 5355 6632 2481 2491 2287 9940 1653 7252
19 1992 6747 4154 2982 7245 3669 833 384 4144 5840 6055 9115 764 2970 2604 5731 7166 2200 8087
25 9325 9052 3991 3783 1845 7425 5702 6757 1069 387 7389 3556 5582 4092 4280 1670 7056 7634 7540 60 3260 3343 2321 8372 6603
22 9675 6740 9586 3433 4872 7532 4939 8105 5385 9571 7403 6829 4745 4004 8465 3998 2727 3162 2865 5833 1599 3620
24 6198 7116 248 2036 4024 9858 462 5099 5380 6363 4903 731 4694 2485 2012 2895 9883 1400 9338 2671 4729 6088 298 8210
26 7928 2079 8207 8085 7759 3181 7081 544 6905 8743 7620 6581 6176 9957 7175 5149 3485 5231 5609 8685 1128 2908 1312 3400 1718 9380
24 6807 726 2904 7323 3807 6133 8782 6925 9298 4533 9225 3101 6948 8161 2462 45 2855 8753 9703 491 8717 9637 3928 4145
25 4435 7451 502 3565 8110 9394 8981 9228 6868 7926 8656 8513 7417 8221 6162 2222 8365 1540 860 5831 7606 7035 8043 6087 5606
22 8640 9452 9744 2799 3190 5579 3829 4314 2332 2024 9428 9239 1164 7699 1401 1347 2038 4275 2460 7165 1522 2724
24 3869 5743 5377 3270 6182 8555 1583 9408 5033 4866 1292 4772 7904 9079 5738 9989 5930 9535 8999 2594 2253 2456 5408 557
27 4307 4693 332 5917 9981 2291 2108 8407 2234 5041 1592 5340 663 9967 8738 7327 6528 6827 2183 7550 8977 9308 9174 79 1086 5147 6
20 3253 5113 150 4405 7477 178 7971 6391 1736 5384 8567 3004 687 54 3280 6621 2550 845 1137 8147
25 375 2788 4863 7628 8742 403 9151 1282 9790 2137 5389 3201 6042 8931 5611 5789 4708 2811 1542 1662 2307 6844 762 8106 4987
22 8329 6493 9543 497 422 7745 7274 3751 928 5729 1941 4336 8930 4425 4222 4680 6964 1507 6193 7044 6845 6384
24 474 8104 7236 1873 6638 907 5193 352 4564 9838 2063 581 5217 5607 5448 344 4182 7089 7828 2624 9840 302 1573 4865
23 5868 2512 6245 5352 7135 3685 9611 4787 8502 8807 6165 4368 4663 6332 3448 3074 1249 5612 6278 7204 1713 9764 4042
26 1040 5654 7602 3666 3038 4713 4415 4773 3963 4893 1822 8475 8284 2254 1477 5706 1616 8733 5588 38 6183 7268 8877 4393 8641 3562
30 222 5948 1010 1580 1465 1587 64 6283 2035 3731 1199 6926 6861 887 4626 8810 3955 4526 2674 9236 5643 6890 4288 4413 1728 7184 8232 5923 778 2225
21 1005 9137 4502 7662 39 1944 4711 9114 7807 3072 3142 4262 8896 3526 1615 4599 7233 8313 5760 3656 4319
16 3555 7471 720 2382 5433 3315 3469 2281 1871 592 5350 4082 9509 5531 1427 3887
23 5424 7129 3786 4733 1647 8642 5374 2515 9268 7949 2042 2923 2364 1885 9664 1007 2792 5634 3415 792 1060 1377 1805
22 5693 5034 8410 1627 8353 9101 9822 6596 7865 2526 7650 964 3353 1124 7240 858 8322 4492 2879 9129 2814 994
23 84 2714 1804 8219 313 5713 4617 7037 8072 1819 153 6977 972 7302 3897 7923 2475 5493 8716 1225 12 2073 9736
27 9140 1984 9078 4202 4652 1331 7456 6297 3722 8935 547 8495 7608 3599 4505 5594 6286 7473 8781 3037 6419 9013 6250 2113 3126 1677 2544
26 4894 4260 8440 3885 922 8882 7633 7569 7931 8926 4608 9231 8992 2186 3538 6704 9211 7027 3884 5144 5290 810 8130 5753 430 6152
21 920 7210 5516 6575 7239 8244 8289 5191 1761 5002 2903 5479 5109 8356 932 1987 7950 540 3405 2540 2897
22 6706 8055 4761 1491 5428 1441 2640 1620 4653 2630 7205 614 7860 2413 8006 9047 5084 7559 3322 4054 2329 8057
25 9799 3575 5540 8747 751 1631 6374 1455 9054 5302 2373 8004 5537 1116 8729 6282 5761 2800 1526 2968 7251 5209 6979 329 7115
23 7956 8848 8915 2570 7840 9466 8560 8956 1504 8904 3077 894 8565 4571 505 983 5229 4444 2435 5617 5439 669 8430
25 2559 9985 8464 7246 871 7301 8075 1979 4821 4219 5929 686 5793 2381 2655 8570 9501 6411 1665 58 4257 6546 1865 406 4538
26 5717 9544 7666 2639 7209 2044 5951 3896 1433 8345 6816 4067 1450 8360 7832 7371 114 4500 6792 9439 7869 3369 7026 234 3860 8847
23 2695 4437 9631 6742 2997 7916 1415 3895 1104 3561 2228 9321 6513 7914 6600 3864 8364 6209 3576 131 9454 8008 5063
25 961 1024 3462 5892 4806 3778 5008 8026 1656 3977 3999 7510 9318 9170 4945 5194 5488 62 7639 1028 1185 8507 5563 1614 2130
22 372 7230 8382 6749 6966 2665 3434 1004 8182 8764 889 7718 5258 9653 8318 6497 2342 2379 7739 2703 9714 3690
23 7952 5744 212 5678 4555 9481 5160 2565 3210 6085 1468 8532 5852 471 1554 1274 167 9931 5095 8790 3762 5637 5174
22 768 2711 5699 7698 9497 6716 9612 5608 852 8811 9630 6014 8887 7890 7247 653 6929 1108 5138 1966 3107 6288
23 24 9128 4665 6645 2654 2453 6393 2645 7091 9462 8822 7995 2257 7060 8604 5223 7257 4928 2974 4134 5159 9577 3825
21 4090 7553 1276 4020 1245 5082 5045 2842 4802 4002 1499 6298 5655 8927 9895 110 6557 4401 1367 5883 4281
23 9084 7104 7430 9579 5452 9441 5163 3925 5016 3828 2294 5568 7721 5993 5677 6646 919 1575 1149 913 2193 3741 8947
23 2869 8586 4299 507 9737 8667 9192 5247 2153 1075 2634 9162 7661 1265 8196 8975 8066 4431 4563 9210 7215 2286 9281
23 8962 8435 8835 5668 8445 2857 2220 7334 4722 4279 4549 5577 2892 6590 4102 5007 4155 4015 9699 9257 8411 7996 2964
23 2356 6110 8784 3566 1487 2128 8401 3231 9934 2729 9780 634 5950 1174 6899 9719 3922 7938 6045 8 587 59 4103
21 4637 902 6420 152 8671 3122 7562 7339 1639 5670 8974 5767 3299 9863 7978 2615 631 6449 9301 2502 3478
23 4150 6735 1843 5503 8785 4130 8058 7822 2622 2037 1702 4746 1604 7536 3587 3087 4737 1936 4375 1133 5811 7943 3857
20 6115 1013 4836 9897 9248 1790 7659 918 2109 4993 1291 9835 748 9807 3725 3272 1594 8607 6266 8862
21 3988 6558 9874 9657 4854 115 8644 6218 9644 8108 6574 3406 4621 1446 5754 3810 2266 2689 4337 8083 2983
32 5885 2838 5282 4869 7092 853 3524 9388 5074 5289 9734 4378 5172 122 6604 3395 8651 7652 7480 4849 5111 1661 7495 971 4814 4780 2361 937 9781 8429 321 8556
24 4379 9246 9830 4115 7692 9381 8413 5725 7647 7645 4979 7454 1486 4740 4579 888 7511 2533 3015 2458 1731 1287 6405 4622
24 7399 8699 6711 3594 5830 1475 4046 8416 2513 3070 6824 8749 1918 6947 7942 9903 8455 5145 2725 4199 341 8838 4185 9374
24 541 6884 9487 32 6480 6832 2065 7680 4128 1649 1567 6734 8583 1906 226 3852 891 5641 2637 3681 8168 9876 4446 5125
26 7561 5510 7465 8766 6538 2434 3451 3646 5070 2272 6036 8136 543 8917 4265 116 8954 5963 4192 3297 8046 9540 7953 3224 2516 4803
26 4143 8459 1223 9071 4990 9156 7176 3454 4942 7321 534 2560 1187 1632 9122 4917 2328 5765 4598 8759 8333 8369 9061 3781 9311 5953
22 568 1635 3263 2261 4450 636 6696 8492 6778 6995 5136 1405 9081 7421 630 8456 7412 8602 3035 5973 9545 5504
21 4494 7846 9926 3972 9209 5557 4244 9143 5664 3808 2358 855 198 4573 2469 3303 3486 899 7413 6348 6748
22 8950 8073 7085 9681 8118 6484 8493 8826 4701 7062 7944 6776 3237 8357 8202 6934 4380 7803 5345 5937 1230 8331
19 6228 1734 7102 5593 2343 6223 8911 8516 1818 9848 2676 6254 6233 7450 9922 9690 5204 6955 5376
26 622 3170 3557 7663 3418 8585 2760 8741 6423 5259 7538 4237 1999 1125 5326 9788 681 7358 3309 804 3872 5667 469 5545 8701 5629
20 1833 864 69 2686 4485 156 6582 2104 6684 4106 6862 7130 28 8528 4727 3548 1490 3957 4820 6721
18 6541 5746 2973 6503 1733 1311 7275 4824 4851 4198 5320 2378 2295 7667 5884 6889 9451 8319
22 6961 4537 4980 856 531 3482 8800 7830 5134 1041 6020 8672 2733 1434 6949 1760 8577 8949 9648 7748 5057 3408
23 29 2436 533 3051 3940 6098 1008 536 8007 2051 2478 8061 8889 2239 3355 5392 5126 6761 265 5499 2606 6052 5819
23 1664 8021 5757 6563 2776 2394 8617 2680 350 3222 6798 6117 6525 3888 7254 3089 5153 8723 6335 6817 9189 9317 722
27 55 2123 326 8791 5799 3102 7629 9073 7422 2086 2909 7266 9150 688 694 6588 5893 4023 3023 6508 8626 1127 4519 6534 6782 7772 7766
22 9523 6457 9636 2181 2852 8996 3750 3948 7288 6897 2068 682 1618 5164 287 8012 2392 9145 2827 6573 2940 9834
24 9216 9685 7637 8856 5187 4709 5815 6345 6157 3959 2231 997 9877 7800 8170 8839 9352 7756 1374 2886 8216 8385 9811 1547
27 9283 8739 839 3537 1613 3623 3909 987 4472 5999 4543 3137 9237 9470 3919 7752 7738 2081 8771 785 7244 5657 5467 7489 6715 9004 7460
25 4842 5818 5535 2132 3366 1745 1700 1051 6680 9542 9867 9683 8039 8201 2579 5266 642 5328 4983 5127 4226 4310 729 3012 2509
24 2576 3208 2780 9634 1106 7856 3532 3228 3874 6699 282 8549 9447 2587 9663 7023 8256 1552 623 3734 317 6294 8690 3402
26 4346 627 3426 6340 2919 9948 6163 9077 3425 4667 2636 9139 3893 8958 2242 8778 6328 2801 5365 2372 1600 7416 9486 9850 2773 7058
21 1888 3196 5025 1777 7847 1182 74 2164 9882 5959 6821 4582 1714 7195 8264 5490 2499 1333 4763 8251 3111
23 734 4223 565 1460 9138 1725 6930 1891 5155 67 8906 3630 1654 2911 3306 1927 6236 1144 9692 3520 1084 4057 9673
21 3149 2748 7373 6985 5366 2556 808 1464 6234 9643 2189 1796 9091 8438 9448 4175 6259 6099 258 2152 2609
26 7119 2520 8434 3840 5135 7278 5847 2025 4394 1842 4647 8442 9423 3598 3318 3831 6500 6797 2962 7055 2114 8195 6627 1892 8594 9766
22 4214 9691 5120 3116 494 8780 1368 9085 6415 3351 8129 3331 8336 5906 2619 7139 3243 6535 6349 9024 1306 1569
25 157 8376 8351 9613 4021 4503 6659 716 1264 6235 8545 7024 9697 50 5966 8697 8234 5807 6227 6852 1478 562 3676 3853 7133
28 2986 400 1240 2352 6216 8597 9195 4045 6367 2907 2670 5004 256 2190 7179 7504 2403 5199 4961 6022 5549 4287 746 7163 9014 1826 4790 4846
20 297 3384 975 6984 1365 3062 9222 3305 5878 9219 1037 7854 8180 6440 8454 1202 1481 6881 8898 2627
19 1978 2784 1313 9042 2171 8038 2935 2861 1597 385 8920 9665 5255 9310 6084 75 2629 3298 8808
22 3103 3138 9640 8681 169 3117 382 7924 5154 6184 3674 8387 7160 5196 8041 1083 4193 6275 4808 4823 5046 7472
21 5341 2791 6327 5662 8595 949 8316 7998 5559 9498 2994 6679 2447 7155 6229 7242 1915 2815 4697 1958 7410
24 2912 1090 5829 381 66 9263 2270 3505 9141 4125 776 1342 3013 5401 4678 3658 4480 8983 9294 4474 7008 5652 3984 7161
24 3281 6924 8588 4137 6078 5405 8953 9881 4167 7689 4357 9671 2947 8432 6738 3844 8443 3363 7736 1285 900 690 3535 6342
24 5716 3951 825 3319 8615 2240 5021 272 4264 2859 4997 8863 7839 9389 1780 3668 3834 3954 1928 8036 9984 4390 1823 8154
27 957 5487 7446 4396 6814 3345 7187 1799 8109 2829 2479 9983 689 1720 3235 6025 4076 6990 4771 9453 9713 8625 4391 5521 8910 3571 4069
19 6724 9595 5090 7193 7019 4328 4853 9167 9754 3256 8471 723 8162 3094 5800 4181 1064 8463 9776
23 445 2426 6718 4602 3082 6719 6081 1338 1709 3186 2955 5561 3027 6841 4581 2705 6310 8837 5048 2252 8879 7289 6458
22 3693 4200 1655 3414 9033 4119 3155 2612 2034 5314 9554 9978 6033 1224 9591 1243 7815 1582 5148 4308 8265 1226
27 2020 2899 8254 3047 6024 1169 9027 7915 7609 5250 3489 5675 1171 1650 7591 9587 9529 407 4313 6417 204 5065 2833 4197 5874 8980 5631
23 8395 7082 7086 266 3493 8938 8998 1393 6203 774 3150 3913 2567 8812 3198 5078 7157 4640 6153 6941 3014 6931 5723
25 2008 3029 1260 9819 2304 5279 2121 538 3292 7106 3242 2712 2965 5496 2022 7644 1404 9942 5410 3626 7905 1497 5150 1204 976
26 8406 842 5205 6634 572 9165 105 799 9508 5180 5911 2854 5552 7531 9870 6758 6667 339 4239 7067 9841 9580 9005 5146 948 8718
21 5598 5112 6536 5539 2696 1422 1048 9859 2359 3508 9269 5575 9108 5022 8751 5673 5096 6032 3742 5318 9796
24 3030 3891 7243 2245 3789 1369 7445 8296 5211 5073 6712 7570 7353 7076 5367 2500 6509 5671 5776 9434 7618 2679 7017 9172
23 3471 9768 3490 9557 9100 9234 2072 8510 9379 9330 7394 8961 6655 2611 3553 4360 3296 3809 14 1619 926 5508 7986
23 7141 6752 6473 2754 5952 7837 5684 285 5464 6326 5484 3379 8280 8181 6531 3515 644 5836 9596 797 8897 980 3994
22 8102 7117 7580 3680 4403 4756 1309 52 9433 6713 9351 78 6142 139 6511 1706 7279 6477 8636 5647 9938 6919
24 8840 5856 9628 3058 2952 3958 3439 8945 15 6605 1395 2159 8270 1502 4936 8394 2743 6723 1890 4896 221 7202 6051 7789
24 585 945 3830 6425 2409 2771 7643 4884 3799 2874 5306 714 7101 9250 1165 7486 851 1717 1432 7623 9999 2806 5476 464
21 268 9306 6409 330 9276 9357 6333 5317 1519 5722 7753 1836 2201 2069 5185 5515 7669 8487 5434 5865 1510
21 4495 2928 6942 1684 5422 7342 1779 2246 5864 2990 5309 3413 1058 7294 5 8633 7850 5322 3113 447 4047
28 1353 6877 6360 5756 657 1325 2875 1176 5039 695 5061 1832 214 9629 1068 6636 3060 6671 8349 9618 3268 4633 5459 5942 4611 635 4296 5646
21 5406 4648 4807 6703 7785 2076 6587 1476 6885 7987 7502 9026 8599 1107 4757 2726 7087 5395 6944 7042 4348
24 8342 3067 4720 8059 1079 1968 2275 1391 8638 463 9229 613 2913 9786 3639 1498 3467 9125 7963 7878 9058 7991 4641 7733
23 7640 8566 1986 5783 6222 4532 3854 9368 8460 4489 7007 8628 2348 875 1621 7439 5648 9126 5338 9057 5404 4844 7795
24 1528 5572 1904 6739 5751 1509 1168 4433 9474 9593 6858 7735 1945 1322 6660 6568 603 3558 6731 2339 314 5311 6212 2203
23 583 5393 2649 5656 1565 1644 7197 7361 7414 3079 924 2175 742 2351 1856 8392 3927 5828 3056 5130 9749 3791 1418
21 2941 9851 2783 1175 348 8300 847 2796 1688 5786 512 9403 7960 7447 2367 6371 4600 3633 4735 9614 737
25 8204 7428 3200 2635 4585 6270 560 4858 4236 1960 6059 5992 6733 333 8015 813 5152 8794 8706 8423 49 1077 3836 7123 4725
28 3025 7357 3512 6615 3169 8485 121 8952 8819 366 8616 4970 3756 1672 1828 6001 2267 3144 2666 7895 1659 2391 480 7039 8858 9499 1841 343
21 1735 9191 199 3542 2900 1537 7778 1934 5658 684 34 2971 2091 3563 1076 4589 4908 844 2421 3712 5682
27 5304 8323 2399 5620 3370 2585 7118 3373 9496 3157 7407 2601 8334 3635 2552 8844 3223 1397 1039 9343 3302 4132 8657 5362 9220 3892 8301
23 741 3160 6125 984 5853 8101 867 2893 7610 2129 7708 9704 104 9958 9730 9855 7852 7775 8114 1940 5718 7001 5179
24 5381 1689 2881 761 1886 2320 454 6921 3574 2580 3776 2834 1011 9899 496 5938 1103 1258 8467 4458 4753 8320 1576 7146
14 9979 166 9944 7312 6076 1721 6674 582 3699 2398 9049 9750 5446 1359
25 8559 9974 8157 6352 9135 5170 1110 9632 9849 793 5804 7529 4912 7646 6174 1373 331 3506 7767 7487 9568 6950 6876 5239 6911
24 3743 3104 6430 8529 2753 7515 5076 281 2901 5210 2341 3902 806 9193 7619 1749 347 1036 2553 5775 2812 8452 6664 7731
25 9581 2963 435 4291 7203 9458 7014 4406 1911 399 9029 4789 7497 3283 2371 7306 5638 3944 7338 9373 4418 8282 2880 9753 3313
27 1269 6804 802 1863 3636 4034 8506 8023 8551 7132 3212 9224 8250 5558 7313 5805 2687 6847 8052 6395 5707 4095 460 7959 3128 2998 6241
28 8520 3976 9382 1102 3784 7762 3946 163 2769 3907 3141 2960 173 2789 2093 4478 7961 9050 4975 3183 8964 2080 5685 6334 9792 1972 5876 3664
27 3457 271 4246 8940 3468 514 5995 7493 7920 202 8261 3449 9355 4323 6863 288 6299 2489 1957 8358 6592 6673 3720 5949 2961 6073 3043
23 8728 3459 428 9450 986 7282 4971 4068 3163 2144 6754 3545 1017 5633 1214 3206 4596 2798 2046 5435 5551 9650 4320
24 4687 8979 4875 3398 6967 9836 2467 5635 7791 4591 8242 3939 4097 7598 8013 6572 3171 8032 9197 6343 4180 3637 6093 2019
25 3564 2106 6265 1963 5453 9889 2602 7234 3997 1203 680 8344 155 6545 3713 6144 9066 7518 8924 3084 8352 7964 9793 828 2845
22 580 5500 3739 881 8542 4449 8491 4343 83 9110 800 8841 5877 5339 4954 3019 191 7859 2836 5616 1758 3458
23 6649 8792 5888 8795 2831 1109 8827 9089 1924 4690 9270 3300 3568 7354 6429 9565 654 2761 3350 6065 1356 1699 9970
25 61 8629 1640 4141 9710 1256 821 3798 3211 3216 5083 9727 1920 2685 4817 7945 3301 9414 8714 9271 5544 4363 4759 5758 4374
24 4788 3572 419 6000 6927 3513 9928 8809 7305 2 8916 2452 6772 1435 9862 7930 1712 4131 2136 4230 2210 5388 2138 8517
28 5161 8277 135 7337 9537 8378 175 9264 6808 9240 5353 1337 6542 7016 6763 3483 6224 7258 2890 1091 8639 8818 4956 4931 2157 7751 9558 4955
24 6456 8713 8338 3191 8609 2209 3133 4498 5534 6211 4248 2945 740 4547 8325 7047 4438 1270 1520 7980 7484 438 7069 1139
22 8179 2915 4482 6034 1346 6094 6904 2713 4487 6262 7046 3195 8003 1990 3158 158 9500 4447 8441 5581 5312 9770
25 6952 315 4207 2651 9273 8220 6156 929 7624 6375 1767 357 8725 5167 3391 4419 5997 5432 1419 4408 1403 9169 1488 8044 5020
26 7877 1852 7876 5012 225 91 691 5564 6379 8125 2370 8748 5216 3495 1382 2325 9828 6869 7590 5918 784 2643 9971 8082 7436 8480
24 7799 3424 284 8128 3194 1443 1943 7415 4104 7796 9941 1513 7098 9111 6180 6385 8972 6214 6936 2349 8589 8581 7586 9916
21 489 1625 1994 7934 4639 8245 2439 1624 242 7886 5420 9621 6935 6640 3357 8208 4743 4269 702 3665 3514
23 9207 8449 1200 9735 8176 4300 4270 7724 1348 9208 4628 7842 2978 2950 8283 3736 7703 3822 4005 8893 4267 6533 6350
18 8420 5721 6474 2981 4944 8799 1771 518 7743 1926 3389 9933 9040 4952 3106 6070 6981 1652
21 8675 6851 1830 2577 4986 6597 3735 3509 4087 6488 1781 8539 4874 3700 7584 5736 7844 652 6788 6365 9354
29 6424 7585 989 7152 8761 6344 2023 9724 8450 5473 4473 9709 7552 414 841 4234 1769 2331 8474 237 4627 8269 7954 3886 4968 9196 4273 7131 1019
23 5245 7314 7277 9199 2884 5792 550 9479 6982 1275 2340 2793 8525 5832 5542 1329 5740 6892 2888 756 1141 7459 3969
28 6160 1530 9633 1729 2551 990 3258 2568 9328 7967 7823 9247 9816 733 4947 7797 420 5483 1730 1205 2891 1694 2005 869 6035 7391 9831 3985
18 1866 5710 439 4957 1215 643 4594 7614 2933 4845 3161 3187 446 6770 6598 1751 8654 9677
18 3692 3849 1326 2178 9833 524 9299 4073 8166 2299 6006 1409 3246 5784 7452 3388 8622 4292
18 1993 4170 718 3615 3435 6062 6932 2052 2931 6116 8969 6801 9471 3504 3703 4079 6840 3120
24 3239 328 9286 9464 6272 2355 3648 9729 3173 4840 5529 1253 3178 9245 6428 3189 7481 8802 5131 4041 6323 8482 3559 4120
24 9901 1489 168 6771 992 9364 8018 9438 1392 880 2504 433 4429 6854 7405 1789 9099 4864 3744 8501 3003 1234 8538 6521
22 7911 6786 9105 5107 7912 8909 5782 4014 4916 670 7220 4590 22 5956 223 5590 5346 3096 2807 3252 7813 5891
23 9411 3329 3073 9871 2464 1181 9952 8288 7754 4768 2631 361 9674 8922 5850 3642 1362 3745 2064 5596 2794 8770 9573
22 4882 5060 1527 4003 4615 8804 930 9963 9553 2548 3714 517 6387 1671 7728 2380 6256 9599 3971 6273 9977 1088
23 5902 1100 3833 6048 9684 7066 5221 3757 194 8933 5052 5921 2873 7400 8679 6520 8479 3627 2914 1581 6080 4350 9117
23 7229 3176 95 7579 8412 967 6751 8017 4235 7189 6131 2336 2616 6691 7596 4783 8405 36 2310 7079 662 3264 6060
23 4066 1251 7867 9738 8665 2790 9482 9810 8692 9880 8115 7419 8776 3523 9726 7054 9309 8222 7611 7801 7151 1939 1300
15 6965 8978 417 4493 9232 138 1787 9998 3689 9489 362 6606 188 1642 7093
22 610 5698 5777 4938 4862 379 4074 6779 7021 6122 4173 4468 9312 1035 504 7390 5932 5051 3417 7818 6258 4799
24 7318 2143 655 7668 617 9035 7216 3930 4113 3765 4426 2614 151 5600 970 9335 3777 6267 4900 4548 7264 3964 1180 5900
26 2429 8426 4064 1201 8421 2160 8694 4206 1417 4019 1800 2596 6505 5032 8512 3926 5331 9332 1675 5924 2746 307 7052 2277 2677 8054
25 6633 513 4107 6886 6422 5844 7078 2534 991 4442 6697 3917 917 2029 7 5989 3716 3240 5207 5162 9390 1120 4445 9818 9827
23 2278 8774 3108 5627 8188 2543 9896 6800 2938 5768 8650 257 5763 1321 6668 6690 885 1437 3604 2098 9307 6481 1722
24 2774 7224 4703 8989 5069 3970 7761 6882 5700 7898 3293 6682 693 359 4166 2860 4306 9491 4534 8295 4010 1350 5977 9860
22 9020 9087 9144 1723 9610 646 8737 7769 3507 3877 386 6130 6530 735 8522 8900 351 788 667 7409 2238 7533
25 9291 4455 9297 3616 6969 1453 388 2082 4038 4964 6785 8359 6560 2617 9791 8393 6867 3814 7469 6933 4570 3378 7985 2862 5538
23 9626 7319 780 5650 1553 458 2393 959 6138 8470 6083 1296 4567 2285 2868 1807 7979 7053 9814 4077 7951 3543 3929
23 9187 2422 6338 6818 6023 4099 4819 2977 6810 279 8437 4025 2646 7408 1691 1484 5974 8942 954 9296 8948 6559 8957
20 8509 6741 2518 4940 3124 2652 1257 137 4043 9547 7958 4210 6351 6651 1156 345 6011 1825 2593 962
23 4586 1697 6550 475 4966 2667 8686 8801 3432 1328 1031 1034 5943 5383 2493 6611 9603 2647 1893 1680 3652 2698 9906
29 2327 2335 6029 3842 5291 7411 2360 2292 5323 1791 1907 7178 4457 6171 6339 9244 7820 4974 3136 2387 8558 9551 7144 4298 5814 9266 6914 4911 6063
25 4098 892 1518 8796 6537 4331 459 8645 5998 947 3753 9136 8009 2433 1611 4333 4110 3695 4707 4574 1161 1868 7374 6676 5334
23 6694 1421 9743 92 8116 1768 7498 2241 2319 4443 4890 1132 9372 2088 6071 9715 1849 2764 6057 9446 4522 758 4338
27 219 8715 3050 8995 4326 5899 8664 5256 6571 6452 8025 4382 1072 3738 8081 4513 3582 1829 6835 1063 2562 4294 3837 9010 1544 4490 4268
24 1815 2523 2056 6705 5409 7457 2043 1096 8963 9758 4805 1235 9929 1183 9344 9802 9161 5206 7170 7705 8666 9669 8674 6507
26 3008 1588 956 9002 3477 2706 249 5486 2595 8593 6442 8381 2494 2555 7887 570 8315 7774 5151 479 8684 6368 5839 3780 6917 1006
18 5222 4112 4404 9065 7171 2045 4397 8843 1946 5005 4698 9148 309 8632 4361 8825 770 5265
25 8271 5517 8554 2999 1239 9075 8257 8033 8494 3308 3967 7757 7798 7137 7969 8436 878 7908 2953 3063 4542 6496 1683 6576 6819
24 9670 5466 318 4372 6618 2480 3710 9592 1420 8291 5097 1371 3525 7500 829 7858 3934 1608 4129 6136 1813 3923 4554 805
23 2944 2074 9620 6809 3326 7576 7564 4559 134 9080 5068 6027 1696 478 2471 9991 2001 2716 8451 7977 1570 3858 7783
24 6361 7677 3717 7190 5628 374 7048 7872 3592 866 5139 5778 3682 7725 5363 5618 8389 9063 7617 9467 5413 6246 5714 3032
25 8564 7768 8637 8682 1474 3531 1710 890 7120 3121 9879 958 8010 1933 4572 7838 2569 9413 4812 8836 4795 3677 6434 4951 8535
23 113 9495 5182 2663 6399 1595 1589 5907 3127 1980 2390 26 3233 7385 6755 743 1131 1085 4610 6317 4886 7496 9990
23 6913 6200 3220 8403 7134 5009 509 8446 4539 7363 8153 9572 539 7695 4999 2363 3726 8765 8515 2301 5224 7784 6644
23 6607 2626 9485 7883 645 6066 5967 2191 6830 6773 2102 2672 1648 6232 9094 9875 7681 966 6373 401 7719 8123 5665
24 3168 8892 5566 7710 141 3099 2898 8928 8186 6708 11 8074 7402 999 701 441 4963 4342 4991 5423 9986 3931 4286 5547
25 2313 2742 2537 4245 2732 2362 8164 4302 7712 8293 9023 1914 7217 7461 3387 3081 8846 1577 5797 4466 4760 9067 6717 2312 3586
19 1724 6159 2717 2110 2366 235 274 5102 1286 9295 8461 7851 270 1080 269 1739 1663 6470 5029
24 5402 3430 2167 8854 46 9809 2525 8229 4221 6240 7626 4919 6608 3650 5614 6506 5115 721 3143 8238 9168 8311 6242 3289
22 6900 8447 935 1496 6274 6121 4211 6769 6622 1266 4351 9866 2010 63 8117 5645 6976 6720 2564 3612 7968 5230
23 2507 2975 3816 5351 1884 4063 649 4857 2141 779 8540 126 4335 3446 4517 9966 3516 2987 9007 9465 13 2376 9638
25 5343 4833 7557 354 6213 4213 3843 7727 5909 4898 1053 3916 2728 5585 9342 8287 8537 7084 4926 9200 4556 1809 5047 906 144
16 3667 6304 7196 7113 819 8705 4217 6975 7331 5882 6347 9825 2988 1821 3705 3749
24 554 2293 8536 2041 5642 5043 5400 5465 1428 2740 3968 5597 335 4524 1049 5319 5936 3033 555 6623 3644 6959 4883 3480
23 7088 9282 7554 9190 9576 3746 5915 7592 215 5373 8872 4168 8141 9510 8829 217 7545 3768 1895 2070 5348 82 5821
22 8587 8548 8521 1792 3054 6247 40 3862 8444 10 2710 1932 7786 3342 4238 2420 7225 7658 9787 301 6595 1646
25 6418 4635 6186 895 6336 9962 9912 4634 280 7231 5411 9779 2506 3487 985 968 9009 5215 9253 8702 2161 2843 2492 2227 5370
21 9698 1674 4225 7884 7479 553 2174 9319 4499 7935 7009 2116 1566 5168 6309 3109 4116 51 9048 6514 3755
30 8698 4084 1252 4007 5169 2407 6437 4266 8428 7566 5122 5958 9706 7582 1493 7063 8427 1167 1548 5270 9261 9367 3427 5560 3978 3140 6693 3046 4606 3528
21 6780 6068 4153 506 7882 7558 5514 8237 5556 1042 9363 363 8704 5418 1244 1793 1021 4189 1052 6585 8163
23 6767 6004 9104 6356 5344 5679 9230 7368 2414 1026 3878 1375 2459 6837 3440 9745 1153 8707 9956 296 2423 3719 4750
20 6044 874 5711 1902 2673 7679 1431 9103 495 3980 6077 4762 3769 2824 7526 2249 5469 8923 1983 7758
26 4056 3024 498 2000 704 6946 6161 8148 953 5026 9541 7285 7543 7976 6637 868 6626 2258 9488 5960 5845 4841 2224 7424 811 3386
26 2531 6239 5347 6261 5695 2075 9992 2557 3645 1834 1753 4359 9548 745 9059 3517 7128 8912 6624 4670 7544 6195 8205 3327 2411 224
27 3410 9401 9815 9064 5050 4371 4347 7501 9361 2218 7237 9460 6945 528 7893 4816 340 9399 5940 5927 5447 2503 8861 9 6978 472 3259
24 5881 6155 8133 4953 1250 2505 5031 9074 7542 6253 3672 9022 2139 5233 2084 9175 798 3911 1044 911 6991 7742 325 4186
21 1879 6206 7874 3583 5375 9964 230 8063 3 6444 3078 5640 4631 3000 8886 9398 2262 3460 5248 6322 8453
17 8086 4255 6764 9171 2119 1098 3694 3767 7741 6124 5820 5691 9606 4994 5003 4339 4476
26 8189 9965 7737 611 8951 2377 5764 2468 8624 112 8621 9533 8199 2030 3823 9204 2699 2872 3407 3248 3275 6096 4305 9936 1454 6257
25 2828 6053 5621 6026 9842 8324 9975 7829 1045 1981 2621 3501 4044 7326 5565 8673 125 803 7012 4362 7295 7218 9585 455 590
26 1794 8203 3475 9182 2613 2011 8214 8159 9000 7594 93 6692 5925 4389 6315 3953 925 5013 7827 5613 4283 7676 7297 7310 424 181
24 7849 9503 3921 2600 161 4798 6962 6566 9015 4060 5292 6940 201 7107 6219 5980 3431 7038 2588 5822 5935 31 4220 710
19 394 661 3411 7787 2781 4664 2388 2192 7222 255 6908 9480 2237 5463 8340 389 5825 5592 6127
23 6269 7792 9696 5719 4659 7777 5087 2547 1198 5527 3339 5104 1682 8048 3164 8859 8756 1517 73 8090 4927 1909 3279
24 6843 9274 3083 5511 607 775 2966 777 4263 9444 7734 3152 370 2215 577 3730 625 6732 6954 9898 1636 8080 7235 5571
24 5027 9412 4920 1755 8379 2675 2054 3811 3474 4718 8649 1870 467 6859 5175 2405 904 6388 9443 9590 7539 3702 5604 1261
23 7709 6164 5686 1835 6589 6491 9031 6301 6290 5042 5117 9821 5106 6628 5118 7105 1126 9885 1495 6482 9277 7011 2597
24 7188 6168 3544 9179 5913 9284 2122 5519 5278 8590 1516 9456 1666 5772 6040 4721 8769 3683 9243 8867 3898 3522 1456 1343
24 1332 3601 601 9130 4930 6359 5824 3851 3782 4121 6378 2684 5984 6086 9119 3815 9995 2347 8230 6285 6019 2656 9937 4241
24 4475 9469 9947 7686 7548 2187 6737 6907 319 7004 5880 5308 8817 5019 3360 9053 337 6781 593 5773 5316 1452 3718 8235
18 7064 4935 4285 9314 6009 4089 6067 9687 7262 5651 2308 6362 1858 323 2131 3945 6993 437
23 8213 2230 2216 5495 9742 1459 4734 3772 3182 6366 232 77 6204 6478 5186 4252 571 4427 9854 1303 4242 1341 8740
24 8787 4575 3875 1111 1294 252 4871 5105 484 3267 4992 3660 8584 1711 8828 5200 4271 6992 2779 1878 5024 360 1087 6479
26 3697 3461 7000 6398 1355 3759 3429 8603 5708 3443 3340 37 1154 1229 5416 5595 6215 5438 7607 4577 7981 182 421 8647 8078 1887
22 4536 965 9353 2937 5622 1660 402 4358 1073 7505 4712 9293 591 5330 1744 1881 6074 5752 9960 7568 2449 231
27 6656 6875 951 4481 8190 2314 8687 76 7149 4688 1988 2017 4597 4322 4370 9531 2028 4304 6586 3804 7300 5869 6702 4399 4977 579 391
27 1227 9666 6922 8575 529 1152 9539 396 5001 5630 7627 5730 6714 676 7032 4334 2149 7670 3034 7308 3766 4484 390 4383 1014 4506 9131
27 7293 3773 9804 6196 772 4552 7873 3859 5301 3924 1123 8431 1065 9194 6811 154 5696 1361 9096 2487 9404 140 1398 2905 383 9259 1923
26 2324 1142 7172 753 2385 6082 8631 9950 7508 8562 7142 6495 3455 3521 1707 8885 373 861 8132 3698 7983 901 3871 9095 3284 8710
27 5971 3989 5663 378 4366 4278 7794 8760 2078 1814 1850 4188 6469 2785 450 5945 192 6050 8408 7426 7336 5972 2450 763 749 7824 1247
23 6662 8832 6058 2323 921 2969 9370 9667 6451 4651 6167 6281 7871 8676 3412 9188 1732 5762 5283 1899 5812 5294 2586
19 1447 2957 7870 1977 708 7513 4159 4566 6619 5532 5908 8569 7330 6564 4142 7059 6614 6441 7404
27 3333 9320 8803 8187 8273 6784 5310 4800 865 6898 9333 9142 5862 1538 3881 6075 4253 9905 3348 7776 6796 8100 5242 8797 4126 7896 1562
22 1194 1908 4656 9068 5803 715 6041 395 9778 2501 728 5166 6777 1782 4187 4053 7835 5325 2165 1074 4909 8870
22 2296 8274 2896 633 1985 542 6915 4856 6678 7125 4876 9017 4201 8399 6010 3131 4416 1726 8488 4741 4311 3631
20 9733 6455 4826 9116 2653 4888 9652 9720 4892 2125 7599 1622 941 5430 9582 8777 289 3265 86 8119
21 6529 1363 5240 7922 5124 425 1561 6064 2268 836 3438 787 3382 3151 5378 9178 2822 8468 9711 8332 4592
24 1883 8370 9575 3701 7535 2115 4062 3450 2444 6312 7192 6539 1750 2757 7238 1505 3806 4448 7200 8913 9290 6569 2090 6271
22 7455 7927 9757 2060 5866 5962 4249 4675 4692 9384 3613 8197 1298 9034 7304 5843 3273 8908 1129 9198 790 3975
24 7711 7638 9680 7494 7276 4724 4247 1197 2958 2402 8767 863 6996 8986 6561 184 5823 1754 7989 3492 8648 6968 1951 2441
21 6794 493 8653 2217 9265 5014 7207 365 8793 5625 8347 5132 5475 2120 8655 5791 7349 3942 7673 794 3286
25 9820 1030 4830 2741 8523 1859 8820 5040 1861 8976 9722 4881 5140 3704 1623 7199 6354 7593 597 3452 7269 4901 7138 840 9915
22 3049 6756 9549 2140 5766 9570 5260 7145 4550 3992 9919 7588 3061 5336 5412 8663 4161 1467 637 4731 6465 7641
20 7140 5049 6413 4205 2979 4699 8610 3496 2151 7560 4460 4810 6154 6878 2158 3324 6108 8888 2280 170
20 3655 8902 3740 9429 8228 7729 4353 2057 7918 7090 2721 1351 4684 7541 8215 2549 8240 9184 6147 6518
28 7186 530 2440 6446 2105 4400 3867 1330 8871 9987 9534 6187 7939 449 3873 7072 4001 9605 8388 3118 765 6468 7126 7395 5368 7946 4040 5944
19 4877 3396 483 6402 159 3839 584 8598 3277 9894 5734 1092 6577 5142 1426 5894 1301 1579 9227
20 3546 2511 9109 4171 6893 876 1930 576 5072 9902 8335 3481 6303 3996 1708 1354 8683 4149 1898 3679
17 3245 3334 2442 9617 6956 546 7984 3085 1748 1695 7153 4797 981 440 4162 2608 7467
24 2589 6192 5212 3036 9923 2527 6268 2248 133 3847 4075 453 2563 6318 1444 4514 609 2858 7660 4392 5922 5623 1327 1009
24 7810 200 1186 6584 9972 3952 5123 9584 6775 8383 4518 909 1145 5357 8200 5518 5190 4676 6401 7530 259 9782 6789 465
25 8029 9012 2112 4913 3657 9980 4111 5094 2205 7781 4878 8361 2700 5271 815 6464 9728 6092 8880 9660 8096 5688 3042 2243 9329
23 9046 7406 8285 5779 1281 9062 7903 355 9155 946 149 3010 9218 824 3820 8417 1099 3456 3464 2094 6207 8612 20
30 19 3865 2425 5054 7901 709 659 3691 2766 6683 7148 3470 3009 7260 7551 5796 2688 2708 7420 44 2066 1607 7485 8223 7369 1837 2583 2221 3110 4243
23 6654 8574 6128 9018 660 2126 2260 3146 1568 1424 1394 7100 4804 9181 7932 7280 620 5246 3914 791 2196 5455 3850
21 6189 9267 9769 5234 8259 81 1193 1598 8550 7440 2715 4454 4565 8526 9350 3711 6230 3100 4530 3028 2770
25 1414 9602 1233 3420 8504 2404 4195 6460 7726 586 4012 7094 9748 5128 2389 2226 6549 1360 8053 9887 2877 7863 9369 9635 2840
22 8783 4194 448 7994 7816 7316 9324 2863 9378 1772 6325 6226 5327 8002 2638 6472 9339 145 7051 5889 4018 1304
28 3527 8573 4558 8042 3802 9900 4828 8533 4209 8547 4899 8544 3045 6061 1770 6289 3419 3649 5873 1157 9794 7348 299 3995 3533 6635 5058 5471
21 6502 5006 7572 5158 6089 4441 5064 8883 4204 4388 322 7875 4191 1155 2692 4509 410 9493 6158 1293 8582
20 9166 5890 6012 4029 9242 97 4965 3135 9337 7782 3330 574 3125 8499 4284 9525 8321 3671 4723 7899
26 2603 5189 5955 982 9546 1189 8984 4031 7573 1466 3846 683 8903 6137 7292 9275 2334 7378 5053 6894 8608 955 7343 2847 757 4158
28 4873 9556 8146 6141 1352 7315 9566 9623 4282 2383 2808 9490 2213 4710 8247 8362 4732 3018 1916 7185 5774 8568 6358 4995 6998 2623 3255 7182
21 6139 4910 1997 7382 3993 3290 5809 5481 3174 3269 9366 8304 6249 3365 5570 3179 5251 2993 7219 6433 5857
23 8489 6669 4410 6729 8094 969 9837 5462 4654 4562 5715 7790 2204 9153 1919 9365 6017 6028 8142 3819 9507 8552 1378
23 5227 4164 5712 208 896 5701 9440 3754 9694 3285 1396 6038 2039 9442 213 6490 4039 2162 605 2574 9601 1586 4716
23 1838 9316 5732 9037 5457 979 7894 6642 4625 6833 8833 8524 9739 7974 2584 8668 4822 9032 3890 4998 6148 9993 5390
21 8149 5369 3602 9164 8546 3905 1756 3392 2956 2644 7653 8680 7345 7333 160 988 336 418 4510 4231 3347
19 8630 4233 3632 4101 1324 2368 4895 3044 1774 3039 9583 7352 5589 8875 6499 101 7057 8884 4929
25 567 5996 615 7434 5287 8243 9288 2206 8901 7341 4777 5391 801 974 7377 5203 8805 4751 6828 1279 3274 2259 2100 2839 3643
23 696 9813 6475 832 4123 9272 2885 5372 4086 936 4569 8415 2749 4960 1237 4923 7625 1070 33 3250 1969 9146 4553
