3 2735 8227 1582
6 6689 1227 8713 6879 3635 243
12 3090 6654 661 6711 977 6886 9564 5405 2809 7532 397 7809
12 1209 477 4233 4299 4250 9116 3818 952 9028 7207 1417 6190
22 6466 7455 2523 4920 3915 9872 9761 6407 4130 4398 4397 5074 1389 9077 4219 5929 8961 678 1402 1702 5479 905
16 5018 3245 4635 9382 7277 5267 7665 1443 9408 6094 2264 3372 6641 5380 9780 6583
19 9313 3294 9666 1200 4558 3319 5495 6313 5045 1257 5564 6056 4539 9299 3428 2017 9318 9170 3060
17 2519 6794 5049 318 313 1152 8324 6374 3675 396 4247 6677 6680 8661 5000 1011 7674
20 549 7320 1995 9575 4409 531 2831 2187 9101 9222 6882 4775 6681 9574 8460 2715 1850 7802 6282 1432
10 4525 1194 5377 3807 9410 2857 9822 2547 8111 5492
18 5934 658 5517 9696 1550 6356 5228 7856 7315 3981 5619 6562 3534 3963 9709 776 8863 1918
17 4679 3119 3970 1109 2966 1716 6838 893 2841 3436 8807 2596 7189 1989 4212 7652 7480
16 88 5971 8447 4207 2825 2171 8038 724 8760 2218 8025 8074 5958 3832 815 3242
15 7109 8254 8609 5952 2072 7873 516 8494 4394 2078 5470 2644 7653 8680 3828
17 2465 3546 4200 4349 2967 4806 4645 5913 7466 6279 7407 8928 862 7796 9592 958 1000
23 7957 9406 4575 8338 3375 1627 2741 5853 6422 5803 3867 4853 8864 5039 7266 5692 2861 7392 3130 2789 6528 2205 9268
5 519 7293 2915 9927 4476
11 4309 1838 5466 8410 1601 8187 6244 5437 7493 6515 4337
8 5970 8783 499 9754 4985 2148 9085 7090
15 4839 7140 8277 5757 7554 9511 146 9981 8938 5100 118 1589 2393 959 8253
18 5324 1414 6168 5090 1792 2600 986 595 643 8945 9859 6114 8749 1217 6612 4878 2500 5786
5 719 5352 4034 105 9377
20 606 1447 2742 6409 4291 2927 6809 300 2075 2025 7987 3610 5442 8268 4688 9043 3011 5360 8829 4012
16 423 1883 8979 1218 6058 3542 5453 7448 2675 5809 8239 8431 686 4915 6478 7160
22 1776 8020 1564 8637 4376 8128 376 8176 4300 244 2810 508 137 9006 304 518 6036 3045 7974 2584 1450 4370
8 6031 7097 1686 3117 3261 2095 6344 1855
7 187 1228 608 498 4396 6601 5982
10 6663 2603 3424 5017 8747 1884 4485 7043 4006 628
20 1066 2324 3176 839 2639 9135 8555 6956 3952 7187 1198 3157 5094 5801 5559 8738 7327 3331 7353 7047
9 5335 2296 5710 8448 3616 8368 9138 2288 446
6 8175 8965 9392 9080 6810 7025
6 1560 3826 2642 5182 476 8397
19 4758 3540 4196 3544 9524 607 3940 189 5394 7898 1383 7939 6308 4188 1822 6030 8280 4903 7853
12 3817 3333 4084 8464 8155 8259 9742 3623 3829 2907 1695 3955
9 3580 3148 7355 7149 242 6604 3511 3391 8473
14 6252 984 1864 286 6727 2141 4821 8293 6444 4912 4970 7583 5589 9839
17 1273 7612 874 69 3885 3051 8353 2640 7729 8820 3722 8911 9462 877 4809 9664 9295
14 7499 6662 2975 6420 9002 475 6089 4415 8895 3877 594 9293 4198 8172
6 1867 6745 5756 1182 4588 2186
5 7965 3655 7927 9349 174
18 6822 1512 2681 9487 9512 2551 6132 8800 6746 8159 387 8064 3323 7734 9400 5921 866 5139
19 2432 4877 6164 9586 7883 5601 9068 4798 1412 3843 4117 1429 6930 2909 5373 1905 4125 7552 6600
19 7070 2424 7428 3462 6550 9341 708 9539 1101 8631 7361 5534 5907 680 8344 7798 2552 6077 6175
13 1178 1977 9570 1311 4871 4937 6548 2504 214 5484 3379 9244 2868
16 3055 7398 4833 7574 497 9497 6062 1872 2515 3710 3425 9328 754 4843 592 8599
23 4742 6529 9401 8382 6413 6739 2937 5866 7282 6476 7515 9701 9823 7726 3924 4073 279 2956 2299 1629 6854 2360 8010
6 8890 8345 50 5966 1678 3506
9 6002 3708 7926 5532 4092 1921 2871 2688 9855
4 8773 7940 692 4471
3 8292 5991 7678
4 672 7810 8967 932
11 7475 9820 7585 4153 830 5650 8876 64 1862 2866 1836
10 8477 2297 6910 8540 936 8616 2268 4852 1786 3684
15 5235 8149 6155 3105 3191 2060 3435 9364 3622 8956 509 4224 1875 384 262
6 6277 6139 1530 3017 7444 1623
10 2720 4873 3572 4863 3615 1845 1537 388 4301 1129
16 9409 9166 1251 7446 4115 7232 5422 1355 4063 5914 4074 774 9193 8336 7272 2063
21 2920 7711 965 3717 1272 3502 2732 3098 3099 4828 52 1179 1960 8547 4357 4009 9163 9863 5032 2873 7753
21 4094 3049 6068 9631 1777 832 8191 2673 546 4270 7715 5076 9980 2921 8366 5664 151 5154 3027 8399 6588
9 3629 2166 7379 8973 4441 138 1787 8788 4700
17 677 9733 1100 212 1491 9477 6009 4089 1211 7830 1199 7132 5472 8126 8817 3525 2485
21 3607 3409 2626 9144 9757 8796 4585 4643 6618 425 5099 5289 8027 2713 4266 7077 4459 2139 2995 5448 344
16 9679 7864 8978 7557 8682 992 9276 3122 7562 5323 8987 9908 575 8906 3508 7930
10 1097 1407 9412 7255 656 4659 292 9165 8303 5272
10 5497 7186 1778 3292 7106 5880 4517 9667 8584 4368
20 9752 1384 4194 7580 6474 2409 6580 7746 3609 8510 1799 9300 7724 3121 3079 1392 9403 7960 7447 2367
19 6670 7156 2957 1260 3398 8403 8804 7118 1768 3624 7267 7368 3893 4312 3873 2190 7797 2093 6707
18 1757 8484 9495 6922 9450 4914 4555 2404 7456 4969 5684 2910 3135 5391 9384 8127 9113 6661
20 5440 3918 8892 2440 9345 6652 8671 2665 374 3203 7048 1330 2054 7167 3992 9919 8916 7531 7142 8402
15 9514 5218 2230 1518 507 5830 2505 6737 7316 1008 5933 4651 7529 9911 9868
7 2571 8630 4170 3381 3536 5687 9245
12 563 3338 8220 6243 4209 2479 4777 9917 9278 2016 5098 94
5 6381 9347 1363 3614 2486
17 9003 8932 2335 7086 7323 9164 1835 871 7275 5910 9270 2796 2189 8475 5984 6086 7591
10 3549 6404 7768 1843 7698 7211 660 4709 9044 389
8 4601 8029 5890 5699 3840 6985 7684 589
18 7657 4387 7546 5347 6729 646 2817 1494 9505 1259 9844 8051 2229 8291 5097 9221 4000 7844
13 2015 211 5426 6178 1476 1264 2614 3031 1876 2175 6543 1457 2555
23 8708 696 3601 4720 6498 1557 169 4749 8806 2790 9837 3146 3450 8105 7587 3449 5104 77 5271 1974 8498 9959 2832
17 5860 2589 4164 4807 2982 6024 8412 5260 8229 3646 4221 5670 6920 8099 2834 8946 4218
5 8758 3430 1797 7284 1706
9 9847 8290 8784 2497 4957 3493 7135 1143 8478
9 2883 8557 368 1325 5052 7582 1493 471 7280
14 9913 5954 4704 704 3669 6161 1393 8225 6880 6682 8976 8359 9060 2283
21 5445 5615 5369 655 6352 3047 100 9429 907 4477 3901 8407 4787 9881 9056 9421 2437 7507 2950 5080 8047
15 9976 7028 5006 4686 5158 9100 2240 9639 9229 6462 4543 4359 9548 9583 3452
18 4078 2942 8574 7876 3666 1667 8504 5088 8300 7604 1220 3895 3584 8904 3077 894 3962 2430
21 8310 3527 5189 3073 8856 9182 6480 2543 4989 4236 5329 275 8383 2829 543 8166 9643 8748 8750 8015 985
8 6916 6189 2293 428 5719 6538 2776 4027
19 4008 19 8774 533 3116 4990 5622 1644 5064 4406 5042 3593 3139 8692 4460 3980 8360 2256 8689
7 9888 9046 2711 1527 4088 7464 7291
21 6263 1637 7224 3200 6742 3414 8188 5576 6081 3305 4302 4472 2417 4582 232 5026 8833 3455 1187 1632 9122
10 1305 567 8548 9926 2992 1634 7386 4966 1246 7071
13 6815 4984 530 2783 5054 2781 921 2291 2164 7145 2645 458 8553
21 3307 789 9030 9634 7494 4986 5695 3451 6237 1912 8339 2534 8186 4685 5862 4335 5309 9212 2712 6704 9211
3 303 3358 4773
20 4071 7198 697 1655 9464 1281 3759 649 9228 2760 1448 695 3498 1714 1597 9774 5320 6827 3000 6429
14 2316 7108 2330 7822 865 7624 2601 5143 3470 1235 6505 8335 3481 6660
8 1335 1784 873 412 238 4730 5851 6145
15 2917 7287 3865 3833 5593 2343 3432 8511 4378 3182 1681 5565 9298 547 5969
16 8731 3579 9267 8816 3842 8034 7209 9972 8737 7274 1947 6203 6769 8153 9181 5979
11 8878 8274 7434 6048 896 5838 560 4195 2290 3230 101
18 1138 8302 245 9815 2916 3057 7548 8597 5579 1595 8644 1051 2835 9785 7672 4135 4745 3959
18 9619 1113 4630 1233 7380 225 1745 9962 7301 8505 9167 6684 4106 6974 5625 5349 7538 7800
6 7013 9231 9718 4964 9683 7331
19 2061 7889 1142 5957 506 3054 4021 6247 40 8638 463 8620 9784 6116 173 2398 801 5195 9506
19 5086 1170 1697 7000 4656 5642 1294 177 9900 886 2842 4776 408 1320 4947 7063 9470 8439 3738
5 4058 699 1869 306 4811
13 4618 6502 2143 502 98 4101 6647 1480 8645 3851 2234 3225 6687
4 7929 726 364 7153
14 5300 7114 9320 9830 2934 4940 3169 1942 1016 5317 7635 6802 814 2380
6 1315 817 4910 1904 1 7110
9 9707 5727 513 4048 7630 2670 4567 2285 5383
20 7429 2233 8370 3083 5240 5917 942 7730 9156 2220 1197 4802 5340 8544 8470 9185 5767 1941 3967 6938
17 7861 9090 9965 4064 4782 8831 6512 8761 969 7764 163 1907 8307 5999 4893 5180 4420
4 4059 7687 7804 8819
22 5192 3197 4935 6473 2442 5135 8882 3775 4045 3373 9288 3466 7857 8551 3661 3894 11 6774 9079 1690 4336 1656
17 5299 3005 6206 419 1628 761 7245 1631 775 7679 2977 3731 537 8325 9233 6928 5478
7 6783 3147 8493 4111 5040 1861 8605
20 7401 9402 6669 5212 3565 8768 633 7134 3429 5608 4426 7488 7237 8169 357 6167 1302 8264 2381 3355
16 4855 8489 6741 7102 2577 8615 4344 6359 1297 5709 2359 7904 7016 9009 9957 4524
11 7463 7435 6786 6265 8868 9681 1902 6213 97 7122 5141
18 3167 3596 277 1240 2570 4035 9262 1256 7066 1338 7474 130 6848 7900 5804 8917 8284 7061
7 273 6485 1489 5535 9252 3330 5019
19 3444 3249 9503 802 6903 4205 2979 2884 8869 5033 9729 461 5041 8764 3714 8576 8476 1945 1119
20 769 5227 1674 6836 5712 8059 241 1487 3393 7812 352 6103 4282 7920 7296 3339 1468 8593 8437 7362
13 3696 9109 5835 1891 5155 9230 3141 4499 7024 2341 1747 8039 217
17 9305 1492 5089 718 7934 6537 1509 2128 4347 2011 9694 3285 9143 6692 3269 8954 6847
16 9563 9852 3068 6012 164 3082 7816 3746 8288 5302 9644 1814 8545 5956 6234 8824
22 2247 6123 200 8536 1685 9127 2394 691 9655 847 8659 8926 9420 2438 683 515 9767 7781 8725 3212 449 7015
13 4377 666 7534 202 3597 134 9490 6204 6469 3351 8129 9572 2549
14 6412 4208 8573 989 8791 354 8151 9833 8780 1748 3694 693 7620 2768
19 713 9864 1245 9684 9234 8263 8075 599 6301 4515 9994 8140 5708 8550 2213 8920 3484 4925 6184
19 2135 6150 9869 6818 7152 9158 7697 9950 7370 7727 7689 3547 582 8513 153 3878 1953 4155 9515
7 2949 1609 3291 3227 6102 4608 1763
3 700 7948 712
17 8703 1323 4624 6645 8529 4636 9624 8603 5462 1591 1236 5911 2762 4681 420 414 5333
13 117 8711 867 4784 8097 928 433 6375 3561 6130 8997 8181 8596
16 3442 5491 8902 4016 2333 4854 6698 4328 1710 9370 7334 249 1519 3979 7419 3178
5 7913 3475 2181 1146 884
14 6695 190 3773 1326 4493 494 1458 2875 2121 5481 7363 7403 8115 1298
20 1543 1605 1421 511 5656 9923 6719 4356 9963 6865 7793 1012 1790 8883 7164 4217 9428 999 7497 1007
8 6831 5808 9556 135 3554 849 8306 6521
8 6901 3640 3362 5417 7750 4033 22 492
12 6403 1949 7477 629 7081 9632 9611 897 459 7817 7453 7264
9 3156 9935 457 2382 7246 8951 3205 8968 1085
3 2384 1411 6801
17 8518 9405 6304 975 3445 8035 5279 9440 193 4293 281 7754 7865 4892 4263 613 3438
7 5769 3276 9274 2904 6021 1430 2591
21 9393 3236 8203 2399 3795 6340 9617 1453 4617 6098 5451 3673 5256 5201 6059 9157 809 6565 6431 3908 9826
16 7040 8458 6200 9657 9457 3215 2386 1098 81 3496 8646 6820 3115 2129 3234 3088
19 3855 3651 6410 9104 7884 2207 7256 9858 8617 6163 4879 5310 5700 9810 4942 4430 3154 556 8004
19 1515 8425 4184 1986 5511 3789 9678 8523 5193 7037 9441 3454 5314 9110 5313 4276 909 6522 8526
22 3371 9473 1121 7602 2167 6305 4913 6593 6248 3997 9724 5569 8450 5262 366 7298 2931 1463 7542 4382 4765 5993
6 1992 6849 2118 1997 6293 1817
6 9325 4583 6756 4826 3936 3911
11 9675 8158 9845 8653 8546 3905 6775 3699 3763 5171 6382
12 6198 2641 9316 284 8681 3879 7203 7010 1968 4249 2373 7147
13 7928 6135 9627 3739 7882 9062 883 5062 5133 9023 1914 1395 1626
3 8670 6793 6995
6 6807 5387 7347 6904 2960 7773
21 4435 7512 5554 6029 8348 7916 9263 4699 2558 1117 5105 21 1819 7819 6083 283 6777 3707 4086 1906 4513
4 8640 8262 5480 9921
22 3869 3257 5636 8285 5620 9064 751 4541 709 1110 9516 7629 3845 9264 8212 6982 1275 4549 6459 9748 8317 6999
7 9449 2031 8955 5690 2652 3930 5903
20 4307 2738 6053 4830 9751 3102 6587 3465 2374 6345 395 3474 2535 5872 8400 5249 5577 3392 1618 5164
20 3253 4693 493 290 9819 6196 6270 7642 4724 7197 8486 9073 2086 4566 2498 5031 6540 9933 632 6790
18 375 1013 3317 4228 2999 5287 8243 5899 8014 1391 2568 15 1283 1345 2506 9355 7520 2003
18 8329 3575 6804 7236 4705 2997 141 369 4113 4211 1461 1104 890 5635 2144 7099 7921 1925
15 474 4414 1524 6710 9018 671 3190 2745 8245 2439 3625 5986 6578 8048 7377
14 5868 5358 7638 9485 9743 8194 380 4213 9496 4714 1531 2901 6443 7909
17 1105 1111 422 7278 2406 5514 2612 3075 7222 7645 6437 1516 836 67 851 8927 2038
19 1040 2788 5425 9562 2731 3721 2578 4888 2108 254 5941 7749 6726 8903 6137 7549 3142 6014 4187
17 222 7993 7314 35 7438 9604 7808 6460 342 8373 17 1501 9630 4388 8841 347 4719
14 1005 7129 5996 9633 8991 7034 6026 1232 4503 8990 949 8316 280 9287
7 9550 3325 7762 377 4824 338 1844
9 3555 5858 3541 780 9314 7759 767 872 8235
2 1135 3767
13 3578 7113 4353 1820 3606 4055 7389 6240 7626 2903 5904 5035 9594
5 5424 8024 3779 1399 5813
6 5693 3608 9072 6556 4235 8875
16 84 3311 2495 8219 3583 6216 4593 4744 6850 5211 9136 736 4442 9946 6667 4118
16 9140 9463 4665 1994 1580 4297 4652 85 159 9458 1521 5915 544 6905 2557 6463
18 4894 7891 7373 7686 6078 4371 7761 7829 716 2246 5864 4096 6488 1743 2996 3483 3551 7121
15 920 1803 2184 5725 6839 5073 4062 6888 9884 2580 5550 7871 7012 2085 6948
15 6706 7020 2198 5566 1873 753 2653 7988 2122 8857 5556 7521 5681 8656 6509
18 9799 9649 2401 7572 6749 3220 9202 4605 8101 9232 4939 816 9734 3150 6513 2892 5738 8006
7 7956 7329 8198 9705 8772 1529 9732
7 2559 8736 1030 168 9289 3760 3503
9 5717 2123 9385 8079 6034 7162 3315 1004 4796
16 2695 9452 7372 935 9180 2930 5374 8809 9687 819 793 3399 6025 855 198 4573
7 961 5213 7779 6319 1322 2068 2528
21 372 1406 9602 9628 6634 8795 1733 7342 5861 7770 4159 6389 9333 863 5292 731 5220 924 4053 8050 2226
9 7952 3208 3947 6475 2651 2900 5124 9346 3926
7 3654 5284 6539 4237 1999 727 5925
14 768 8073 1206 7924 8428 1603 3999 319 7566 6730 512 2279 7385 1780
19 24 739 4112 199 9871 1222 3732 3958 2126 353 2314 799 2468 3163 8026 3078 8810 7675 96
21 4090 6329 2511 5120 846 7922 9576 2355 7513 2174 9226 5372 3799 2607 6619 5768 6451 7599 1622 4831 7408
20 9084 7210 4815 5892 9190 572 2434 5082 3770 382 524 1396 484 5023 3241 6047 991 3214 2590 4500
18 2869 5743 5295 4869 1647 5433 3784 9731 3247 2648 4689 7806 929 5004 3447 946 3387 3081
17 8962 5237 4421 8146 6425 5012 6261 1346 9809 4105 4907 1069 9038 6211 7935 5715 1027
6 2356 1773 3396 7567 4602 4887
12 4637 109 3989 6338 5621 9538 8037 8652 8981 2702 2541 5965
21 4150 1024 8309 5663 3036 5263 4607 1436 2388 5021 7872 9800 9351 6312 8242 1870 3352 3195 5882 3628 8392
20 6115 1438 7792 4673 6563 7092 2696 3345 6082 1943 5567 7680 1123 6622 7130 4486 6800 8362 2757 9591
15 3988 1630 4255 4666 9118 4123 9177 4227 3499 3874 6699 8492 8218 4468 4191
19 5885 2536 8328 3411 6316 9620 6648 46 990 3258 1930 7712 8063 9376 4232 8691 5785 6860 1017
3 311 3539 6644
20 4379 7471 8832 4482 895 9537 9035 4384 1062 1779 7843 6596 5101 4921 37 9368 2632 8165 1265 5590
14 7399 4706 9255 7196 6762 8266 365 584 1551 104 676 7418 5558 2295
17 541 1372 1588 2605 4020 9419 66 3513 4696 9812 2680 5959 1911 7440 6235 3145 9848
4 7561 8586 2718 788
5 4143 4781 1002 3685 1339
16 568 6457 3368 7085 1684 1046 8595 4552 1309 5070 8721 7004 9541 3256 3342 517
22 4494 6493 9813 4246 9625 2952 4171 6380 3839 7907 8506 6120 6696 8705 6861 4457 9480 1371 213 6490 7292 9235
17 8950 2512 482 4202 4587 6182 9033 1250 8970 967 3211 9240 6165 434 6146 3061 5754
11 6228 2357 8462 2717 5679 6953 740 6816 7999 3689 7003
19 622 8376 5540 640 611 3366 7276 120 3657 230 6391 9378 5389 9498 6722 771 5810 2494 6561
16 1833 7230 1959 7787 7208 552 1181 9070 5014 4638 3271 6064 1638 857 3299 4646
19 6541 864 2973 2338 6402 5043 8909 8687 7573 3765 6223 2370 9292 6970 1337 9939 4165 8651 6351
8 6961 4260 481 6128 4520 5597 6079 8496
19 29 9052 9806 2216 7628 529 7019 2045 3896 4834 1532 2179 2040 6683 1979 5233 1116 2414 5071
19 1664 6658 4794 1908 8940 8379 9948 7169 9027 2035 9238 5824 7866 6824 8745 2611 9092 4351 2222
7 55 3990 1208 1416 1832 8471 9788
9 9523 1860 1177 7337 7840 1369 3062 23 3071
19 9216 8459 1267 3058 1175 4372 2771 2661 9195 9357 636 938 490 2694 9821 2137 2560 7718 9050
12 9283 2538 6296 9640 9795 8575 6638 7912 6744 2749 7449 1434
21 4842 4885 6208 4029 9710 2304 2802 4327 9641 3228 8662 8017 918 2109 1541 6915 4535 7313 5805 2587 1486
3 2576 7325 362
17 4948 6159 9944 448 9179 7732 1738 5603 1299 2972 9208 4628 2765 2756 8532 528 3076
23 4346 7180 7406 6942 6764 8995 1239 3785 542 9438 7221 2241 4564 4840 6833 5529 8136 6366 5552 7790 2242 4845 6447
6 1888 6199 209 9251 6397 6432
16 734 1984 9469 3050 8989 3663 1676 4163 9849 6921 7009 1592 6414 1976 7285 4650
18 3149 9920 5516 1729 4481 9546 9394 9284 1433 8598 4075 4251 3262 171 2311 3336 9431 335
3 7119 7575 1670
7 4214 5034 332 5156 9209 2385 1880
11 7862 9636 7901 3530 5782 2037 1308 800 4440 1854 2844
15 157 4428 9282 3816 6503 4544 348 5557 7176 1831 6452 4533 9442 1818 6325
11 2986 6884 4761 3114 9171 3802 2076 4497 659 3086 1274
12 297 1874 2209 7654 9015 9790 2837 9460 3013 806 7932 1816
19 1978 3196 8786 6220 3270 9065 772 7941 7143 6181 1071 4856 5908 5191 5522 6609 4526 5149 6157
19 3103 2079 2455 5955 5779 4024 7263 7216 7150 5994 6179 1980 7178 8933 3501 889 4322 7107 7201
19 5341 2714 7648 5686 6141 8112 4862 5400 9652 1271 1470 9987 8289 4899 2595 2634 6679 1596 4076
15 2912 8055 2657 4107 6173 8116 826 3434 3469 9322 1934 257 5763 8844 3223
17 3281 5113 206 1830 4613 1465 6584 8273 91 9964 4433 355 2319 3186 3356 5134 798
7 5716 5948 3910 615 856 2660 5653
15 957 8435 3188 5711 1474 3418 9561 6297 5301 8534 5694 4569 7062 5401 4678
19 6724 6735 6360 7683 5783 4007 5050 5169 2407 8533 1368 7755 2228 3574 5992 9533 8199 2563 3820
17 445 1593 6307 6718 8419 6438 6969 7191 2797 6268 8843 320 2561 7461 7260 8427 1167
18 3693 8566 5920 3906 8854 6336 2527 2415 6041 4453 4625 2024 7351 5640 5421 7326 4732 9899
21 2020 9985 2881 5539 5036 7041 403 1081 2395 8610 777 3308 4654 6713 9816 733 6940 7743 72 6572 1671
14 8395 902 4836 881 8542 8953 8193 1255 3645 4330 402 5502 2237 3516
15 2008 3951 4109 9105 5303 9949 4930 6013 5116 8237 8963 133 5658 684 1525
20 8406 4546 3334 9702 2482 6871 4326 9075 8827 9089 6134 6808 3213 7462 8539 184 534 7179 7886 5420
19 5598 9996 6202 3585 8085 9527 1349 8190 8485 5009 8801 4072 6085 9758 4518 3416 8361 3395 9740
12 3030 6924 8440 4003 4065 2693 2621 6231 4279 293 7782 1666
18 3471 8848 5541 7172 3453 1215 9466 1523 8984 8214 1364 3761 4456 6642 9358 9542 9867 5975
18 7141 3758 6255 1503 7382 8937 4880 3532 8585 6868 7610 2340 2719 3854 7076 7848 7897 2097
16 8102 5487 41 2305 6392 3433 9897 6333 2272 1428 2740 6975 5675 5419 3796 9363
15 8840 2899 1955 956 4629 2984 9478 6104 3570 7305 2808 1741 545 1042 6090
7 585 6110 3354 57 2754 4070 1289
16 268 5572 1221 9654 378 2919 6597 876 9882 4068 8150 8524 9739 4067 9175 4868
20 4495 9137 5771 2056 1913 5241 930 175 4623 9054 5770 6866 282 7021 4473 3813 5793 359 5183 9653
16 1353 8209 442 3199 2000 5724 2602 6331 2048 6898 4768 916 1328 7217 3650 5614
22 5406 5875 9012 3875 5602 6526 1352 5238 8851 6106 8918 912 5730 2396 3406 7708 7832 7914 1988 4619 8887 4674
3 8342 1192 5475
4 5649 3468 7693 2053
16 7640 4959 3092 8554 7710 5584 9889 156 6659 4278 8444 6386 8814 8974 83 7506
10 1528 9128 5214 2518 6454 5187 2217 7595 9019 5190
16 583 7704 6951 3602 3594 6101 7811 2115 1504 2023 2402 2959 9479 742 8813 2354
16 2941 3138 6125 1201 7492 3232 9836 7569 7931 1598 3127 2034 3847 453 5210 3560
17 8204 5112 3129 3108 3680 1496 6399 1660 6218 9659 5353 3925 3293 1277 4621 1446 2350
16 3025 6558 5748 6186 7579 6967 3439 8028 9160 8446 122 4060 4620 841 4234 1769
16 1735 8021 3603 7690 2140 657 115 8062 6932 3811 5163 1282 4591 3277 9894 4004
14 5304 1651 5887 2235 9738 6222 5452 8257 3085 8741 6423 3137 7615 1956
8 4829 5815 8743 7205 7384 1781 6129 9489
5 741 627 2074 2212 7139
18 5381 8739 1804 9769 1386 9492 2059 1565 1725 711 7516 7045 5386 7262 1394 3216 1538 8778
19 9979 6747 3510 2896 4139 8742 9159 8560 821 3133 8296 3621 9106 1709 6495 2039 6176 6758 1654
12 8559 6740 5562 3750 6926 1420 1471 6262 7046 1990 2325 6753
5 6321 7194 5568 9001 7018
18 3743 2006 2539 9549 152 102 6989 6716 9612 7080 9324 8767 1310 3674 3913 3266 1772 6720
15 9581 8699 1054 5732 3701 9375 2160 1583 4274 5526 8952 4734 9838 8416 5444
14 1269 6004 3632 3026 1106 617 9475 2044 3524 2969 4594 7614 4317 4052
10 6039 4965 1756 7879 3473 4454 4565 5274 9183 5186
18 8520 3029 7430 3022 1693 6643 3482 106 8798 3007 3070 3295 2874 2154 6785 1466 1316 5257
14 3457 5359 2690 6000 6398 1079 9242 5713 5962 2292 1166 6883 9607 1555
13 8728 5818 6192 9297 782 5107 3993 1886 9381 3155 1700 310 5127
15 4687 7451 7975 7867 2686 559 7344 8272 2107 9379 1639 5268 7352 5326 6131
16 3564 7553 5307 2787 6272 7745 6589 4664 6067 6674 4561 6038 1314 5778 3682 9593
13 580 9685 9559 2425 7662 39 8413 2065 8326 7125 2084 7192 609
15 6649 4537 9078 7870 3972 5428 5766 8094 8996 8815 714 3231 4272 4082 558
15 61 2436 4154 665 7190 92 9737 8667 1568 4470 6306 8141 9510 4950 6230
20 4788 3160 720 8823 1963 7994 7096 7633 4491 2043 7078 6806 3757 9783 6728 6436 4634 8334 581 5217
18 5161 9974 9011 6856 2470 127 8695 2260 2477 4884 1981 4204 4443 5002 4259 8314 4407 7265
18 6456 8104 3830 5888 6575 3778 5298 9388 1944 235 612 9706 8650 8960 8390 6055 6105 3935
17 8179 400 435 4028 8445 5660 1937 8500 7422 5219 536 2804 7627 4746 5166 1229 6226
4 6952 7116 5983 9798
12 7877 2026 47 5627 9610 2585 6893 7068 4244 2206 3421 4329
9 7799 4648 1276 9680 4938 7847 7777 8719 8753
13 489 4437 4848 951 8042 5799 9273 7555 2192 30 2958 7006 6238
19 9207 2838 8224 3921 2250 7663 5837 1859 2885 1348 1096 5247 2938 947 7195 4168 6675 3244 7581
3 8184 9763 4492
11 8420 6877 4080 9557 6825 7933 6962 6566 8125 1922 576
9 8675 2748 1970 2261 2799 2751 8992 9699 5496
15 6424 2426 4980 4050 8093 982 4595 2954 6197 10 2710 103 1342 6636 5350
10 5245 6239 439 5477 2041 2981 4532 1203 9968 3341
8 6160 7082 8346 8133 7174 2473 5553 4361
2 7468 8394
20 1866 8449 825 3783 922 2105 9647 9133 9912 294 8072 4916 880 1075 7286 5981 9348 9704 7072 878
5 3692 1734 3426 9483 7854
13 8578 2480 3754 8746 4642 9141 5305 2345 4660 386 3413 1058 5117
3 9121 5384 6532
13 1993 945 2782 483 3112 415 578 5221 8901 2 3039 9508 7990
18 3239 4511 6536 266 2180 5375 3326 5847 6416 4114 4498 2945 953 5519 5259 2990 2308 3198
17 9901 5654 565 9735 4403 4119 7503 2867 1692 3862 8871 3846 538 2532 9302 5385 1533
7 7911 2928 6327 4658 6814 5366 6544
13 9411 1090 8040 950 6703 908 8160 65 3550 7650 4647 8627 3844
15 1563 2132 6426 2248 7339 2309 2526 2089 4290 7402 3282 4701 5852 4960 6264
7 4882 5990 1010 6069 4137 5371 6980
11 5902 2791 7248 4973 8421 6346 9481 5792 9741 6253 6591
5 7229 328 4507 9954 5463
10 4066 315 7465 9254 7668 4450 7778 5632 3044 8563
18 6965 8426 8915 3566 4764 1553 9928 8058 9074 1679 9474 8067 9225 6552 6859 333 7945 3018
20 610 9246 5205 4285 596 5662 1331 4400 3165 9566 121 6379 3782 255 6908 6171 26 2358 6396 9119
9 7318 7346 5250 7065 6830 6897 8258 1485 261
18 2429 6752 3991 9804 5674 5701 2667 2525 1193 808 1464 6138 1045 6772 1720 3300 8281 3752
12 6633 4352 8998 9992 7894 7508 8562 9983 4248 1688 5919 9509
3 2278 2736 7376
10 2774 8792 5626 9712 4639 1846 7445 1896 7794 1067
19 9020 842 2147 6842 5234 823 1263 6484 4449 9192 4711 4851 1834 5364 4710 6187 9331 5482 5607
2 2418 7671
10 9291 7846 9874 3938 3420 8530 6705 1324 1023 2533
5 9626 7104 730 2573 5891
13 9187 5744 3821 2537 2245 6446 4318 4786 1422 5123 2630 2722 8571
3 8509 3202 7813
7 4586 5721 933 2663 7682 9186 7519
12 4644 2654 2270 7014 7918 5005 3 1296 1125 4512 8381 8845
9 2327 5332 2769 7502 399 3948 8881 1163 5513
12 4098 1973 4366 7414 6140 4805 4906 2400 1946 6174 4097 4954
2 7227 3246
19 6694 9306 5285 8614 2464 7636 8378 444 5764 2766 3509 3173 7560 4789 4316 7454 4144 2443 6314
9 219 9544 4717 6066 9967 4890 7273 4974 4754
2 2176 3774
20 1815 1635 3403 7874 1755 161 4958 6971 5844 523 4206 8103 215 2467 1736 5157 1885 6061 9584 914
13 3008 892 3866 6430 1365 6805 6832 6925 3751 4898 974 973 4262
10 5222 5500 9286 1508 8110 6280 4256 74 4857 2346
6 8271 5856 7637 9947 8192 3809
17 9670 166 150 7226 6966 3124 2706 6657 4866 5878 843 6885 4988 8958 9447 8347 875
18 2944 4661 5777 172 5503 3477 8785 9151 6907 6864 2383 561 9880 6829 6891 9725 3568 7547
15 6361 5393 3786 8803 7193 3194 3181 5160 5465 4924 6821 624 2546 4971 4963
2 3321 9021
3 3647 6274 5379
3 8564 6377 6154
2 7716 8231
16 113 3104 7243 1252 5291 8665 1985 8018 2565 2397 4667 3592 5630 1073 2431 3389
19 6913 3461 3490 4657 3038 8642 7425 8782 2156 3476 3556 7842 2978 3977 4997 4597 3960 3777 9029
10 6607 7117 9744 6523 1587 3290 4792 3648 7613 8572
19 3168 3459 128 95 6771 9130 3949 7387 4653 2948 8312 4832 4046 5587 6858 7735 3660 4578 6960
18 2313 8323 8351 3605 7442 6119 6133 8860 8164 485 4800 5879 2057 5486 1424 2478 1286 4333
8 1724 5746 2780 3193 9843 2793 8525 1171
3 5402 9459 6349
20 6900 4223 9543 4404 6076 1721 9623 4019 1810 7967 3314 3772 5527 7788 7651 4801 8649 8250 2371 6617
19 2507 3329 4502 7737 32 6927 6639 2377 1620 3798 3790 2846 7949 4121 3776 9237 1566 5168 964
18 5343 3976 3512 9042 7785 8030 7643 1459 7659 2501 4489 7007 4487 689 4044 9998 1624 4708
12 3667 1689 326 9951 5351 6357 5628 2753 2924 993 4528 2302
20 554 3384 7249 4733 5678 8367 4713 178 6579 7805 3909 987 9000 9553 2850 8109 8621 1796 9091 1140
9 7088 4467 7483 3404 8729 2687 7598 4360 3296
20 8587 9087 9805 8521 2856 2635 2077 9832 2613 1511 9132 1455 7984 7415 2191 6363 6290 5600 3374 2678
17 6418 9595 6003 1186 5751 853 7558 4858 7903 698 8031 4265 2062 8076 5645 7646 4849
15 9698 2106 7631 4703 9071 9199 5951 7837 7103 4031 3946 2315 8481 6542 2939
10 8698 3170 248 5816 2352 2178 8228 2362 4838 3297
6 6780 7357 8207 1723 8071 2767
15 6767 5060 2566 9353 381 8236 3636 9645 2556 9482 4559 129 149 2739 2911
20 6044 1625 8434 2036 330 7479 4331 3531 9248 6156 2906 7592 2513 4550 3210 1668 361 8304 8872 5733
10 4056 5510 6450 601 3537 2852 4756 4819 6610 7359
20 2531 1852 9890 8766 1863 4615 8118 9846 674 9975 5995 8830 4358 2636 6977 4190 859 7400 7925 500
16 3410 6851 8588 6984 6023 6251 4872 1643 5610 3691 4014 1048 9321 4043 2936 6686
7 5881 9768 5025 854 233 8108 2099
7 1879 4455 7666 4410 7685 5091 9569
19 8086 3024 1313 267 9037 1441 1746 6283 6367 7271 350 9407 1767 9155 3359 6996 9547 1165 4936
14 8189 6455 4875 4405 7364 7411 1169 514 7769 3507 6581 7510 7536 8318
19 2828 9691 8835 2112 7692 6896 2320 379 4981 9433 2452 2052 4978 7340 9902 1926 748 3823 8852
14 1794 5698 1640 5668 3370 645 4099 2275 715 7498 5176 4747 7998 6517
5 7849 2784 6765 9925 9708
14 394 9191 2649 9579 4944 3278 5083 5061 4718 3902 7101 9250 6733 291
5 6269 3849 5829 4411 9750
17 6843 2963 409 210 1910 5344 6491 5356 1752 8148 1612 2042 2923 8299 3841 7786 4100
16 5027 9851 8157 417 1102 7535 2453 4584 586 7341 1871 670 1840 256 1727 3161
11 7709 3891 3557 4953 9842 5170 1168 7971 9272 1061 9600
5 7188 8629 4867 4011 1744
10 1332 2520 5282 3966 2323 1762 5457 6672 7075 7992
15 4475 6875 4225 9613 8298 2173 9817 1431 7091 8516 8811 8779 5167 2364 1056
22 7064 2422 1223 1500 6615 2033 9134 6784 3793 5702 6757 934 2898 1292 1774 6605 1029 9941 4992 4982 28 6224
15 8213 271 3263 7312 1460 8173 2368 979 1561 2933 9444 1761 4902 7397 7330
6 6912 5008 2989 4690 2151 6527
6 8787 7677 6245 4245 1319 25
13 3697 3067 5507 119 3740 5069 7239 8244 1590 405 1882 2269 3187
20 4536 8715 9045 6567 7253 5409 2119 3974 833 6751 9361 2444 3201 1753 1291 9554 732 8567 7608 1853
6 6656 7319 3066 4141 1381 2088
