15 2735 1170 8574 9109 751 3513 9928 9424 1069 387 9790 683 515 174 8235
21 6689 1838 4833 3875 1792 100 6989 9132 883 5062 2345 1236 2016 5000 3908 8946 3472 7158 3460 259 9123
23 3090 7028 5214 9757 313 2240 524 9299 8004 4351 9877 7800 735 2199 6497 1916 785 1413 5531 9390 4795 3677 635
21 1209 8458 9543 1777 1245 8151 1062 7037 538 3292 8656 8513 1885 1650 7591 7333 2572 2795 4934 176 6322
22 6466 3918 1121 5732 9037 8804 4356 7316 9324 4340 6982 6574 2396 877 3446 4517 9966 3516 36 1899 5812 9765
22 5018 658 6804 2216 8530 1587 156 6582 6864 3772 2633 6682 9366 4280 1670 7970 2083 8908 3488 1658 7183 1579
27 9313 1406 3188 9625 8445 8190 74 5076 7493 862 9968 7755 5999 3449 9355 4323 6863 288 4514 7995 5355 5918 8853 5056 2194 3676 4554
24 2519 7687 7406 95 1102 907 4888 1458 9701 7381 7627 5730 547 8495 6758 3598 2380 7157 4640 2391 4780 8943 4445 1972
24 549 5113 730 4250 9949 2578 7513 8864 7222 2694 1988 1516 7265 8294 1621 5680 1238 9098 2014 2925 8696 131 7165 8396
23 4525 5218 1363 3022 7759 7282 4270 4714 8103 2645 7091 9462 8822 7725 1730 903 4271 6992 2779 1878 7044 6845 9589
19 5934 8302 4848 4666 6648 6407 514 1257 137 4043 8264 1486 4740 5522 505 4386 9016 4005 9451
25 88 567 7546 7172 208 708 6672 1947 9513 2561 4978 8779 4276 227 850 2889 9500 8269 4589 4908 2985 1403 2554 8580 707
23 2465 1637 7314 3885 2937 2802 6237 1912 8339 6806 2935 279 4430 3154 7839 220 6988 7431 8777 9689 2252 8260 3863
21 7957 5743 4815 507 5724 546 7984 3085 1748 2021 5786 4173 4468 8215 2549 8677 5871 5869 3002 1118 3134
25 519 8149 4910 615 2916 559 97 9089 1924 1911 6165 1668 260 3331 8336 4674 7155 5215 9253 1380 2339 1467 6177 6461 8374
20 4309 7612 481 211 5426 5933 7898 2137 5389 6326 5484 3379 8280 8181 6531 3515 644 5836 3304 7017
23 5970 3236 209 483 4652 1263 6971 2290 2972 3231 4343 83 7757 3359 1262 4026 4847 2832 7258 237 6768 2625 8994
18 4839 3276 8328 9575 3370 2473 9505 1048 9859 2359 3508 7930 1712 5528 4178 8685 9266 6914
29 5324 190 9469 3605 3051 6639 1583 9408 5033 544 6905 8743 7620 9444 9224 8250 5220 4076 6990 6162 9342 5677 6646 919 5283 9057 5846 9061 6052
25 606 477 6200 5303 6705 1565 5679 8819 4093 809 6565 1538 968 9009 8461 7851 4783 373 861 8132 3922 5667 637 3652 5647
21 423 7864 8832 9254 1684 3232 876 1930 576 4985 2148 5687 8297 9365 4680 7660 2704 5322 3923 6968 6853
19 1776 3951 2780 8348 7534 7971 4472 399 5122 7615 1976 3061 5754 9245 3464 5617 5439 9781 8043
23 187 1609 8786 3938 3502 5837 1859 8820 5040 1861 8976 9722 8415 3438 5401 4678 1360 6194 2725 4199 8183 6979 329
22 6663 1512 720 7097 8353 1098 4249 4675 1741 5981 9978 6033 1224 9591 3412 2484 7895 1659 7423 9773 8879 7289
26 1066 8630 874 8146 4957 8671 403 3434 1004 890 4821 6726 1834 1753 1116 125 4036 4389 6315 3953 6976 6720 9260 1077 3836 7123
24 5335 1228 9806 1500 2997 7535 9641 3466 7857 9056 6799 7507 1145 7939 449 3873 7072 4001 3730 564 5236 8364 5749 8581
25 8175 3249 4196 9353 4481 6132 1620 4653 9789 5306 714 7101 9250 1165 7486 851 5741 878 2890 1126 9885 1495 9596 2224 7424
21 1560 1024 47 3414 6133 1412 3946 163 2769 9205 4135 5506 3006 1329 7845 5740 6892 1801 1903 7880 5896
24 4758 4387 7975 6550 2927 6380 8243 9288 6056 4539 1394 4316 7454 9447 8347 5605 2617 1498 4182 7089 7828 148 438 8641
16 3817 7435 7927 7554 4297 2751 6793 2752 1765 3206 4596 7300 6731 3280 8279 3903
23 3580 7512 502 2967 6927 380 7629 7370 4564 3007 5411 9779 6609 6038 3142 4082 558 5152 4010 7681 2098 4697 3264
24 1273 4781 4630 5888 6966 1746 5310 4800 865 6223 2933 9880 6829 8810 7960 7447 2367 6371 4600 6487 9703 491 8717 5159
27 7499 696 206 780 4587 3802 2362 8018 2043 1096 8963 9758 4805 8593 8539 184 4461 7942 110 6557 1577 5797 4466 3322 7269 6148 2814
21 1867 9347 5748 2856 8575 2217 9263 3657 9980 4111 5094 2205 6833 3808 2358 855 198 8734 1766 995 7376
15 7965 9405 1002 5815 7587 8775 3340 7510 6811 1789 5321 1334 5207 1641 770
15 6822 3311 6255 656 6026 9645 2556 808 1464 7288 6773 9049 101 9307 9215
22 2432 2424 6164 6012 4029 4123 9272 1259 938 1317 2844 4459 7331 6174 824 1856 3634 5126 6761 3492 5753 9214
21 7070 1113 1218 6856 6357 6896 6172 1220 7474 7045 5386 7149 5364 3016 8061 4191 4306 7426 7336 4530 3028
22 3055 8209 5425 596 5291 3784 7762 9553 2548 7842 2978 7217 6859 5175 2584 6510 2428 1333 8942 1987 4172 8959
22 4742 6485 6756 5621 7785 7642 886 6746 4832 6678 8284 7417 2263 7923 2475 5493 6287 1669 2170 8371 9850 1204
23 6002 9090 2566 3191 607 5238 9652 1271 4667 6708 11 8906 2204 2524 3725 5645 4488 5185 5515 6933 1938 7863 5973
26 8292 1013 3603 3842 9457 9889 81 1799 9694 3285 4096 678 4682 6043 356 9506 5904 6532 3820 7332 3733 7484 1726 9168 3238 8137
25 672 5727 2626 7557 6985 1239 7445 2875 4062 7654 1448 5262 8616 3979 3650 1623 603 3558 1928 1507 1158 2046 4861 1585 9711
24 7475 4984 8902 5477 2799 5344 6491 4046 402 8017 8261 689 4044 1130 5862 4335 94 8286 6626 8561 1021 3792 3172 1472
21 8477 7198 5887 5627 8298 2209 9632 8533 4209 680 8344 1932 9957 7175 7925 5330 3911 1044 911 3612 1141
21 5235 8557 6192 6186 7628 4709 6850 4921 9778 6047 7326 5565 8673 7397 7699 3519 5325 6448 9642 6943 1699
18 6277 9935 9845 4028 8367 1256 2260 3146 1568 1695 3330 1080 2372 6343 4474 3533 6635 685
21 2720 2233 4794 2425 4141 8191 3393 8266 8691 4085 2309 3977 2805 7497 2461 6837 3312 932 4967 3945 6993
22 9409 6745 3119 9846 1700 8987 8901 2882 1624 242 7886 5420 8050 6229 287 1675 765 8423 308 1619 6955 8008
16 2920 8932 277 956 9464 2696 1143 7153 8287 8985 3728 2223 7959 5065 3641 5855
22 4094 1384 6951 4558 6615 5050 5557 4244 9143 5664 733 9739 7543 7976 6637 5430 3810 7593 2822 9861 8404 6087
22 3629 8262 7379 3338 5526 5567 5569 5201 2808 4440 9716 8299 8689 9866 787 3382 3151 5378 9178 289 3265 5232
21 677 1407 5006 4228 4585 7448 1211 1299 8830 9843 1078 6543 1457 5261 7185 5774 8568 6358 4995 4729 807
23 3607 7891 3066 152 9576 5116 1297 4561 255 6908 9480 7352 4762 1890 4015 7992 5276 1848 4129 9432 6950 6876 3014
24 9679 3197 6208 378 9165 6946 6161 8148 953 5026 9541 7798 6854 7969 5696 1361 3497 1440 7526 8964 2629 9010 5443 7881
22 1097 1605 5996 5955 2754 5952 7837 5684 2910 7296 2437 1953 5396 2936 7294 5 4110 3800 9580 9005 9840 4339
23 5497 5615 5771 290 8194 775 7697 7361 1264 4515 8126 9083 4810 6154 6878 2158 2146 324 8451 7950 9797 2821 5798
20 9752 3257 4502 3058 9130 8973 353 4147 8097 6462 1854 9021 6691 4581 2705 8756 4766 2450 8849 0
20 6670 5491 4836 9897 542 6915 4456 2042 2740 5512 1827 9682 5149 8966 9892 4022 1594 4918 5055 9560
22 1757 8158 3991 856 6480 6832 2065 7680 4073 686 7098 9111 6180 4945 8660 8358 407 3876 5129 9013 6207 8612
27 5440 9402 5554 5182 6446 2033 2394 6587 1476 6885 4642 7341 4899 8544 5216 3495 9704 4452 7753 1836 9415 2168 1575 8092 6501 8636 6470
26 9514 7156 2455 6021 6173 4503 6659 9837 9720 9328 3561 2228 3574 9783 5992 6733 812 6855 3659 673 2849 2647 4132 8130 7343 2411
24 2571 2738 9282 9947 1863 3993 9381 3155 1193 1598 2938 5768 3356 8067 2990 5956 7551 7917 5427 4381 1216 8893 8607 6266
25 6381 9852 6003 7337 4643 4326 5899 8664 6848 3610 1308 800 2414 149 7605 6286 3526 8839 9352 2743 6723 2902 3898 56 2457
17 9003 6150 6125 6141 1232 9948 462 5099 6571 6452 2308 6362 1858 8240 9184 2961 6073
19 3549 3596 2118 6710 2999 4607 2602 352 215 202 3593 4845 3161 3187 446 6770 6598 3422 7524
24 4601 3005 493 2261 5453 300 5100 4677 4689 7806 2526 4009 1471 5309 2190 6790 4122 158 5638 7639 1028 73 1969 9146
22 7657 4260 2782 9002 3194 1443 3646 9817 7194 7650 171 5367 9422 2816 4573 2469 2257 9339 1144 5011 3522 6994
20 8708 789 7373 3433 4872 9912 8603 5708 3443 8383 8475 694 4925 6397 7607 6964 6401 4808 3041 1958
21 5860 1492 9559 3445 908 8160 7065 928 3756 6560 1775 8977 1091 8639 6890 68 3486 6209 4315 2683 2880
25 9847 3148 1959 8079 5674 7941 6902 3314 6103 6883 5473 3293 4698 9933 632 2222 8365 5085 5144 5290 2827 9873 1425 5413 6246
26 2883 1372 1869 7567 9179 5913 1110 3895 1104 5901 2670 4590 9185 3613 7405 6289 8922 5850 9399 466 7776 123 9887 204 1683 6576
24 9913 5954 1884 3940 8542 833 8109 2829 5305 3550 1499 9547 7958 4210 6351 6651 1156 4298 2490 3886 5209 9656 4741 1230
25 5445 3579 7638 6634 4645 6698 4699 4397 8843 5039 6488 614 7860 3813 9899 160 5286 4598 781 9443 3882 9373 9296 4308 2456
24 9976 5808 3396 4020 1845 1631 9900 4828 5608 4358 357 6436 6486 4730 5851 2918 988 336 2775 3653 9771 5460 3987 8308
22 4078 7210 6711 9071 4990 4696 6163 8644 8801 3432 1328 366 3447 1286 9295 574 3125 8499 3175 3720 9301 2502
27 8310 3540 4421 1580 2600 7882 5279 8953 9881 1389 1424 3137 3266 8258 1485 4765 4738 9588 7084 2962 7055 9309 8222 8797 540 2786 298
22 6916 6404 6410 5602 5187 7912 1109 8827 7924 6821 2341 3902 4464 6803 6754 2587 9663 7023 5450 8657 8313 4820
25 4008 3294 6669 6749 2077 6809 6956 9151 8014 3450 2444 5143 6415 2189 7708 7292 9275 2334 7378 3089 2579 4229 1390 5141 535
25 9888 3409 5636 5566 2686 4485 2320 7187 5074 5289 9734 4378 5172 4368 4663 2903 5479 5109 8356 6109 1366 4508 7905 8488 8311
19 6263 3651 2539 6316 1222 1686 9364 7812 1716 6134 9826 6602 7635 2365 6860 1821 4303 8251 2677
22 1305 9649 9636 8995 9647 8869 5356 1417 4019 779 8540 126 1277 2413 8006 2619 7139 3835 2114 7202 7154 3712
20 6815 7287 2681 2518 3325 7010 8257 9911 7872 7823 4569 9651 1289 2459 2487 9404 8056 5580 4310 5977
24 3307 8425 6307 854 2776 6422 4195 6460 1791 5373 8872 4168 8141 537 1629 2097 9802 9161 5206 7170 2435 4510 3762 9387
23 303 9473 7248 6503 9202 5622 3829 4314 8624 3316 2139 4407 7076 1719 1853 5203 8805 7644 1483 9931 7539 3702 2007
23 4071 7129 3821 3554 8831 4986 6597 3735 3509 4087 3182 9941 1513 5793 359 2553 6388 7 9126 5338 7290 7136 5485
23 2316 5858 7465 4782 5601 5866 993 5809 8239 8307 9113 3686 1057 3935 6001 2708 6075 6792 9439 3287 4728 6959 6433
23 1335 7020 5282 2245 2140 1352 2377 2270 3505 6140 5268 434 9727 1291 9835 748 9807 4933 8340 7359 4931 2287 9004
20 2917 2536 1177 9450 7092 2304 2652 5792 550 5556 9917 8841 5877 8778 7545 3768 7841 8230 1356 4220
25 8731 7329 1313 8791 5799 4930 5193 8413 5725 5692 2535 4997 4632 3484 6376 4732 3018 2342 8124 5750 60 3260 3343 2321 9940
25 8878 8274 984 5088 6657 4594 7614 6064 2268 9643 22 7646 3013 2010 2419 2029 2427 3658 9973 9953 7481 5752 6317 1809 5047
25 1138 5237 4080 9314 9199 2790 9482 9810 2959 8576 8476 1974 5655 8927 2038 2387 7596 8408 7981 1404 9942 5410 3626 1663 4049
17 9619 5948 3510 9634 8173 5382 7334 4722 9150 688 7741 6124 337 3183 3899 8139 7228
18 2061 5358 9030 1201 8035 3532 2035 3694 3767 1572 471 1554 1274 167 8295 8238 2843 2492
22 5086 5387 3354 7323 6703 7692 952 584 8598 8755 2213 4710 7802 6282 1432 6010 6464 6411 9746 2604 2259 2100
20 4058 8435 1804 511 102 5838 5844 7078 2373 9534 7788 7651 4801 4817 5490 2499 8393 8949 8411 6051
20 4618 1784 4661 7874 2731 1762 7988 4924 9157 6292 3221 243 5157 3296 3809 7487 5544 2550 5731 9818
25 7929 8376 7249 8856 9171 2852 3165 9077 9226 3498 2607 3295 1688 3377 6873 385 116 8954 7439 5648 8751 2070 5894 5202 6080
23 5300 739 3368 9951 9182 6270 7558 5514 8237 4711 4264 2859 1042 9363 363 8704 7514 5703 532 2349 6153 1064 4057
22 1315 4693 8309 8991 4659 2126 189 5394 6728 2506 3487 771 7418 963 4936 8394 5079 6354 8454 1202 1481 6881
24 9707 8736 1995 497 6101 5457 2107 1541 1907 7178 4457 2175 742 8197 9565 654 2761 7144 8655 5791 7251 16 5817 5446
25 7429 7398 8224 3783 5135 2857 2220 7221 7793 6235 1029 909 1065 1920 4097 8844 9989 9047 2987 299 3995 7717 8216 6419 6405
20 7861 7993 2657 977 5069 5043 1864 286 342 3845 8268 4688 5529 1253 3178 2911 5412 8913 1478 5474
23 4059 1438 1524 782 1913 3124 7134 7604 1051 6680 9542 5640 682 9389 1780 3440 9745 3248 5251 7938 6045 8 4568
22 5192 7180 3129 6645 2654 2453 1282 8491 9934 4893 9114 7021 1982 4218 7966 738 5840 8248 6050 2812 8452 2698
18 5299 9864 5352 7171 1475 6393 4104 7796 5023 8725 5167 3391 4419 5997 5469 2564 5551 9650
18 6783 8290 5757 7683 7211 9546 1189 3930 4113 8928 4856 1736 5384 8252 6798 503 5742 8572
26 7401 6123 697 5626 7232 9262 9458 7014 4406 4690 2452 6772 1435 5093 104 1187 1632 9122 4917 2328 5765 9040 4952 792 1060 898
24 4855 2166 5025 1252 4854 2291 3258 8638 463 857 7866 6375 1767 7529 4429 7461 253 4152 2763 7067 4991 6005 8891 1341
22 7463 8484 4255 4613 1046 9731 4584 7490 9351 78 6142 139 5590 6787 3118 7038 9521 8802 5685 6334 9792 9259
24 3167 9052 41 3795 3420 3732 9564 1160 5770 1584 3761 7142 3494 6020 9435 1358 9455 1032 2792 5634 3415 3106 1234 8538
20 273 1323 7372 950 9180 3205 6243 2766 1934 5658 6785 2684 5984 6086 9050 8443 8859 4721 9999 2806
20 3444 8024 128 7737 6538 7477 3839 7143 6181 3163 2144 1965 6561 609 75 4412 4700 8925 9494 3848
24 769 7114 1564 6818 354 8938 9284 2122 5519 5278 3404 6862 3796 5183 1469 4681 3000 8886 9398 2798 4896 1813 9371 5616
25 9305 4583 3317 9804 9537 3364 3203 5835 7843 1461 8646 1031 1034 5943 5383 2081 9618 1397 413 834 246 5162 4354 2157 9461
25 9563 2026 6718 9743 6182 4713 4415 4773 3963 5523 2218 6262 7046 7832 1477 7855 5333 7908 3670 6369 4972 5867 197 9129 8726
24 2247 2123 6836 640 6886 6893 7555 2164 9882 5302 2534 3661 9213 6522 8997 3567 5611 5789 4708 5823 7218 712 7946 9721
17 4377 817 4109 4088 753 7041 5914 9784 2956 940 2646 7408 2379 1086 6573 12 3335
29 6412 7704 1267 6764 9118 2930 1862 397 5709 5188 8627 692 6366 8961 276 3841 8763 2279 8887 6938 5987 3153 3726 4402 14 2307 6844 8152 3042
22 713 2538 5507 7690 6261 4034 4398 6268 2248 320 3536 5722 7063 3545 2012 5181 631 5613 4174 5269 2196 4883
22 2135 7320 8207 4115 3082 8595 949 8316 1981 4012 1905 1340 5421 1740 8498 2381 5916 2481 2491 4305 9936 3665
22 2949 3990 9874 9795 922 8876 4477 4433 2272 1428 5004 256 9456 1666 5772 8032 5884 3683 9243 8867 5688 7906
23 700 699 6202 8219 761 7019 4328 5879 3278 3534 5810 9092 3283 2371 7306 2071 1506 5037 7540 7126 8089 2253 9782
29 8703 4208 3541 7312 2041 1281 9062 9248 1790 8026 1656 8974 6779 3351 1266 1125 4512 8381 2494 2733 4334 5706 6310 8633 7850 1812 8174 4231 4332
21 117 1630 3068 2167 4615 6719 1523 9516 9849 793 5804 1772 6325 6226 3081 2258 9488 5960 4134 443 1951
24 3442 7471 1955 2382 2781 1311 2072 8510 9379 3121 9879 958 8010 1933 4572 7838 2569 9413 6372 4633 5459 5942 3417 2152
25 6695 5213 442 8419 1465 3477 8652 8851 6681 9574 991 4442 1782 3916 9621 6935 6640 3357 8208 4743 2643 9971 6693 1195 3518
22 1543 3575 6296 7870 8682 657 1325 5021 272 4851 3241 1818 8992 6006 6869 5165 2101 1703 2266 2689 4337 8083
19 6831 6658 5307 9751 3122 1660 9106 8134 8064 7560 7100 1171 1449 8632 4361 1129 1288 5388 2138
22 6901 9452 8835 1723 9538 7856 1985 5009 509 7392 8688 7750 4235 7189 7328 8496 3001 7443 4627 4401 1367 5883
21 3156 3826 9011 8989 415 2667 8058 7822 5256 3570 3277 9894 2749 4526 3059 6759 5229 7054 8255 6136 3298
23 8518 9406 2401 8637 3615 1324 2368 979 7894 6642 4625 8437 5258 8161 745 4425 4576 9108 3171 8579 488 7834 1087
24 5769 6135 7648 4202 1910 7916 3746 6367 2907 6036 9085 90 9798 7549 3700 3960 8944 8065 5454 8894 6701 2628 3184 18
26 9393 7889 2074 6454 9209 1169 3622 9478 21 9884 3573 1783 4075 7016 9862 6736 8465 3998 6330 7317 5814 7803 746 9775 9646 86
20 7040 2942 5540 1111 4786 3770 7466 1752 384 4144 1183 9344 496 9728 9094 4284 9525 9567 9747 8363
21 3855 2079 9385 1430 2984 4969 2898 5372 4086 2599 8343 201 7107 96 3881 5893 367 3452 1825 5404 1093
15 1515 9128 5535 3193 7483 2451 4529 5518 5190 6592 4676 4545 6300 6594 3688
22 3371 2788 4980 5668 376 9604 4724 7915 7609 5250 3489 5675 7385 6755 2860 1155 4095 664 899 3983 2277 430
18 1992 8586 5562 7926 1720 684 6249 2350 4849 9261 2514 6428 4504 7739 3250 2908 7281 4479
25 9325 726 3557 9527 8118 8378 8263 3305 7726 586 3269 6378 3595 8107 4560 2420 2295 6395 9587 1793 4283 2353 9467 5150 4844
22 9675 8459 4863 4101 225 5695 4756 7081 8033 3765 7624 1842 4647 223 3376 8905 7815 8663 1868 7374 2623 3255
21 6198 6493 150 6842 7492 5241 4045 5995 3211 1255 4486 9292 5243 3130 2789 3195 8829 8201 9531 192 4321
22 7928 109 9012 2056 6647 1480 4937 6548 3235 801 8060 5966 420 5483 2674 9236 5643 7827 6183 7268 1731 9507
25 6807 4428 1970 164 348 2360 5031 9074 8494 3308 1591 2244 214 9335 3777 6267 4900 1174 8405 597 6236 9759 9280 107 2610
20 4435 9246 3490 3565 6398 1676 4163 3271 6684 4106 3893 5767 3939 2685 6511 1706 3015 7307 6788 3965
21 8640 4706 6765 1386 3701 8882 3418 8506 8023 8551 7645 4979 5520 6620 8720 619 7771 9076 2064 4079 6840
24 3869 1860 8351 2992 5650 3970 3609 4117 1470 9987 5582 4092 3455 3521 1707 8885 5297 6166 9197 5928 2974 8487 4203 7565
22 9449 2031 5267 6570 4355 9264 6808 9240 754 8177 7192 4874 9416 3805 2155 5940 1122 5924 2746 7597 5845 948
19 4307 1773 409 9702 2771 5713 2924 7515 6178 65 1876 5385 9571 6387 973 7121 7767 3705 3749
16 3253 6110 4867 2896 6814 2404 8996 3750 3948 3689 9489 362 4814 5926 5563 1614
24 375 7116 9078 4705 4318 896 1511 3867 6041 9368 1756 2715 2644 7653 9431 6079 591 2471 9991 5842 9124 6373 4752 3012
25 8329 5875 8784 6352 8110 1152 5400 5465 2082 9330 5694 4620 9244 450 4501 3639 4816 340 7029 7963 7878 2727 8384 1191 9717
21 474 8699 3462 9654 1557 9127 9234 388 698 8031 2237 5463 1196 5938 1103 1258 2624 4287 3627 8877 2337
30 5868 8739 7102 2787 3435 3451 459 8645 5998 2104 3752 8750 1850 4188 6469 2785 703 9730 2267 5195 520 3485 5231 5609 9875 966 944 1278 9446 4904
24 1040 315 7602 6000 7208 767 5764 8760 2621 3501 4518 6816 453 4578 676 1618 5164 9907 1540 4183 2865 4189 1052 8939
20 222 9463 9045 4410 4065 2693 5583 4809 1050 9194 154 6802 7973 6937 3087 5275 3427 7688 6614 4811
21 1005 7553 428 7434 3778 5298 2612 6775 5340 9428 9239 1164 2965 4187 4155 6432 7033 4599 6099 4901 8897
25 3555 2714 8382 4973 5228 7278 2505 2525 5700 9000 5210 9407 5785 7521 9945 8907 3764 3306 3642 1362 6195 5429 3349 1287 8463
24 5424 6329 8462 802 2635 3879 8167 8560 2095 4498 2040 4470 2850 261 8473 8623 7254 4671 6049 2182 5834 8096 108 7138
25 5693 5359 1223 267 6024 3181 7532 4939 8764 4543 3416 4251 3262 8143 1672 3577 9762 4222 8474 9491 860 1788 7606 6998 3390
23 84 6199 3786 7085 8795 2831 120 8486 1008 536 6203 4060 5292 6940 8863 2876 4650 71 143 1280 296 2423 6258
19 9140 9996 435 5917 6762 2809 8182 8105 8590 2955 4382 1072 3738 7095 9732 6766 9921 3310 8541
21 4894 8020 825 2825 6251 1101 5632 9823 6722 5801 1283 6763 8920 9665 5255 2820 3309 804 2823 5811 6664
23 920 8055 3426 9524 7386 3439 8945 15 6605 1337 6542 9774 8855 9748 5128 9258 5492 323 7264 452 4226 1095 8078
26 6706 7230 5541 6771 3057 8555 2386 8617 3228 7145 6389 9333 5600 3968 9718 2688 2030 3823 2872 1691 1484 5974 9058 8380 7831 2922
22 9799 3640 6450 2132 5036 7595 821 3798 9992 9687 5379 1345 9183 2721 1351 8221 2542 5505 7225 7658 9787 301
25 7956 6558 7637 3915 3038 5124 425 1561 3174 67 4190 6205 3568 7273 9801 2303 3144 6215 3678 3941 429 6107 4691 6973 5874
19 2559 6849 4507 7686 6272 3062 8984 1016 8721 238 8881 1163 5827 1657 7200 8752 8707 6445 669
23 5717 400 4225 9512 9761 7808 2702 1176 4685 6730 7807 3072 1382 9828 4176 5759 7470 9529 6899 9814 4077 7951 2073
24 2695 5818 5205 4733 2952 7636 826 4552 7873 8229 4221 6240 7626 4259 8669 5705 3198 1917 6781 593 5773 5316 1452 3718
25 961 9985 8464 832 8273 4400 8585 2760 8741 6423 5259 7538 4237 3300 2552 1828 6299 7893 5118 87 8723 6335 5146 4126 7649
20 372 9920 7243 5756 6580 6374 3981 9844 9303 7763 6953 2431 9929 4051 9518 3226 3600 5075 8341 5604
25 7952 1734 8434 3666 6034 853 7315 8686 8288 5959 1840 1819 153 6977 8362 2757 3684 6564 4142 9343 4726 4702 555 5596 1488
24 768 6304 1326 7246 921 2969 9370 9667 6451 4651 5715 495 964 1167 1548 5270 1704 1151 2707 3268 3604 648 9552 2185
25 24 4885 248 9562 611 9033 8737 3247 4638 897 5329 4125 776 1342 5326 9788 681 4999 8457 7478 4484 390 5499 2606 5637
22 4090 3208 482 4405 2732 4300 9812 6999 2241 2319 4443 4890 2039 9442 213 6490 1409 3246 5784 7452 3388 8622
18 9084 5034 4299 1729 233 7630 8526 9350 3806 4448 5266 2392 9145 2734 8369 8333 1084 2773
25 2869 6457 8440 5719 2464 1181 9952 6067 3584 3597 6743 2400 1468 8532 5852 2150 9786 2183 7550 1648 468 6936 6217 5311 6212
24 8962 9137 4665 6567 7253 9035 115 2121 355 6619 1592 2923 2364 7820 4974 7449 4201 8399 5488 925 8011 4859 1427 9764
26 2356 4414 3403 4016 2181 7162 3227 5619 8746 4453 8960 8693 4881 5734 3074 3927 9582 7128 3944 7338 2878 4180 7087 5395 4927 6533
25 4637 1593 2690 8085 5263 7263 9655 3901 8401 9724 8450 3967 8291 5097 1371 3525 7500 9093 2932 9125 3189 6341 1173 258 1599
25 4150 2899 9890 6293 5437 3859 7659 3894 6820 2129 5778 7619 8039 217 8305 2778 6671 5177 725 9069 5121 4519 9690 7008 5652
22 6115 2641 1010 4657 3366 4366 6962 6566 2037 1702 4746 6996 9148 9572 3091 9041 4548 5127 1665 6007 2914 1633
30 3988 4959 8198 1503 7034 4880 1436 4989 7366 8918 4669 618 740 4279 3406 2996 7179 1750 2555 7887 5194 6852 8005 3954 1437 1336 1935 3931 7748 2312
24 5885 1651 5516 3026 92 7256 5576 8062 6932 2052 624 2546 8813 2354 6812 3214 2575 3582 8658 3040 2870 7079 8508 4778
19 4379 2791 8157 3966 7663 2406 4857 2141 612 9376 3828 2294 5568 1990 3158 5223 7257 3868 251
16 7399 2512 3512 9492 2105 6744 9231 8753 7022 4216 2120 8702 6986 371 1148 8372
26 541 3758 718 1949 5409 2275 6757 7415 7998 3924 1123 8431 663 9967 7137 6429 5980 3431 6929 3084 480 1482 7073 7350 9876 4446
21 7561 1635 8588 3398 6967 5405 5824 3851 3782 4121 3776 997 1566 5168 8914 5930 8608 1549 7888 3644 6676
24 4143 4546 2495 6392 6969 5082 369 799 6519 918 2109 4993 8628 1604 7536 162 3132 5912 5328 1517 9338 900 5760 1456
24 568 3160 3830 3594 5830 2884 7301 8075 7727 5909 4898 1053 2739 5530 3956 7060 8604 2058 6797 4313 6417 8205 3327 6481
29 4494 4648 9105 6438 1079 8094 649 4031 7573 1466 4266 8428 7566 924 8748 2017 4597 9318 3004 4373 8634 460 8983 3814 7469 1617 6534 7673 794
20 8950 1689 419 830 5428 6247 40 2206 9141 8218 3323 3747 4100 6145 270 5781 7523 6193 6032 3742
21 6228 4437 6327 8128 1733 5170 3623 7562 6909 3476 3547 592 5350 3136 8469 7623 8483 6688 221 7953 3046
22 622 8449 2973 6425 3112 8037 4792 4879 8296 5211 5073 9671 2947 7285 1749 1092 6577 5961 3048 9154 1536 5361
24 1833 2748 6536 9018 660 871 8164 1896 1891 5155 9230 3141 2960 173 3682 4333 1919 9414 9206 5676 7412 4570 3378 7985
23 6541 6851 7236 6984 8854 6618 2480 3710 9420 8027 9421 1217 7018 9212 6734 2500 6509 6624 7544 4994 3971 6273 9499
22 6961 5990 3017 9620 4595 7933 8956 4293 8662 6306 3251 863 6298 2405 2127 1616 6028 5264 5399 2219 8888 790
22 29 2006 5285 3840 8546 3905 4055 889 7718 42 3503 2493 6611 9603 4480 3162 7740 3727 4813 7964 5937 1522
20 1664 4511 1904 7382 422 177 4327 5160 2565 6838 8326 129 7106 2485 9605 9204 829 6499 5272 2794
24 55 6884 9633 3680 4862 5603 599 8815 3999 732 9470 7978 6471 5570 9501 1694 2005 8834 2094 2671 1497 662 4531 5376
25 9523 627 8040 846 9100 9195 6081 523 7592 2557 3645 9498 6858 7321 2793 8525 5496 2022 9308 9174 79 9340 421 8647 679
19 9216 842 9869 7668 1215 643 8373 9436 2284 9327 43 3801 1270 5671 5776 7416 1014 7151 7002
22 9283 8848 6473 5107 1349 2797 377 1539 8661 1320 6442 3961 6528 6827 3401 1678 3506 5336 3769 5447 8982 2289
17 4842 4537 6265 7277 7901 1494 254 5941 2229 4523 262 5315 5066 1242 1219 9147 6365
19 2576 2357 332 4658 617 9684 4213 118 7080 484 8650 6513 7914 6600 3864 9600 7163 8613 3229
21 4948 9627 5711 1902 6213 6283 3133 7564 4559 134 6556 2563 6318 6947 1056 4081 750 2759 6096 7814 828
22 4346 6740 9640 2570 572 1441 2753 934 9054 9644 8108 2231 2632 2991 2772 63 1243 7844 652 9555 1514 6294
20 1888 8021 5920 4953 1968 843 3499 130 9322 2863 5104 1682 723 8162 4943 5354 5096 5024 360 6384
19 734 5112 1221 1963 2981 4944 8511 8793 5763 6847 5761 2800 1526 2968 7283 2458 5204 6782 7772
21 3149 3138 6409 6526 2745 7457 5219 1679 1946 5005 6891 5068 5525 7932 7280 620 5246 3914 3140 8082 7436
22 7119 5721 35 5584 4256 7503 8312 6898 2931 7781 4919 3674 8387 5186 4252 571 4427 4444 7705 8666 8232 2221
22 4214 5746 6245 4205 2979 3675 9238 6839 561 3139 7944 6776 1026 7728 226 3852 891 2488 4392 6700 1301 7496
18 7862 5377 9737 8667 9192 5247 5180 4290 4660 9112 1535 9616 4513 2701 9367 1936 9660 4390
23 157 2838 9805 9680 5662 7816 4834 1531 5301 8534 7394 7743 1926 2834 9372 2088 5691 7826 3254 7509 8602 9454 7537
18 2986 6752 168 3740 7732 5962 6907 947 3753 9136 7588 28 8528 2615 3548 9984 5138 1966
29 297 9974 4761 5054 531 3482 8800 2921 5462 4654 543 6167 4232 4804 8738 7327 4870 1373 5863 2676 5007 848 1063 4462 8053 7744 3715 5368 1377
20 1978 4352 6630 5610 4916 3925 5016 3962 5849 9086 875 7752 7738 2489 1957 706 479 2251 7813 7719
18 3103 902 7666 8940 3468 6737 249 5486 2595 6778 6995 5136 1405 1732 5762 1127 6311 3687
21 5341 6877 533 8042 7203 4384 5702 8798 9838 2154 1307 1964 1316 7675 1807 7979 7053 5048 8861 9 6978
24 2912 864 5777 9042 4913 6593 6248 3854 8007 2051 1870 467 2068 1567 2712 4963 9059 3517 45 2855 3071 6285 6019 2656
24 3281 945 5017 3906 5287 5045 847 2796 1771 2390 26 2087 500 3244 6337 5993 5114 3318 8577 3766 8836 5599 9637 3719
22 5716 1984 7631 8614 671 4541 8101 867 8072 9321 594 7250 9969 6091 5346 4253 9905 3348 8765 4556 5148 1074
20 957 2928 6547 8421 8806 9133 8505 9167 9754 5072 3352 6027 5906 4684 2895 1049 6427 1085 8923 1544
21 6724 8629 8410 1977 2613 2355 9027 5967 2191 6830 5733 3878 6588 7420 6284 4037 1099 3456 9986 5239 4649
25 445 5744 9631 1873 7438 1081 2558 3691 1875 2078 1814 806 9193 996 9755 4385 8592 1445 526 4434 7696 9668 3080 4393 3791
24 3693 8979 7446 2577 2585 7068 8051 7967 6201 4843 8903 6137 534 8567 7608 5456 3419 6506 625 7473 1808 6725 316 7943
21 2020 6747 8346 8868 6601 8523 7066 5221 9659 6312 7819 9533 8199 2894 7910 8570 8389 9063 7617 5003 5825
21 8395 2426 5699 3616 6652 6871 7344 4776 9526 365 8799 5092 257 8048 9883 1400 9719 2310 5839 7219 1892
22 2008 4223 9944 2497 8034 8259 2011 8610 3496 2151 7368 9863 8335 3481 6303 3996 3094 8349 8142 3819 302 1573
26 8406 3196 1054 4003 8937 4371 4347 7501 9361 5532 5482 4423 7598 8013 2871 8531 827 6328 5397 8497 628 3273 9434 4383 598 1576
23 5598 6924 212 5539 8642 5374 8809 6104 1921 6774 6061 1770 2351 5921 4524 3164 931 9903 1185 1149 913 2193 455
22 3030 2915 3816 9164 241 8116 1768 7498 6921 4718 9247 9816 7130 2433 1611 1035 3581 6472 8626 869 3180 3405
24 3471 7357 326 1 8379 9962 711 6677 2835 4473 4770 4032 3982 4754 2047 4118 7031 1244 8837 9540 9203 8648 9095 3284
20 7141 6735 4285 7442 3054 772 7769 4449 3372 6857 1747 8591 6540 17 6525 3888 5363 5618 33 7432
18 8102 6786 2717 2110 2366 235 4825 5704 2348 972 3361 5832 5542 6256 9599 5949 6147 6518
23 8840 166 8254 8768 141 2045 1309 52 9433 6713 7672 5908 1136 2274 4571 4946 1673 7056 7634 4509 2815 2592 4897
23 585 8104 7580 5620 1835 2187 175 4871 5105 6253 3463 7547 8074 8153 9181 9653 8318 5010 6551 1798 7324 3252 4476
25 268 3329 1200 3114 1365 7643 4884 3799 2874 2417 670 7220 7090 8842 1606 7656 5807 6227 8733 5013 8818 6065 4516 4242 2847
25 4495 2106 4349 1491 5495 9742 1459 4734 4840 8833 8524 3053 9821 5106 6628 9855 2027 8455 5142 4577 8386 5435 5623 7702 3656
23 1353 2436 7086 6498 8504 7730 9975 7829 1045 7920 3135 9337 7782 1119 5103 5989 3716 3240 1954 9568 9427 436 2940
22 5406 5572 6360 8747 3636 2817 8970 2292 5323 1692 2622 893 2438 3145 5284 3242 3344 4254 8472 9519 1680 9277
21 8342 9087 9286 2639 475 2160 9156 7176 3454 4212 1690 7047 4438 7105 1520 4670 4956 3131 4860 9290 4522
23 7640 9544 8448 4409 2119 105 9082 6391 7006 6888 527 6116 4982 2682 3538 6704 9211 7027 8759 207 3576 4886 6514
26 1528 1090 9144 9613 1355 3759 3429 5101 9160 3907 1047 9661 803 8234 983 8052 6549 9115 2002 6489 2067 5800 8095 4611 729 3591
20 583 7104 9744 146 7811 396 5001 5630 9800 3714 7125 8512 3926 5331 9332 764 2970 7577 7310 2032
21 2941 7082 5090 4137 6512 629 1302 1330 8871 2281 1871 4582 1714 7195 8680 8016 589 1708 1354 5895 7057
20 8204 8715 9297 266 823 3530 5782 194 8933 5052 1068 2003 5119 3217 2195 5707 5423 2879 7413 5653
21 3025 8566 6338 4629 7387 2054 3811 3474 7865 6290 5042 5117 8129 6923 3483 6224 687 54 9257 5348 4641
19 1735 328 9830 7884 6009 4089 7794 5635 7259 970 6945 6431 7578 6841 1347 548 1213 2326 4
24 5304 5393 1527 1550 4493 6066 4247 3731 1199 6926 6861 887 4626 4745 4004 5199 9032 2953 3063 2529 623 3734 4540 7568
15 741 7451 3866 2036 2178 2527 6426 4072 8212 4988 5919 9509 5669 6958 3543
25 5381 9768 2904 6563 1474 9809 458 2393 959 4038 4964 728 510 3395 8697 347 4719 2317 651 4367 9622 8611 7977 1570 4695
21 9979 5510 3263 9735 9981 1422 4907 8620 9479 5958 9706 7735 1945 1322 6660 1036 2001 3423 9854 9865 5296
18 8559 9685 4154 1460 6216 1537 7778 2468 3216 5083 2062 4715 3389 9699 3324 6108 8391 7303
19 3743 3170 1276 7662 39 1944 7384 9270 2325 8127 7099 556 8668 4822 4148 229 8825 797 1865
14 9581 5856 8915 506 3721 6062 485 6218 8111 9750 5252 8321 5659 1898
22 1269 5369 7572 8093 9419 4021 2706 2515 4853 3210 6085 2861 293 6928 2283 4240 2723 9008 8144 6653 6250 8433
19 8520 8447 6128 3537 1613 1644 7197 2315 8481 2837 6339 4000 9055 9099 5151 8684 1059 6035 7391
24 3457 1852 2783 2250 5422 9475 6784 1521 121 8952 350 8745 1450 4621 1446 1906 2028 5053 6661 6046 2946 6685 9014 1826
24 8728 8073 9104 7190 9375 9561 5910 3075 7004 5880 3009 7260 6025 2560 9958 1717 339 6690 6554 6972 705 844 2421 5058
26 4687 5500 69 7698 6638 5366 8998 2025 4394 936 8649 1310 3399 1743 9870 3374 8478 9034 7304 2249 6828 3100 1133 8724 6112 8327
25 3564 7846 9628 2934 4035 646 3326 294 7516 7542 8547 736 9767 1314 186 4521 8003 2282 6555 4755 7242 7421 4551 5224 1473
22 580 2520 7574 4376 4914 7411 9836 2467 9208 4628 8916 6447 1387 8958 2242 2517 8388 8912 4751 6616 4735 9993
19 6649 5060 7430 9579 5452 9441 5163 9508 9110 5313 9080 600 1763 3889 8899 573 5131 7052 5533
21 61 3104 4404 9341 91 3531 1710 2846 285 9043 5139 3551 7720 8936 451 4169 2588 5822 5935 31 8070
21 4788 8277 1240 1175 6196 4063 2810 9388 7691 6114 6353 103 3763 7583 5589 6687 3890 4998 9793 234 3860
21 5161 8774 4826 6076 1721 6674 9015 7462 7298 7094 5747 4579 888 8315 1760 6867 9294 783 1043 5591 82
25 6456 2963 4673 9871 6305 1886 6589 7576 2156 2179 9001 490 7132 3212 77 6204 6478 1298 7247 4737 44 2066 3020 6349 6158
25 8179 8713 1640 9511 4544 8176 8860 4623 2264 3757 3328 9103 1275 4549 6823 9943 6309 3109 4116 51 7241 2521 2598 4976 9614
24 6952 8323 975 3566 9429 2665 9101 7805 6727 1831 412 7024 9697 50 3076 8354 5392 6232 4422 6535 265 1837 2583 9317
27 7877 5487 8338 98 5656 8665 244 5915 1820 6120 3592 1822 3123 6459 8969 9423 6667 727 4023 3023 8781 642 9606 3872 7039 8858 432
23 7799 7319 3475 9477 6643 1738 379 4981 2636 9139 2478 4614 5796 2980 8522 3668 1205 2891 2562 4983 2131 9484 3111
22 489 3459 2649 9135 159 2075 516 6345 6157 3959 6105 7340 8569 7330 7945 5820 4797 2807 5932 5051 5964 4295
19 9207 3384 4720 8059 66 7746 4819 2977 2596 7402 999 1502 9170 3060 1895 3179 6872 2747 8278
20 8420 9191 1260 982 9134 7118 4227 3909 987 4426 2614 2580 8599 264 7954 3950 6390 7395 1350 2300
22 8675 9851 9487 5012 942 9858 3648 9729 5481 724 2501 3392 9331 6149 4831 7622 9598 2202 7050 145 8352 89
19 6424 3891 498 2352 4007 5169 2407 6437 5208 338 1590 5357 8200 1615 8714 9271 2080 7051 5889
22 5245 457 9657 5751 1509 1168 8028 1715 7009 2116 7531 8360 9218 9597 6666 2454 9726 4760 7676 7297 3224 5294
24 6160 7585 1997 2442 529 4966 3793 3974 2397 6443 2 9983 5171 5625 5349 1265 9961 7030 9173 8202 2853 440 4162 2608
20 1866 2293 199 3583 9923 6484 8493 395 5154 6184 4454 4565 7160 5196 5736 5084 4534 5683 1952 2998
28 3692 9306 6942 6356 6222 4532 6987 7525 9006 304 283 9867 9683 2102 2672 9096 6144 5438 8002 3695 4707 4574 8515 2301 7869 3369 7026 2329
24 1993 1625 3544 1634 85 990 9822 1393 1810 1800 5353 3222 6604 3511 4850 1839 6072 4151 5673 5787 8479 6817 9189 3611
20 3239 5654 3833 8609 9232 138 1787 9998 4942 5166 2254 6636 9269 9686 4757 4922 8866 1379 7035 845
21 9901 1251 439 2333 5628 2675 4895 3044 2125 7599 1622 6906 2971 2091 5546 5843 3302 5560 3978 5345 5536
24 7911 1674 8536 7152 8761 6344 2023 4892 133 3847 9163 5548 9348 7354 7071 8709 4923 8466 3243 971 5641 9692 2703 9714
19 9411 8792 3921 5593 2343 319 3436 7935 1395 6083 6617 8281 9471 9895 4215 7390 410 9493 831
20 4882 3029 4048 2330 8993 4878 8361 2700 5271 815 6539 5115 6500 6295 5726 236 3745 2993 4759 9396
26 5902 2784 565 1601 992 7777 5087 2547 1198 8826 4701 7062 4852 6483 4289 4960 9959 2111 5038 9615 9468 1552 9956 7489 6715 8211
25 7229 1489 7255 2982 7479 553 9741 7305 3079 6234 5249 6396 3234 1444 1025 5327 1089 7495 6508 1881 6074 1303 9169 7818 7899
23 4066 2742 989 7883 2207 4958 6359 1391 1504 8904 3077 894 3980 6077 8241 7517 4192 3297 8046 8145 4769 5581 2172
24 6965 9274 9696 665 895 8785 7693 7234 3997 1203 5559 274 6629 744 8076 5882 6347 4166 3320 960 879 6941 1147 7751
20 610 8426 6922 3270 7209 2673 7679 1431 7262 5651 1235 2567 8812 1816 6553 7589 4179 6435 1645 6569
20 7318 892 9926 7934 7245 9265 7169 4105 3986 3282 2851 5739 1375 5633 1214 8066 4431 4563 9210 4286
20 2429 9595 6420 7174 3215 4497 715 4159 4566 2498 6578 2142 7124 5035 1894 5828 3056 5130 9749 4451
22 6633 7117 2399 6903 1496 6274 6121 8444 10 2710 4460 1989 4262 7721 9188 4827 9791 4131 6889 5044 4267 447
19 2278 1100 7876 849 3169 8485 7724 1166 9221 5472 1501 6042 1786 9664 1007 1241 9417 1893 2298
25 2774 9401 5829 3453 4593 7309 7903 7267 4128 1649 1727 1824 6675 331 9235 7670 6524 393 9088 9391 312 5407 1120 5077 7215
21 9020 271 1655 1627 9068 5803 7048 6386 8988 9994 8140 6281 6129 7003 9437 3479 2638 5897 2976 5431 7996
27 9291 3849 6029 2235 6023 4099 3099 2174 9319 4499 4219 5929 8166 7353 6714 470 1851 1696 1249 5612 6278 7204 7437 5735 3520 6944 7311
25 9626 9691 839 4396 3818 2954 5451 5534 6211 3672 9022 2153 1075 2634 9162 7661 5288 2226 3034 7308 3033 4416 6015 3780 6917
18 9187 4170 9815 7685 169 3117 382 6868 3635 4902 4739 9725 7921 1925 416 6355 1713 4823
24 8509 6159 4153 9345 633 374 2415 6106 9607 6231 4312 6655 7177 8165 2873 7400 8392 1578 1268 2858 3303 4269 702 1454
23 4586 6168 8803 1667 4403 3952 5123 9584 1774 3039 9583 2340 2719 5552 7723 3844 2728 4342 5403 7980 4774 9336 6118
25 2327 2143 4686 5234 9617 9570 5260 281 2901 2841 2375 3115 1781 4947 9946 7377 647 7919 6071 9715 1849 2764 6057 8168 9025
26 4098 2422 2605 4869 4372 4605 578 1179 30 7900 5176 4747 3052 1525 814 7238 1505 8846 6918 404 7450 9922 3274 8090 7409 2238
23 6694 6741 4482 1106 6280 7633 7569 1979 880 2504 433 8049 8359 2522 6225 8172 5418 4926 954 4161 314 5362 4273
20 219 5698 2881 8155 4017 1942 6865 2893 7610 8169 3856 1889 2678 9674 3934 630 9279 2161 469 5545
23 1815 3572 4246 7380 9273 4617 147 1197 2958 2402 7205 1073 8270 9233 7982 1370 6791 2416 3822 7756 6621 3797 3741
21 3008 6206 5686 8187 6336 674 2680 7754 4768 2631 361 8304 539 7695 6040 1070 8716 9465 7722 5342 5436
22 5222 8978 2112 8403 4119 5550 7488 6866 518 5102 2344 7797 8651 7652 7480 3804 8537 8754 1076 5489 349 8948
22 8271 5466 3632 6523 9158 4858 3754 8446 2034 5314 9554 6176 6504 8015 985 5898 9760 7821 7427 3671 4723 5057
25 9670 3024 1830 6575 3958 5701 9440 4236 1960 6059 2024 3045 2611 3553 4360 9386 3587 8117 4436 345 6011 6702 4399 4977 579
22 2944 2198 5240 1647 552 2661 930 9963 7770 8857 5133 2765 2756 1901 8317 4932 7997 165 8267 522 7983 2669
23 6361 3067 4875 8772 986 1250 4274 3421 2630 1071 6171 1296 4567 2285 2868 2801 5365 6394 7261 111 2103 9198 4962
23 8564 3601 1994 6742 6729 3102 3373 8214 8159 9038 4330 9490 239 859 1094 8732 205 1971 1385 3301 4928 9048 3887
21 113 4084 210 645 3315 3469 5380 6363 4903 731 4694 9594 6320 7892 1877 7833 810 2318 4785 1312 3400
22 6913 9813 9705 3047 9410 4744 6416 8225 1420 112 4136 7520 7388 7272 5468 6370 7244 9551 3350 3143 6482 3288
28 6607 608 6220 9065 2044 178 9566 9623 4282 2383 4248 5442 6939 1402 7790 8432 6738 2943 1017 2655 4239 8712 5775 9857 8036 3932 7836 7784
27 3168 3430 3585 9190 4764 8228 7729 2885 3673 4167 7689 4357 4692 9384 4369 5728 2004 7168 4837 5022 4609 9841 6796 5095 8790 3529 6151
21 2313 3424 5120 3319 5433 9177 3465 2374 4550 501 6974 6102 6948 7302 1237 4954 3019 191 7859 2836 9024
26 1724 6239 3199 8955 2434 7745 6476 7764 7167 9592 2063 581 5217 5607 5448 344 5110 5200 1574 8769 5927 7694 755 8275 8838 8865
22 5402 6004 5712 9872 292 8695 3261 2906 408 1411 2197 5681 5524 7201 7584 4304 6586 418 5657 5467 8910 7476
20 6900 7428 4207 5678 1294 1846 7907 9031 6301 2729 9780 634 5950 2255 9662 604 182 2877 762 8106
24 2507 7224 6430 8529 560 5861 1429 6562 7164 232 512 9403 3955 9853 9695 6037 2369 2188 8934 5806 901 4841 7166 3838
19 5343 530 7196 7113 819 8705 3473 5274 2311 3336 2389 4771 9453 9713 8625 4458 4753 8320 8429
26 3667 6155 2305 4245 5766 1182 8782 1117 4114 2089 2945 6712 7237 9460 5558 3912 974 1671 3897 2545 3834 5946 5788 1490 3957 9220
21 554 7677 3083 4602 7847 2076 9075 2115 3425 7120 9155 9378 8917 4265 6117 905 7703 1426 9648 2113 9369
23 7088 2642 8766 9712 127 3785 7271 8895 3213 4912 5577 2892 6590 4102 2590 124 2496 3711 6230 1285 8683 4149 70
21 8587 9503 1628 3663 595 9070 5070 3173 3428 9709 7552 414 841 4234 1769 2331 7511 2533 4181 3113 2200
23 6418 5517 5816 7922 8030 4798 6331 7830 5134 946 9902 6008 2093 4478 335 7541 8771 1764 784 4610 4418 8282 1115
21 9698 4455 3411 6340 2919 4636 9624 9219 6146 3256 4025 5339 551 5945 6623 5755 6275 8501 4324 4996 9241
19 8698 5710 318 6048 8597 8909 6333 5317 1519 8068 7419 6709 3385 4612 5015 4812 1636 8080 2516
28 6780 4200 655 7787 3493 3345 2477 7817 8193 6880 6983 4547 545 7871 8676 9825 2988 3383 9315 9310 6084 269 1739 7369 58 4257 6546 8265
20 6767 3976 3105 9557 2059 1453 2314 8687 76 8911 8516 8811 9630 6014 4039 2162 605 2574 9601 1586
21 6044 2975 3717 1797 4639 8300 2948 8099 8460 4489 7007 2084 6777 5963 752 179 1927 8114 1940 5718 7001
20 4056 2523 3375 330 5660 106 3394 9474 9593 1761 1132 1011 7674 80 8565 1153 3698 7669 3095 690
23 2531 2335 3050 5503 7665 3904 1872 4496 2722 9142 9988 6612 5360 6175 6385 2149 8041 1083 6760 3037 2503 8929 8606
28 3410 9412 9382 8681 8615 64 4130 6094 6904 2713 4487 5061 1832 72 8873 5419 870 6055 858 653 5111 6233 9590 7955 6302 7214 7563 3500
24 5881 6068 1518 8796 9138 1725 1338 1709 3186 5308 8817 5019 3387 7616 7590 6632 8558 7774 8619 3837 7083 7618 2679 4683
24 1879 7792 9586 8368 7548 5579 6579 9496 3157 7407 8550 7440 4992 3660 8584 1711 8828 2201 2069 38 6673 2460 341 1180
20 8086 3989 951 2323 7342 1779 2246 5864 8621 7734 3397 6131 2336 2616 7852 7775 7279 6477 763 2280
22 8189 245 4064 1755 3190 6805 3624 7749 1681 4272 9939 1857 7786 3342 4238 1829 6835 8012 4447 8441 188 4040
18 2828 2230 933 3789 9276 9357 508 2989 7383 9708 2750 5745 7074 8100 5242 955 2730 4140
26 1794 9666 4920 1272 4139 46 6082 8631 9950 7508 8562 7389 3556 3267 37 4217 4970 3413 1058 2239 4030 2050 2692 4391 7600 9097
23 7849 661 3200 3116 494 8780 1368 6138 8470 9955 6505 3832 8314 8436 9119 3815 9995 2824 6100 8409 2096 3441 4779
25 394 3176 601 4704 9394 8981 9228 7931 7594 7647 9023 1914 2299 5597 6400 478 9201 9904 3096 1607 8880 7349 3942 6627 7042
22 6269 6875 1186 6584 1553 454 4074 4777 5391 914 6813 7345 3713 2699 6568 9932 8678 6468 7765 6631 3871 1015
19 6843 2711 284 5783 7364 5994 6930 2048 3031 695 405 1882 2269 1107 1172 525 4261 8468 5494
21 5027 1530 3073 3972 8112 1346 4971 4068 8767 7286 2532 1463 3353 1124 7240 5795 426 4193 5644 2474 5661
18 7709 3773 6058 2060 9842 8324 5847 3790 2804 6963 8136 1037 7854 411 4375 1128 1408 431
20 7188 9495 5212 7710 5375 2640 2388 2192 6683 7148 3470 836 5925 4631 7032 8679 6520 6606 3571 2819
22 1332 4635 4703 1685 7135 3685 9611 4787 8502 8807 2332 5872 1357 6707 3152 7848 7897 743 1131 7519 8919 1751
23 4475 9965 417 9738 6313 691 5564 6379 8125 2370 9029 2768 9510 7371 114 4500 7181 6599 6895 9200 7184 4424 4909
21 7064 4233 4807 2663 1487 2128 2568 1603 912 7791 4591 8242 8729 2215 5905 1975 3363 7736 3633 1295 7112
17 8213 513 2440 9064 2171 8038 9302 7570 5233 4359 9548 577 4362 7233 7059 1442 1327
19 8787 3865 4107 4024 9159 1943 9268 7949 2909 7266 866 8986 8471 3337 7396 3504 427 8195 9669
21 3697 8548 3108 3220 7682 5951 9222 2842 4802 4002 774 3150 333 4322 4370 9053 5509 8762 3681 4731 6434
26 4536 8203 8816 381 6537 4331 4278 193 3862 5878 8366 9358 3011 6975 5729 1941 4336 8930 570 9066 7518 8924 1225 5922 9486 6981
20 6656 6053 5347 4450 636 6696 8492 2994 6679 2447 7961 3365 5947 1401 7358 3771 307 1698 13 7742
21 1227 8892 57 6825 2173 6925 9298 4533 151 9278 1229 5416 5595 2666 3884 9149 6017 4668 8398 6991 6665
18 7293 1421 5158 6089 4441 5064 8883 4204 4388 322 7875 9312 5639 8206 2716 562 3637 6093
20 2324 9320 1986 2470 9392 3896 1433 8345 2762 5080 7706 7868 5826 6095 3192 7559 4542 1728 4364 3781
26 5971 1030 7000 4806 2900 9972 6716 9612 7339 1639 1612 3606 1383 2443 3973 8081 521 3662 3209 6934 8180 6440 650 4041 6323 8482
22 6662 4624 5892 7994 1745 8220 6156 929 5670 6920 5976 3078 6874 185 6126 9522 6894 9535 8999 2594 9120 1642
26 1447 4575 135 172 2180 6346 7761 6882 3874 6699 5470 6552 5002 3628 9688 7571 7890 3649 5873 1157 9794 7348 9007 9891 1479 5455
25 3333 200 935 2551 709 659 716 6800 9300 8814 7077 6970 7351 6846 4619 195 4748 3223 3831 721 140 1398 2905 383 6465
23 1194 1908 4656 2482 4344 7275 4824 4562 4906 4789 1597 6697 528 8852 5078 868 8744 4294 5965 2830 6070 9383 6911
21 2296 9267 119 7193 8742 9833 4491 1532 4224 6406 7879 7999 6264 2186 8972 8900 7780 5461 5831 9608 5758
21 9733 1697 8554 3807 2653 7216 2108 8407 2234 5041 216 6897 2398 8442 6801 7940 747 2262 8507 2697 8722
20 6529 3910 4050 7579 8412 967 6751 1012 1396 122 8009 155 6545 7667 1462 8467 5555 1419 6368 8249
21 1883 4112 2537 3542 8188 2543 9896 8416 2513 3070 6824 8749 1918 5098 2085 8757 5153 5030 5197 5198 3853
21 7455 9556 6413 2409 6399 1595 1589 5907 2601 8334 3159 6332 3448 34 9856 2363 4672 2637 2145 2133 4490
21 7711 3092 2338 6244 1415 4302 7712 8293 639 5587 8025 4067 3237 370 7974 5257 3943 9893 4465 1795 2593
23 6794 9255 9769 32 4171 3290 5014 7207 4634 280 7231 1967 5464 4198 5320 2378 4053 7835 4275 8589 2165 3126 587
26 9820 4935 4830 2741 3775 8990 7103 1248 7414 2479 93 517 9237 4535 7313 5805 1388 5575 5277 132 2811 1542 1662 9585 5434 3858
23 3049 2511 1233 3036 9710 7425 6098 9438 1392 4014 2737 6625 5537 6308 8283 3736 8875 3706 8600 3407 5178 4054 9977
22 7140 7768 9549 6119 1369 1937 8500 2086 5527 3339 8545 1154 5032 4876 9017 5585 334 1811 1571 8276 9997 5312
20 3655 3947 9289 3949 461 1643 4784 275 9908 575 278 7505 4712 9848 917 8322 4492 3703 401 6348
24 7186 4164 8823 5779 6078 252 4775 8659 8926 4608 5140 701 9425 309 8045 2466 9285 504 9051 4061 5833 2833 4197 4506
19 4877 8573 7226 6402 7043 7150 6319 6495 7853 3707 6030 6219 3920 1321 6668 2650 351 4580 1983
17 3546 965 5663 2000 1331 7456 6297 3722 8935 3913 9175 798 1744 2347 915 5248 8156
20 3245 9602 9485 6739 7840 9466 7274 3751 6581 8931 3599 4505 5594 7295 6954 9898 9676 927 2211 1961
20 2589 2147 5511 9610 7239 8244 8289 5191 2159 4950 1533 3355 3563 5588 6022 5549 4363 7611 7801 7896
20 7810 4184 5957 2651 8951 3669 3507 3877 386 6130 6530 8357 3523 2092 8456 1600 4968 9196 8138 1290
18 8029 5295 4291 161 444 6197 6641 3992 9919 5561 3027 291 3937 6092 7485 8223 6291 926
24 9046 9316 8285 5351 9497 3524 7715 9073 7422 7987 7502 9026 1551 250 8971 9323 1950 5414 6516 4288 5972 822 7991 749
22 19 6455 7867 7494 7096 8245 2439 3625 5986 6608 2995 6314 1434 5319 5936 885 981 1374 2886 3787 8735 1909
19 6654 1142 6474 8236 4555 9481 2966 777 4263 8692 6692 8601 6572 8196 8975 4380 1279 7603 5147
21 6189 5049 6475 1693 2385 9539 9028 2648 1188 8150 7363 7403 8115 2462 6949 7625 9502 1161 2888 756 7968
22 1414 5089 1843 4940 7276 8694 4206 4866 1292 4772 7904 9079 5738 7012 9081 6214 5432 3275 6496 4408 9960 6441
21 8783 5189 3739 881 969 1364 8186 9785 8400 9658 4915 941 7299 2232 2483 2929 6449 4463 602 5978 1602
21 3527 3779 1508 9832 704 6279 9639 9229 613 693 8417 8084 1661 8256 9217 9808 49 2361 937 3035 4157
20 6502 5890 3602 4938 5690 8272 3621 4767 816 4033 5911 2854 7582 1493 8583 3917 4961 9756 389 9909
21 9166 2957 448 9681 7191 5008 6596 582 3699 8247 4165 1596 2403 4341 9356 2826 2136 4230 2210 1581 7069
17 2603 3461 1206 4965 3127 1980 282 8549 3630 1654 8845 1754 7989 7530 2013 4905 9878
22 4873 8370 8133 9819 9242 9964 230 8063 3 6444 1796 9091 8438 9448 4175 6259 9772 5521 3128 667 6088 3928
21 6139 1588 6069 9116 4749 4664 1455 4353 2057 7918 9225 3101 3010 2256 2582 7291 4108 99 9067 6717 8226
18 8489 3334 5156 9678 3098 2395 3843 6179 4211 6769 6622 8325 441 1806 8776 4146 5281 7713
29 5227 4194 8521 8653 5642 5853 6013 2867 1348 1638 3846 6810 3201 6187 3299 2950 53 3437 8427 5132 5475 7199 6732 4864 3744 1231 8503 8091 5923
