7 6599 1826 5149 9747 703 3356 8774
8 8033 1111 7136 4182 4769 402 3944 3504
7 1434 306 3128 108 2782 6337 1551
8 333 5954 7426 6154 276 489 331 9398
6 1179 6812 2855 2573 5369 7365
6 3016 4611 2557 1421 4483 1903
6 719 4796 8170 2815 5055 3969
6 9191 1539 450 6677 6069 8806
7 2603 9670 1599 8399 357 5119 3485
7 2446 9145 6885 227 5751 4672 5546
6 3440 3815 5077 2469 7036 3843
6 8141 8698 5944 2399 1322 3961
6 9058 207 8404 3598 435 6850
7 2995 2586 5014 1021 5351 6253 2386
6 681 4236 4803 1076 7785 8343
6 2038 9498 5213 3733 9110 6355
7 9832 7418 8121 7918 5224 1935 218
6 9738 1568 2563 2963 7317 8200
7 2822 3353 773 9797 1131 1144 8484
6 6042 6668 8078 9322 9839 3338
7 2849 102 4246 3169 590 4417 8351
6 6440 8725 328 9584 1414 7112
6 4523 7096 862 9097 4825 7166
6 2870 6982 6475 4933 5413 3725
6 9413 6791 1330 3442 620 8570
6 5835 8394 7794 3757 2522 1500
6 7277 7511 5475 1257 7925 506
6 3875 4753 7638 4286 8325 5753
6 5371 3179 6671 1220 452 3739
6 156 1574 6595 8324 7541 6841
6 820 1271 8513 5020 6449 7411
6 4172 9435 4751 4219 3784 3754
6 6130 6497 1956 7416 5904 3497
6 6428 8730 3860 2633 6344 3732
6 9159 1387 7402 7742 9412 8881
6 4078 493 2874 421 886 9649
6 9392 5388 4808 6005 4665 7204
6 6781 523 3873 4093 2859 717
6 6430 9194 5529 1123 9281 9313
6 3117 5837 4980 9606 5700 8419
6 7138 5756 9695 6766 545 2376
6 2851 5008 9685 6868 1695 7457
6 6340 3533 1130 4053 353 1112
6 9321 8383 1060 3266 7771 8985
6 327 2090 8870 404 5366 6529
6 586 8039 9787 9382 6385 5785
6 3883 4764 7309 7625 3144 8354
6 1572 3216 4870 6520 2548 3996
6 5260 6424 3937 2954 5875 8475
6 7318 4805 8592 2051 7472 4007
7 7833 9925 4349 5472 2346 8938 7029
6 1717 6543 2330 3455 8974 6896
6 9351 1896 7358 6481 9993 1108
6 2600 3991 5112 6566 5848 2670
6 962 27 6890 3238 4028 828
6 1785 9960 49 1260 5068 6401
6 3660 3562 7787 2570 6205 6384
6 3387 3592 8851 6255 7209 8716
6 6507 2803 1348 3836 3631 754
6 9822 6956 8971 9202 8627 1741
6 7678 1035 7613 8966 4092 9759
6 9189 2652 8286 8530 1168 3823
6 295 3452 5798 4009 6849 9253
6 5455 4141 7494 8590 9485 6915
6 2584 7539 7335 7286 2050 3729
6 7653 1062 2152 3292 4658 5926
6 187 3511 8044 7695 3465 4232
6 9180 5030 8948 952 1423 6004
6 4661 3119 7922 5166 9010 2968
6 7584 3025 3302 7144 7076 7197
6 2150 1833 417 5658 363 6558
6 1769 4060 3210 6779 3502 7697
6 1141 6610 8657 8320 3543 9767
6 5919 4398 191 6113 4641 154
6 7427 5535 7015 6016 4869 4850
6 5604 5049 6640 6242 2720 6818
6 6808 9868 2069 3731 8814 5562
6 8450 9417 6970 9678 2463 501
6 526 9155 528 1024 4856 5858
6 6056 474 9037 5333 5293 7832
6 175 1425 2297 9096 3121 1765
5 1466 1364 2583 1804 1145
6 2635 9215 395 8952 4273 7587
6 8849 3929 5557 785 4266 1790
6 4891 4390 1191 7383 6456 9508
6 3039 3247 8386 6444 4997 7646
6 45 152 1556 9804 5556 2326
6 1808 3611 4797 5207 6675 3549
6 7851 6891 810 3682 5277 923
6 601 8523 7496 9407 4925 2678
6 3249 4671 6888 432 9976 8863
6 4052 2086 551 9027 8661 677
6 2098 9538 5908 7603 9690 4709
6 8057 4303 8346 5912 8345 2829
6 2223 1893 144 3537 6693 1682
6 7914 7639 3968 8445 8144 8306
6 1999 5524 4773 3150 5474 5923
6 8946 6557 1751 1985 70 9775
5 602 6729 3921 93 751
5 4935 4568 3914 6341 3730
6 4804 3709 1753 3177 2230 1202
6 3145 5482 656 1795 9368 1617
6 2805 23 701 6767 4988 8994
5 4768 6461 4318 8093 8630
6 6096 993 7569 8481 1167 8480
5 724 6200 9039 6389 1052
6 5634 4447 2512 6262 5018 2104
6 3448 4119 389 4006 2536 866
6 2734 8406 5914 1913 3058 4362
6 8099 8504 2604 4082 2923 2559
5 8561 4122 26 5157 9507
6 6229 6214 90 4903 7344 7722
5 5552 7031 6250 6369 8355
6 6933 1204 1924 9515 6233 1230
6 8103 8568 5113 4084 3379 5981
6 577 4754 2836 2622 8963 5481
6 2717 3833 6603 8375 3010 6498
6 6423 9913 3972 3949 3629 5543
6 3183 8544 4994 1192 2238 3677
5 9340 4765 6294 572 9390
6 9111 6197 7929 1681 7377 3426
6 3831 4466 1670 3306 6015 9783
5 8724 5941 7552 3997 1662
5 3155 9166 5041 2242 5947
6 2758 8315 6347 5153 5887 5287
6 9696 1752 3235 3703 9655 31
6 9168 7704 1037 5400 4136 3859
6 4960 957 5865 605 8917 50
6 3236 2417 7694 7176 6368 6028
5 804 7235 2876 4015 3269
6 8858 3704 6597 3735 4460 6118
6 13 4974 4503 4587 9908 6733
6 1579 612 256 1093 6386 587
6 6975 436 8740 4192 2877 6533
5 8551 4766 5898 6622 6483
5 4801 9336 3856 9986 2753
5 2163 9688 2198 2762 3888
6 7849 3288 336 5308 9815 2438
6 3922 8983 8566 6299 7973 8683
6 691 7633 8447 3044 3103 9430
5 8090 687 6030 6212 2060
6 2440 9141 3911 9966 8517 3895
6 2672 4543 5942 2138 6129 1184
6 3256 5703 5537 908 8536 6929
6 9106 2765 9227 2144 9087 3221
6 1587 8364 1566 7488 2092 8987
5 3902 4433 1407 5353 1070
5 7735 3460 5206 8441 4054
6 4322 7574 1862 4730 9007 6404
6 7080 3775 4170 8549 7838 8058
6 9742 2607 9075 5525 4565 1378
6 7828 9826 5675 2137 1929 7474
5 8644 7946 3181 8873 4351
5 2156 5608 5881 7768 95
6 8097 9288 8118 4887 334 7858
6 3363 4066 1038 2295 9216 9041
6 2381 8207 2012 6643 3941 6051
6 8598 1573 4166 2906 2001 1246
6 5959 1817 2241 3524 8316 8587
6 8709 9248 1704 5188 7663 8290
6 4467 3209 3827 9956 2175 5498
6 9581 8546 1983 2555 1622 9373
6 2368 1408 7979 9033 8655 4928
6 8220 8184 1186 3612 1683 8086
6 1965 7793 8080 8756 3807 1738
6 9151 7822 5334 4239 4562 3419
6 8595 3075 4458 3804 109 8272
6 8854 4878 1359 6125 7275 5624
6 3240 846 5903 9825 777 3634
5 377 5564 4151 7468 3880
5 929 1805 9385 7142 299
6 1959 3628 1842 7992 1189 2277
6 1711 534 5777 8746 3778 7926
6 9814 6001 3519 9504 1721 2267
6 6950 5326 3501 5460 54 9198
6 9888 6227 6796 5999 4158 1528
6 5046 9213 8400 3716 8659 2718
5 1641 5069 5387 2574 9424
6 9049 596 4115 9874 4823 3450
5 6330 7395 9492 6309 7126
5 7609 4759 4660 209 5758
6 8453 9445 3471 2701 1564 3257
5 2993 182 34 2637 376
6 4469 7245 910 7016 3199 2215
5 8502 2793 1365 9350 9668
6 746 3878 9743 515 9501 2585
6 6570 7313 5528 2640 7024 705
6 6613 7205 2265 7161 4799 9528
6 835 7576 7606 2304 3904 6518
5 94 7030 2305 2531 4368
5 4852 8125 89 4394 6321
6 3423 9887 7937 5990 7082 1374
6 4065 4057 271 5138 838 124
6 5588 9460 9440 4514 8538 3719
5 7229 4634 4099 8285 6448
6 934 8205 4794 5126 1933 1937
6 1187 78 8625 9242 6176 2620
5 5325 1113 2145 4263 1941
5 8607 2890 5553 2591 7515
5 7901 6931 1909 8609 713
5 4107 9470 2767 1602 3885
6 5062 5771 9459 3033 3759 6133
6 9872 7674 3324 343 3622 4698
5 7132 552 7744 3780 2740
5 2830 1437 7689 4975 9196
6 671 3877 2711 2677 8020 8070
6 9054 2496 8431 5348 782 6546
6 4189 8246 1036 784 1908 4681
6 3153 6190 9933 9803 2056 6647
6 3190 5465 5370 747 2950 3250
5 3720 7222 3781 3182 3978
5 558 9257 5467 7299 4477
5 9284 1468 5938 679 557
5 4830 6093 540 9289 1224
5 3233 554 2005 3195 6111
6 7320 5383 8183 6283 5133 8580
5 3384 1768 7969 4205 9426
5 4949 5973 7707 3185 5884
5 9443 1816 2186 4396 4837
6 5832 8961 3679 5522 2935 7616
6 5673 138 7219 6985 4598 1635
6 9714 7984 3260 6710 5118 7261
5 7781 4574 9755 5748 613
6 4260 1831 6785 5683 32 1864
6 7995 5336 2858 3001 922 7049
6 3187 7760 9591 3264 1897 2307
6 3832 7047 6003 2918 6429 2804
5 3104 5952 961 9272 3567
6 6198 7643 8850 3396 7693 5630
5 9371 9117 2940 2644 2220
5 9488 4951 1410 4950 920
6 4760 6392 5984 8615 2943 5788
5 9692 8710 9175 2832 4321
6 3042 8407 2182 896 8700 6064
5 9246 5503 4217 2728 2708
6 9053 6638 4481 1080 7743 8656
5 7337 5740 4 525 1649
5 8372 3171 3640 3558 2256
5 1788 1492 5967 2266 9757
5 2823 839 3630 1004 9552
5 5801 7439 8282 2318 842
5 4494 4071 5247 9848 2206
5 7545 6959 1267 5235 2997
5 8085 7871 9702 9554 5755
6 5645 9031 1590 6105 3974 6722
5 7382 5532 3476 2541 8168
6 2234 6683 9522 6292 2878 2709
6 6261 2202 5377 1276 3124 2501
6 4114 726 5115 899 7429 2041
6 2921 42 9601 8885 22 222
5 6021 1134 2769 8572 1382
6 9475 698 4701 4250 8832 735
6 2209 6845 626 7579 9270 2131
5 8299 8440 5492 4948 3616
6 1472 9820 4091 2053 2165 277
5 1824 915 4715 9425 3602
5 7186 2554 4480 2937 2173
5 2550 3258 4034 1253 3852
5 286 8969 4455 925 8705
6 3581 7148 1148 971 5265 212
5 1030 314 5128 9059 3409
6 3636 9446 7708 8439 5222 5656
6 9543 7324 3383 5654 5766 6883
5 6897 5966 3462 6329 5853
5 2713 2648 2244 4048 274
5 3492 5097 1100 9477 815
5 625 476 5511 4395 3920
6 2452 1660 3505 4567 4379 3168
6 482 7175 6463 9238 3446 722
6 2139 8177 2777 8012 4743 7162
6 3590 1109 4581 1969 1708 826
5 4397 9157 2715 4521 8847
5 9662 7006 5566 5523 2941
5 688 1312 5209 9725 263
6 8172 5057 4169 9621 6824 1090
5 9890 5889 3385 3040 6282
6 9282 1846 4068 9963 387 6654
6 3516 7662 5354 170 7955 9614
5 9858 1577 5127 8718 4072
5 7642 9441 8875 1707 6861
6 5876 9594 5130 2350 3037 2485
5 8896 3656 6445 6740 268
7 2772 8424 159 4662 8368 6114 6189
5 2996 8579 350 9456 6544
5 9038 1424 3950 1440 1567
5 9740 5721 9273 6300 490
6 7256 6425 3643 8790 1553 2957
6 3491 2636 8786 9352 3912 8119
6 2922 8472 7720 1715 2097 4939
6 9014 3425 2785 3536 7614 1984
6 660 2795 6928 9223 6836 6843
6 3766 2332 8297 5323 2500 1954
5 2698 4338 6936 3079 9119
6 4967 5147 3312 3411 2651 7818
5 6319 1143 8083 8292 507
5 7855 8434 3064 8911 3193
5 1386 5595 8934 7880 8926
5 9764 1531 6117 4588 1720
6 654 8366 4616 5682 6399 3006
5 2146 6992 5109 2797 4522
5 2378 5136 8356 8239 7075
5 1925 4088 9612 9415 7003
6 2414 994 3198 8111 2686 9799
5 8669 7251 5263 8588 5246
6 5266 2864 1860 9147 2913 3717
5 1942 9942 9984 1411 8867
5 8128 4392 1835 9936 183
6 4904 3665 1285 7952 741 4993
5 8545 816 5483 7338 6743
6 2091 7782 1976 4313 2114 5723
6 5254 7216 6980 7259 3975 8637
5 1512 8835 487 1839 7353
5 9957 4807 8074 5821 4826
5 5939 553 3763 4900 6695
5 7297 7421 3623 5502 5267
5 5955 9361 4279 1132 6759
5 1813 5324 8415 7054 4829
5 2191 8227 9019 1882 2043
5 2517 1764 8919 2744 7307
5 5160 1712 7798 6919 8764
5 7179 3551 1196 5376 8242
5 9211 5197 1140 9546 2475
6 4077 4989 3659 9665 339 6942
5 280 6879 7982 9619 9794
5 4501 9718 7698 2908 9344
5 9243 9992 8438 2654 8767
5 1125 7529 4910 5142 4513
5 570 1040 8797 2868 9616
5 445 8492 5669 5303 9707
5 3076 1938 6857 5223 5095
6 9328 8995 8503 6007 4986 1921
5 9360 9988 3698 8442 9359
5 5500 7448 2042 9533 234
5 3123 8152 9589 3019 1461
5 3756 8654 5917 3854 4839
5 9447 3772 1554 7580 5186
5 1048 8678 3765 250 7199
6 4049 9727 6265 5368 6941 5609
6 3265 4922 6720 5883 2790 3202
5 6062 8903 8751 4289 3999
6 9861 3361 3987 5580 8864 5851
5 275 1491 3 3388 6775
6 666 7343 3339 2258 6728 390
5 6257 188 7109 6584 9174
5 4473 1746 2365 1932 4373
5 352 8781 1325 5584 118
5 8653 1807 8950 7784 9294
5 8468 9136 9042 2061 1732
5 3496 4238 7519 3648 348
5 3632 8267 40 6446 6628
