99 6428 719 1579 5500 9194 4349 4246 2795 8125 8399 1924 544 479 1275 7230 6275 1776 6444 2768 6242 8421 8992 1076 9242 2840 3917 6990 5596 3513 5296 5084 5510 3532 1020 7876 1668 3546 4153 6648 1880 4002 1405 7404 9311 3981 1847 9261 5820 4551 8135 2741 2283 4207 5643 7081 7932 461 9405 4654 8491 6759 5655 7357 9518 7041 5697 7507 3965 1008 2222 9062 1843 8163 7169 543 9789 316 5234 9637 2360 9953 4584 344 4936 7192 5870 5548 9765 8225 8978 6626 1484 6969 8879 4712 3006 8392 8799 7264
98 45 2584 9601 558 3075 3209 1191 1062 6245 1186 2557 665 8120 3064 8282 3410 7232 8162 2144 9719 397 5224 1674 7412 3079 9571 9936 9172 3745 3100 4938 4831 2919 3254 4396 7709 3835 4201 4293 4720 8813 527 6948 6646 6182 1188 6399 4918 6873 9552 2970 700 1783 6432 8242 2224 4525 9295 2663 2910 1910 2022 7582 1230 7825 9105 7971 7497 7920 4445 3358 7389 2655 7658 2987 3910 5091 8112 5946 7453 2721 262 717 9517 749 4412 9064 2881 368 5712 5591 9100 3540 1665 2565 7540 6051 647
96 9475 4182 8561 2830 1824 3025 6001 5532 5195 6890 5965 3903 2042 5483 4046 6102 8936 2147 8663 6753 4887 9537 4307 1865 5506 4251 9495 8848 9781 2937 1679 4785 4334 4140 2100 8943 7108 636 2389 2852 8722 6601 6176 8925 3377 7948 5716 6338 2185 6134 3978 5730 5790 4232 9387 6396 2309 5989 4070 842 4202 8016 7283 8800 2490 46 3789 6372 7599 6831 1388 9682 3626 3023 8852 2978 2302 1479 3098 2261 1626 5261 2819 9705 4682 3906 2268 4552 8236 953 7903 825 4037 9969 5211 3399
95 156 7138 9180 6197 8453 482 5388 811 8927 8850 5898 2933 4535 7744 2145 1597 5598 2555 8714 9708 62 3667 8569 3854 6309 7960 3647 9084 356 2689 6795 1792 5687 6185 4833 8153 84 9704 7785 2148 2408 2080 5691 3321 9279 4578 5135 5947 5727 9355 5956 6530 1469 7155 7437 4103 4010 7848 3754 9162 4451 9901 5061 4464 3792 7226 2932 4709 2347 1381 1155 137 2669 1372 2905 10 7666 6 3112 4320 9713 6916 9900 6203 4619 677 852 3138 5970 6947 5551 9873 1397 7502 2107
101 1566 1574 4661 8267 5383 286 8406 9417 2332 3772 7496 2524 40 2472 5534 7985 1600 6313 919 8072 1441 740 5348 6007 7201 3335 5157 3203 3520 1657 6793 4880 3802 3675 1083 2183 4888 5238 7091 3986 1564 2426 545 9092 1618 1371 5890 5200 428 3390 4045 2903 4813 2800 8341 5786 1416 6968 8200 9409 9659 3891 5393 2246 2164 9758 5458 3566 165 6803 7211 1722 433 728 2159 1514 2579 6694 6926 699 5575 3841 6293 3369 3588 4459 4688 4973 1115 2329 5729 287 8784 3957 7066 7178 7996 7907 4977 1363 7010
93 4467 6507 654 1753 9360 8364 4878 5245 5555 4808 1140 2482 2599 2304 2614 3331 5520 6278 4587 8046 208 7149 1689 7598 2337 794 9324 1549 7390 5012 7670 2509 83 5329 9728 1163 4689 2685 9618 109 3011 9414 9118 5015 922 5075 6156 5752 1894 361 8295 7499 8497 8720 6288 2690 7635 8563 3255 549 4770 853 9271 7 5743 7913 1362 3087 5710 8287 6986 5341 6541 695 732 3948 5812 7281 6920 8409 5285 467 7843 1255 2059 3062 6955 9918 5240 5320 6441 6614 7414
95 2995 3766 3145 8724 1599 9157 7216 9868 8434 2069 1779 3919 2252 1505 462 4697 6520 2912 2221 5522 2057 1131 9356 5637 1898 8741 2728 4117 9808 8638 1532 7304 6412 3262 8677 1493 3553 4344 8899 1933 5913 1144 4930 430 2984 2761 2759 337 1392 2300 5737 6111 2821 9560 2419 4244 3359 302 325 2227 9156 3473 5060 7208 2460 3372 9432 6333 4206 6458 959 3206 7140 5025 9972 5558 7619 8690 948 9082 2533 3938 7788 3993 5586 4872 8959 8928 4512 7362 2561 8479 7886 5638 1154
92 2717 8946 4077 3265 1030 9589 3503 8678 7871 8017 502 874 2940 6756 2479 1758 2201 785 4817 8462 6727 43 3625 2950 2613 9990 7483 1326 3086 9883 2552 6364 5603 9173 1215 6773 3721 4835 2877 1280 5848 7321 1879 6996 3942 6418 4669 3344 7779 6521 7159 2341 4522 7218 4118 3824 5123 9706 5463 5139 2449 2688 827 7254 4536 3200 6840 9061 4409 7512 5286 8576 7602 9020 2559 2398 5173 5391 7518 9710 5809 1428 7214 2902 3218 5513 1268 3870 4789 8009 6588 2423
103 7849 9168 7324 4671 4303 839 7448 3656 6765 9732 7253 460 6973 9123 5226 2633 8693 9629 5360 682 8756 8093 6167 7441 435 5223 3192 2477 9425 9531 6630 4559 7135 7610 8499 6820 1899 7939 644 5106 5395 8604 9739 954 6878 5664 5427 863 539 7276 4776 169 8031 5662 9011 4693 5239 1225 8847 5331 3327 1741 5841 8107 370 8331 2208 9237 672 6004 2543 7444 6047 9313 7827 4484 298 8388 1500 9198 4319 5571 2491 8520 7119 2976 8241 486 1762 8981 7930 378 3148 5543 3024 1184 6189 824 6830 1212 1778 6301 969
91 6430 4768 3236 8644 9445 3782 5503 9584 8143 4318 1822 1398 5940 7790 3275 908 7022 8375 6221 9477 5424 6286 4734 3984 8000 3185 4889 6296 6344 8309 3166 2055 715 3494 822 3490 1585 8448 7237 3705 7025 9010 2165 3003 5230 6483 2032 9729 4072 5546 7378 2714 3927 5187 6758 6315 5389 5498 2700 1955 2259 3252 5194 5338 7874 1332 3933 3230 2356 1687 520 6517 614 7490 4907 2964 9667 1518 6828 7386 2308 3173 9748 5698 1211 6149 6142 9163 1793 7887 4361
92 9670 577 2993 1187 2191 3076 8504 8366 687 3471 4481 6416 5997 2736 3582 780 4834 5251 7980 1787 8293 9494 7464 5228 4116 117 6874 1802 9327 8211 8493 9254 7450 2629 5647 868 6191 4028 7282 5289 5834 8337 5024 2577 1952 2743 4602 1458 475 270 6048 3400 7836 4610 6963 2975 6110 5980 9676 2272 1426 1850 776 3935 579 8173 6370 4729 1110 7224 2284 6702 8243 4993 5342 6534 6366 6356 2709 1316 8164 127 617 9003 5774 3008 6842 3918 6598 212 6730 7917
104 6599 5254 3590 8039 4922 8590 8386 8870 498 108 6928 7864 8547 817 6910 229 5713 8250 1283 4553 4948 9961 2770 6036 6057 5396 8292 9186 5401 7693 2274 1120 7097 4652 6800 1092 1708 1548 1002 9664 6310 6213 6993 6024 6137 9501 782 729 1249 3271 693 2237 6462 6282 9617 7758 9047 4623 8226 5056 7591 3046 3088 6120 7961 6775 72 1748 8 9125 154 8570 2880 8405 5663 5145 142 8635 5319 2566 9950 6103 6335 6248 9065 2990 2248 8197 7746 2094 9947 3457 2904 5667 6161 9573 7004 1522 4767 1235 5044 5033 6413 6787
97 2870 7653 8551 3581 7855 5557 3856 4259 7695 2418 5537 2399 6117 540 7279 9190 7603 5896 4053 1276 5610 971 4313 6299 1804 6866 6409 1127 8541 7045 9442 5879 9260 5749 4857 161 521 7355 6454 2355 5830 3798 1262 3893 8963 2657 8883 3894 5006 5804 9673 4845 1383 2593 4496 7500 3113 3085 4085 2333 248 8271 8199 6734 9429 4301 4863 5893 9926 7085 7736 8359 9610 4651 5316 5709 3995 4505 3706 3141 9524 651 2478 1509 7810 1881 9828 3120 5280 1638 3202 6240 4965 7165 9556 7021 5255
92 1434 3922 6190 8121 7720 4060 7569 1704 9470 1066 9891 9130 4560 1390 979 6822 6766 7607 8865 3804 5435 7110 2242 2774 7541 901 3770 4521 8993 6567 3487 8689 1749 2763 4728 8008 1630 5442 8801 907 9833 6780 1701 3010 3269 5330 7114 1719 5114 4230 1819 8190 5026 8534 4470 5422 744 5038 4787 326 2662 3690 7956 4668 9341 155 5364 1455 3739 8411 9691 3712 8647 4468 3426 857 9978 2812 1834 7616 8637 192 2523 4954 2516 4257 578 4866 6663 6135 124 5823
91 1179 3873 8595 9561 1038 6214 2874 34 5462 598 2396 4926 3696 7147 2339 3186 4627 6411 6703 5079 3151 174 888 5406 266 6523 3648 7664 1680 3791 7767 4223 3515 7377 4136 9057 564 7990 3241 9458 3812 5761 8864 628 1135 1726 6624 3437 6453 9483 4027 5040 9021 4043 9653 7189 5131 9929 1291 1823 6314 742 9269 2787 129 7391 1107 9605 4912 4403 50 2865 1974 7354 4222 3946 4271 5110 3717 638 497 6673 9071 9731 1991 3901 3472 2267 277 2217 9212
95 6975 8315 5673 3104 7175 4989 4390 1040 910 8297 26 6155 1835 2570 1745 3954 404 7519 5448 2401 6125 5210 7637 5682 7910 1770 2744 1302 9848 7317 8036 1064 6236 9006 597 7784 7062 9056 6989 6318 3194 7267 4952 2076 8721 2900 5063 345 3464 6060 2413 1452 838 7692 4365 7069 7888 6384 5484 297 2327 1156 17 8171 100 4595 2974 5047 8524 9578 8091 118 7092 542 4462 7895 7967 2340 7440 4593 6339 8515 7094 730 4820 7804 9438 9152 2786 655 8631 7775 2659 9741 592
100 8033 9191 4523 934 5798 8607 4494 6980 1247 4122 915 2005 2263 3322 3306 9073 9382 9033 2747 1715 7249 9549 9165 7572 2375 5125 3326 7296 1735 6919 5748 2233 4562 3678 3388 7374 4241 7473 2522 3484 4019 1444 1915 6585 4428 4092 1796 8775 7242 4161 1968 4226 1353 5540 9668 758 6851 1391 9734 2110 3004 6712 5385 3056 8495 9345 6964 4853 5920 9199 9000 4508 9843 5656 9132 9479 293 9652 7252 1669 7220 1108 5521 3800 105 4984 5549 9698 5685 321 6883 5845 1697 1106 6390 8683 3555 3876 4915 2084
91 4891 2851 8099 2636 6330 9764 1846 6425 6879 8740 5908 8781 8566 2469 4442 2239 4716 5868 6481 4304 5478 5857 9223 8737 975 1299 1411 8389 8441 7142 8398 2001 925 110 7955 4647 569 4564 2887 6456 5661 1695 6581 4295 9278 4583 143 7290 3944 3441 9024 6147 4414 6226 6930 3512 8139 5567 3376 2181 2113 3885 5554 9017 6967 2112 967 8822 5625 7749 4932 8101 6342 6316 9364 5225 2796 1714 5864 8018 8068 4384 3668 3840 6404 8062 7697 6561 5007 8096 9914
97 3636 8995 8407 377 8183 4433 7015 5966 7979 1983 144 1862 5553 968 8906 3 2343 3380 5945 7721 555 5619 33 4350 3281 5177 3243 383 4193 5434 3784 1971 6711 5366 7472 1104 5592 7345 301 9051 1920 7340 7072 6143 3807 9824 8149 6591 3747 9609 8597 5268 3067 3073 4240 6302 9103 6649 241 2128 6417 3222 705 5708 5853 6691 6132 6219 5745 6118 797 3980 3070 5019 8632 5039 5599 4681 3998 6324 6833 9788 1937 6153 9613 990 9422 6762 3985 8317 4422 3956 7537 2016 7471 7820 5885
96 3353 1572 6638 9440 23 612 3533 2785 1285 4068 747 5115 2305 7481 6382 7976 5574 309 4408 2101 3346 704 4486 7800 1784 8920 9880 8076 8518 2281 2318 1610 7745 6824 4997 6188 8330 9839 7275 1395 2255 6434 3454 334 7429 6025 8661 3415 6701 1761 6044 2666 8762 7075 3211 1439 4934 2108 6518 211 2070 7143 7879 7732 8138 8208 5087 8048 6700 1077 1814 4024 2934 9859 9623 7101 4979 6478 3219 3687 9865 6201 566 2537 2514 7223 3226 9383 6094 8298 119 5915 6810 9643 1177 6405
89 5482 4141 601 8579 3452 5041 7115 8027 2 4217 7020 8540 2141 2752 9752 3266 2126 1969 791 7327 319 1245 2531 9753 2158 1882 9457 7869 8476 4520 8894 4941 9087 3606 7525 3982 3174 4147 4985 7001 9844 2500 1873 8675 3175 6670 2372 5971 8129 14 4838 4740 5001 756 9487 1338 307 1806 2598 1101 2458 8704 8664 5607 6855 3221 1570 6281 3447 2883 6040 8823 218 8533 517 6506 3311 8682 3758 5489 2829 5481 3106 9015 5204 6088 9941 9932 3595
95 3187 1141 9488 2146 5147 6668 5467 8657 5492 9202 417 2916 6032 3844 8234 7482 4677 4104 1677 3091 7538 3997 4621 4809 3904 6854 2289 5861 4432 9203 1671 8988 594 2725 4945 6707 7531 1389 223 6367 237 9365 6829 3199 2973 5833 2617 4633 8871 6904 4280 1713 3605 2387 2130 4051 904 8757 9671 2270 1702 8054 6140 3600 8473 8600 6070 8071 6116 4427 8344 7687 2553 6139 2884 4850 7717 7551 6713 2422 6784 8660 1634 9030 8916 6029 3931 8585 8290 2349 3580 7153 2623 6202 7527
85 4611 7883 7229 7006 3482 4754 1531 6754 9304 5461 6407 1250 4629 6912 2677 7086 1996 513 3528 9183 9533 4454 4044 4325 5235 8483 6329 51 2230 6069 1226 1228 6651 8347 5249 7560 3124 331 3849 8390 1467 7043 5093 1494 8254 9547 6540 5565 1606 514 5741 4054 3884 5272 3276 3007 7624 2665 3485 7067 6937 945 1478 9715 9468 3002 8772 1811 7972 8672 7730 6490 5937 6012 5471 8484 1615 8105 7631 5216 8268 7533 98 4171 4131
95 820 5777 1833 2607 9498 4632 8026 6623 7698 8624 2506 7116 3164 4718 3755 3722 343 5683 5188 1593 4137 80 4452 3465 5878 4457 8904 5568 8944 8652 5350 3035 3191 5480 9821 6814 8145 7007 1097 2790 8639 4180 3585 6892 9902 3801 7859 5718 7044 9430 9681 4112 2951 7546 101 3204 8133 6494 3594 4868 5043 7832 483 2650 3788 8662 1561 1476 5321 1605 4029 242 7562 712 8789 3374 9661 8084 8032 9633 6327 5633 7677 1967 1071 5844 4674 9971 9161 9403 8167 5836 1099 7534 7207
93 8598 1048 9858 2847 6062 553 4951 9747 191 7120 667 4824 7323 8053 2323 6211 2279 8594 8176 590 2782 1238 3619 2334 1932 2674 3427 5911 848 8238 8603 6860 7268 4898 4178 3506 1166 6582 8892 9372 1934 5847 3879 2675 1352 7739 9796 9595 4146 1840 3499 4492 1376 9624 1780 5357 7040 500 268 8303 3466 8795 4711 6568 3793 2486 269 4971 4000 1586 3947 2612 735 2732 88 2046 1594 5386 621 2749 9045 1601 2487 6442 7926 8774 8583 4708 5851 1690 6843 496 6246
94 9392 3875 7427 7901 2091 90 1425 4701 9591 5903 1751 7042 3324 3659 4717 1278 3811 6563 9974 2137 7679 167 9955 3205 9272 2908 8022 8911 5739 4348 2542 4900 576 5028 1218 4124 1526 4732 1402 292 2495 9655 7989 3622 3923 9160 3393 6345 4448 1552 3463 2508 3370 3213 2462 5394 263 6850 5755 3231 9998 4812 759 2596 6957 7325 5676 4220 4102 7034 5995 5437 963 3154 8556 5232 4664 4367 1279 7411 7542 516 3197 9987 1105 1550 1607 6320 2594 4585 6898 537 5674 5921
94 3016 526 9742 5160 9246 5097 5241 9257 416 6778 4458 7449 8841 3373 5456 3455 4573 4628 7974 9825 393 8798 9315 5850 6817 2797 7592 4017 1602 431 5100 9634 1290 9917 9593 1799 359 5768 5852 2842 799 1744 6484 2730 4199 2671 7587 6100 6365 1496 7909 9264 3650 8401 5880 803 5154 4648 2174 1366 2271 2045 7963 3445 3915 4285 1357 8467 8998 8408 7902 2374 1318 5624 8940 3438 6141 2393 7711 4411 5882 6308 1629 8596 7319 371 4556 4526 7399 2956 6017 7134 9784 9895
96 5832 445 4049 688 7539 4166 5324 6294 8513 1205 1590 8745 4436 8699 3702 1123 3283 3733 1588 8954 1994 147 7239 8609 7988 5587 2266 2247 4874 3018 9658 8289 9818 7875 532 3286 4101 7076 5000 1742 2720 8956 2859 8248 8345 6735 3974 1661 6772 8621 1413 6611 7564 9507 1511 6204 56 7994 5631 5415 9867 3248 8230 5444 829 5267 6549 3296 7057 3509 6391 146 1232 1481 9945 9101 9977 4039 754 5819 5582 7121 1474 1765 3710 2942 4895 4518 1079 788 6157 3059 2587 1868 819 7364
87 8141 586 5919 7662 8698 9688 476 3765 5528 446 3333 1860 69 9785 1152 4123 443 4082 3318 2018 91 7872 4089 2435 2470 689 987 6872 1431 8224 4431 6574 1168 7400 6460 4823 1919 510 7846 2977 2404 8007 4829 5220 2939 5732 3684 96 1536 1886 7676 6962 7181 1336 8420 8921 5799 976 9294 3394 4663 9519 2461 2764 757 4620 6636 4624 8965 7287 1374 6499 3450 4061 8749 9134 41 6988 5678 1891 3279 5178 5470 9481 4539 470 2388
88 9106 6229 993 5703 1595 6796 3630 8851 4091 9797 9930 6234 4607 2930 3716 4181 5318 7488 8257 1521 9989 8532 1258 8828 1730 9289 4174 3212 6015 2558 7815 7284 4519 1182 2913 9497 5689 5259 4749 8334 9185 6544 2683 7586 8124 8578 7763 5622 775 9066 2485 5242 9776 6689 1845 3718 6394 348 495 6894 1356 4154 9638 3864 3823 114 3578 9348 3996 5686 5009 4608 4798 5275 3406 4981 3207 6028 9452 1323 3366 1739 2957 9838 8351 6164 697 63
102 681 9159 2417 1752 1125 698 3361 3972 2813 9227 8919 7982 2971 2037 5207 9621 8074 5829 6681 1575 2801 8368 6622 9407 851 3040 996 9182 7240 1767 670 4500 2009 3229 5035 1419 5036 4990 7824 6997 8437 9809 3314 3435 3456 6082 1147 8446 3778 4090 6026 1963 4637 3888 8362 7053 3616 6786 2219 5642 5447 1117 7829 613 507 4752 5246 4475 9730 3945 4991 8525 1757 2515 6346 2361 8785 9373 8881 4537 7892 6355 7987 5657 7734 5660 3459 1209 2498 5805 4811 4695 4237 7729 8037 282 1503 362 9192 1651 5193 6091
99 2038 5057 7313 474 9248 6687 330 2855 3383 9251 6363 6030 1175 1608 8445 1462 3610 6262 163 2468 6634 3541 1151 2536 2433 8263 3037 6186 5146 9339 5523 3481 6256 9921 5175 2062 4383 2382 403 8538 1962 6665 7792 6253 4160 178 8109 512 3692 7615 4815 7514 955 4946 6725 3408 7628 1246 6527 9749 7070 1649 3475 8397 7821 151 1703 7862 9399 3676 5792 5217 9063 2336 6799 1997 6887 7595 399 44 8994 7544 2510 9863 7107 2501 8880 103 24 4890 4353 3826 3403 3285 6179 4747 7722 7577 6207
90 6570 6392 5552 2711 8948 7793 8971 6640 8481 8503 3149 5751 5128 1499 6748 4455 2353 6995 3680 4739 2024 7952 3881 8500 7065 9898 5315 2525 5278 8974 9317 257 991 8889 1754 1069 778 8821 6178 5974 7388 7809 1721 7258 5132 2615 559 604 982 9570 2753 6106 7834 7999 1240 912 1710 8827 8444 5778 2827 8825 7627 1755 6834 6194 9206 1153 3521 8104 372 808 2778 9069 1378 4571 6745 4615 4228 196 3959 7741 8228 3404 1473 836 2634 2630 1911 2507
90 327 3387 7995 1573 159 8447 328 8170 3051 1014 5129 1100 7351 2350 1325 4715 6516 5082 3851 7203 6500 4795 4597 6128 4377 2409 6274 4465 1725 2039 789 4736 400 6037 4262 6609 9281 3402 9979 1292 1960 2066 5198 6174 5450 7112 8378 8148 1052 8926 7184 2193 2475 5731 1977 222 7889 8158 5252 1073 4389 1190 8379 6682 9005 9171 9026 9493 4772 9331 5221 8706 8811 2376 2063 4287 7923 9642 205 2345 7789 2789 5374 1027 2620 6639 5284 6121 2678 5987
100 701 9282 4581 436 8568 7984 2442 7011 3519 3698 130 9884 2767 8530 3623 4784 375 9777 8651 8281 5022 4703 4282 1998 9795 484 36 4190 9798 5900 8912 1089 620 5055 332 8067 4844 7334 2647 258 1319 3147 8989 5451 7549 8185 3065 2967 9800 557 5767 3108 984 2324 2872 9598 5076 999 2364 64 3602 4541 840 6058 3621 5636 2192 7959 4725 8656 562 4216 1513 3223 3307 1982 3613 9108 4336 3163 5017 8747 5615 1815 9112 6059 4517 5559 1486 8416 4590 4461 5257 5779 9431 8753 849 6576 2103 4087
103 1826 1965 1466 724 750 4805 9850 9104 7173 3302 7636 3867 3950 8872 1558 7769 9322 171 9773 1133 6779 5351 456 8111 7028 6369 7768 3558 2027 5176 9994 3215 2989 893 8511 5413 2547 1158 9689 5309 3631 6813 3290 6085 6018 5579 3629 5367 1642 1046 664 4368 3096 8882 8942 2278 1571 3418 4106 3552 985 3125 1623 2319 8259 1624 9239 6064 1940 3999 4491 944 3843 7565 5684 4563 5735 5824 5190 9433 932 2109 2896 2197 894 1957 7154 4196 7463 1798 240 8750 3168 7900 3072 6722 7174 1313 8412 946 4635 1185 4678
96 7674 2182 2698 994 7343 7395 6200 4773 2604 3385 1976 5895 676 5005 5860 2394 6027 4323 630 1322 8620 9107 8506 6562 6473 7597 1118 2654 525 2799 8131 5509 1647 7672 1908 9677 1747 5428 7589 189 2682 2645 9008 5972 2540 6321 8223 4488 7124 6594 7700 6170 7221 5806 5493 7292 440 6526 6863 6900 1733 5630 7640 6529 1284 6165 7434 3862 423 1953 6848 9569 8169 4270 6076 4905 2269 8247 9285 4702 2779 6972 2088 5734 7246 1801 3474 4940 2213 9995 1954 7555 3048 5065 4964 6627
91 5835 4974 929 1359 1468 5771 9635 5740 5031 3476 9378 9735 5244 4156 1795 6767 5783 8991 2154 1542 8791 4487 190 8005 902 7680 4110 871 4958 4579 3364 2943 2651 9127 9029 8967 8824 322 7459 3136 5782 1418 376 1170 9923 2369 6742 66 5827 8599 2445 1495 7353 9426 5236 4609 7578 8643 9085 6777 6270 7051 6349 1157 136 2002 8748 9722 9306 5649 2079 7486 113 4108 5560 4360 9962 2866 9148 4840 8658 8272 7002 3074 1672 6332 3868 3422 5273 7652 2980
87 333 4935 2652 5325 6897 1271 5756 9942 4765 6151 9506 5675 9459 6889 7699 7295 6283 6504 1217 4252 1373 8746 4069 9238 7777 8673 9939 243 5168 6331 8588 3069 8593 7743 4040 7257 6893 8284 5169 8144 2184 7056 7701 8384 1314 3061 8329 5477 4139 9312 9098 7898 5958 9674 6050 5692 1652 7350 1563 19 7098 3000 8612 2628 1200 7302 7451 8474 8252 459 826 8818 2953 6832 1800 5813 8516 3796 5526 2008 3101 8640 6235 9544 2952 511 75
90 9058 9049 7914 4760 4801 3827 275 6785 551 3579 2693 5153 3951 5566 9836 2051 9263 215 2873 1740 5058 9121 5670 4358 8463 8249 841 7046 2538 2457 5474 833 546 7000 5124 741 5405 5137 8855 8752 7288 2632 3646 1358 210 5104 4477 4424 9050 2466 3799 9427 7248 4645 7217 4534 7103 7225 4372 992 3337 5641 5494 867 6923 5328 4283 3165 4209 898 186 8902 3559 5158 8527 4531 8343 5985 5725 2054 6495 4947 1655 5859 6271 4897 9847 5988 9982 7456
95 2603 3440 1769 2378 9594 2766 6597 3119 9820 2890 9568 5545 4650 8885 9052 1422 4710 952 8439 8549 3411 8108 3049 7087 4514 3479 956 7915 4478 3480 2194 7405 4640 5090 2176 8025 7419 5322 3362 6138 7466 2050 9332 8350 8507 2416 709 8332 7682 3700 947 920 4421 8688 2034 1047 2245 3805 9717 6946 1584 4143 4924 6505 9846 8869 260 2861 9234 6641 7269 8430 2317 217 1331 8853 5140 6981 5016 9034 7647 4666 3196 6169 3663 5054 9580 4586 2493 7841 2809 6133 5561 7559 9138
96 7782 5062 7760 5801 7337 1035 4057 7031 8710 2649 2777 1037 6970 6493 1442 3150 1890 9484 8701 2166 9678 589 5901 1547 8201 5433 4566 7880 3299 4953 9491 980 5369 8700 5293 619 5142 5384 5059 5311 8214 6672 54 7928 5998 8558 4430 4599 1102 877 8842 8436 1771 8489 3723 1664 5775 7200 9119 8087 5199 2425 1645 8804 6678 4133 5034 9088 5271 1384 6126 5339 9550 5011 9036 7139 8836 2177 1538 9253 3214 2691 3936 2275 2448 4762 8024 4793 2371 9650 6264 4419 6537 9799 2497 6906
88 7277 666 5645 8669 9288 6347 1437 3258 4507 7638 7335 5247 5387 7026 434 6922 9937 6016 7668 5706 9504 1487 8285 1160 0 7338 8256 1253 7931 6584 4055 2955 2243 8391 6171 5501 1889 1867 7873 4284 8455 4379 5332 5854 7509 58 1145 2342 7238 6439 2581 3129 6977 1169 3571 6724 5651 9626 2723 4861 1087 9644 5754 9102 8030 8382 3309 3469 9374 5589 828 2282 8192 37 3045 9582 547 5950 575 2357 8501 1270 5621 2556 5418 711 531 6148
89 8044 671 7794 5944 1691 9200 7689 7752 1772 9966 3762 9076 2841 9907 6322 6292 7286 1138 3949 8012 6427 2637 8365 3858 8646 6971 3711 8262 3865 734 6385 4292 6357 7209 3863 3670 5963 4873 9750 8536 1303 5118 9434 3317 4098 1498 3028 866 3063 6696 5373 8990 5505 6078 4843 4555 8310 595 9709 2026 4742 4604 1043 6193 4330 4269 1234 8361 2773 8275 7665 8427 4036 2437 7048 1930 5294 4877 8100 8061 6068 5092 145 8744 4540 764 9860 4594 7368
84 2446 1813 395 7179 3505 3128 2152 4996 8797 5815 5310 3953 4622 1025 4933 2236 7381 970 2608 320 541 8577 1525 4025 194 1032 6690 1694 3743 2928 8159 9871 1436 3819 3771 6114 9694 7973 6716 7702 1636 8780 6166 938 7795 6376 7206 2945 7365 8321 8866 9509 3371 3822 3638 1006 4806 9028 5722 6243 5933 7182 8157 9496 1506 351 3838 7583 455 3614 8845 415 6305 390 5609 9767 7837 8353 9645 6680 8470 5473 4978 5666
91 3155 8090 4469 3288 6770 726 2330 4807 8592 702 9522 7894 9219 1124 5151 1260 1515 8937 6618 3225 7349 7866 3439 8581 926 9954 6160 6515 8655 5382 1986 6033 881 7863 3817 6449 3020 5441 2316 5108 1483 3759 9 8601 1137 6448 1535 6075 3599 8975 8614 1161 5614 8155 8116 1578 2684 490 7684 6827 9985 1252 2898 1844 7797 6934 410 2471 8738 8951 9205 3577 8929 7228 8770 2104 6408 5527 6867 4026 796 2189 2915 2481 7322 224 2661 9154 1635 4347 3227
92 8078 2452 7642 1130 6154 5149 1956 1746 4238 1816 7309 6935 5112 8733 5855 1554 6073 4227 706 5307 2138 4858 1750 9585 4969 9892 6738 141 4630 3912 468 1317 4272 5781 8089 7706 9952 8755 4100 3834 5611 6728 9068 8020 4218 7588 9381 7233 7831 7265 4332 1457 4335 7196 3047 1918 645 7733 6905 5003 1502 7428 2988 4653 5078 9512 7685 4225 8729 6290 9879 6774 8323 9572 9766 1576 7604 1958 7280 7858 8218 3653 9463 951 5736 950 1345 4235 3444 202 7162 519
90 8858 5465 3877 7639 5939 1364 552 4660 6864 2244 9804 3866 291 9268 8615 5705 5 2359 6710 6105 8494 9235 9395 6747 7748 4341 5822 3683 4527 363 3565 4062 9842 8213 9529 4657 7423 6999 6693 2825 9249 9222 2833 5306 8142 2893 6433 5356 1488 5627 4570 5287 5884 7585 2133 7141 2941 2592 591 3550 7095 4928 5421 9663 3270 8357 4810 1827 7339 1628 9948 7376 7074 2250 8777 6251 4381 7991 9912 6159 3979 4699 7852 7997 4775 6038 3080 3375 6216 9600
92 3216 9872 8299 3704 405 4794 1768 7529 5113 276 7922 8464 3612 779 5658 1631 4393 4903 4093 2622 6267 7054 6994 1944 5512 2917 5757 8627 2843 2061 7024 1693 2646 2909 9771 8260 7802 7771 1460 7958 9072 3121 71 9280 2354 8038 4925 4288 8901 264 7757 4080 2256 6653 183 9209 9469 381 5464 2899 1216 7964 6685 3751 104 3189 725 7017 3673 9486 8633 5445 1546 6569 5629 8306 7477 3649 8979 1705 8893 8792 2273 7934 4963 283 6656 2582 4821 4576 4901 6575
88 3491 602 8372 7047 3235 2335 8415 9951 6250 16 5668 4400 5181 6718 9258 3238 8681 3537 1093 473 2644 7347 8873 9762 6312 9554 3156 111 7330 790 5601 972 1000 8562 2412 5791 7596 5828 3488 1176 8278 909 2944 5808 5379 5202 713 9666 2125 8373 379 4033 5248 505 2087 7975 7064 8198 6736 6589 9396 7780 7446 3093 3966 7137 9086 9305 8014 2162 9657 1031 1857 7128 6317 8788 4407 1305 8117 5344 6573 2907 8941 6542 9109 1993 3748 4300
91 9145 9888 4473 1660 7781 2090 5049 8177 4994 6992 1670 7394 9699 8778 8438 1560 1421 8063 627 8765 9241 6985 2295 8634 8564 8239 6395 4642 3934 1485 8876 9499 974 7415 4679 3742 9368 9575 353 4591 3563 3310 865 1459 7620 603 7623 2204 7099 48 5270 1598 449 4125 6807 1848 1 7808 2492 4261 4911 5572 1884 3761 6373 2180 1528 6886 6109 3990 9176 4176 6602 5120 6782 5359 1682 8736 7508 8559 480 4841 3421 637 8771 8132 2901 4063 3071 8465 5723
94 5371 9321 4398 9960 7205 1312 7235 5889 9743 9131 288 4006 5516 9612 653 7992 4250 5797 1612 6731 8754 9803 1243 662 2794 9362 8235 2142 1839 1797 7661 615 2068 6705 8808 4168 2122 6954 4892 8659 9179 2017 6486 9845 673 4862 1662 2464 30 7171 9424 4340 5485 7737 4893 9587 2321 5617 6083 4763 9783 9911 7550 5929 1945 890 6805 3726 9146 7452 6254 9167 18 2694 2383 1454 3239 2862 2567 2703 8987 7856 501 9293 5618 2985 3872 1001 8715 7908 7049 6835 722 9604
86 4119 6603 773 352 3878 1339 227 1067 1818 1410 5349 9079 432 3442 8471 5436 7865 899 7061 7117 4692 4315 8460 8322 4079 9737 8206 1423 5547 7536 4921 3298 8413 4456 9651 5162 4511 6721 1223 9763 4779 7431 4312 318 8860 5648 8867 6353 2411 4191 4865 2307 3329 7285 5750 9946 4159 935 3749 9574 7954 5172 9013 8449 6917 5155 9301 8045 814 4450 2095 6717 1543 9679 5231 65 7726 3816 3349 2895 4962 7854 2406 7341 8385 9577
84 2822 6042 7937 9054 9662 766 188 7694 5472 6003 7191 2756 1024 7579 8751 4655 6348 9097 6794 9302 6341 6859 5138 7896 9078 5302 74 3500 9870 5277 7835 5068 5314 7925 5584 9089 8505 2153 3453 6882 6206 7157 3730 6508 5909 568 5346 6837 6644 418 2432 6079 649 9981 9534 8429 244 9693 272 3397 1078 317 2421 4463 5184 3478 3352 9170 181 509 5466 427 453 2385 4197 6823 7764 2850 4707 8819 1315 977 7911 2288
88 3831 746 5354 1942 3665 8983 4568 7402 8400 1036 5127 9224 3259 9967 837 5726 6966 53 7870 2838 5353 3644 8488 1174 4185 7916 1897 219 1676 1082 2835 8917 6914 2891 8907 8734 3131 5290 781 2463 7712 6291 1774 7146 4471 5842 5095 214 1122 3343 9323 3971 4406 2447 5957 8082 2029 3737 8997 5431 807 6043 2023 3768 9639 1534 5141 4075 6465 8160 2483 4783 7052 1790 9277 7125 8803 6704 9579 4274 6184 8986 8270 2099 4254 8265 9558 9307
84 8725 3423 9284 7382 9718 7222 9460 1712 7183 1909 9933 4279 9984 4 6374 3367 3671 7621 4278 6551 3300 9622 9583 9393 4444 3130 2511 2320 3105 3228 4818 1825 2178 2548 8106 3356 7949 9287 1929 4343 6749 6006 7491 7725 2006 5652 1832 4656 6403 8196 2299 5640 2118 7093 4357 4016 7634 1992 2277 4198 162 6477 8531 7905 1086 661 3081 6022 235 8708 6002 7106 9894 1446 3962 9869 9094 9829 8151 4923 1653 6806 9204 85
92 3709 9328 1831 846 2793 554 9075 6093 8431 3618 350 2384 8327 7543 3323 1907 3122 221 5499 703 6676 4394 9943 2687 9986 177 2961 2601 550 3176 9274 1269 1849 7503 7032 6354 2935 2020 3839 2033 4919 5993 2082 5962 1905 2220 533 2869 4373 2326 7558 112 2653 8758 1013 4321 2660 3378 7447 3263 1084 6558 3900 4939 9357 1475 9649 6592 2875 4121 7197 9508 6289 9022 3351 1281 634 3859 3547 4291 860 8776 9904 8918 7470 5050 8240 2386 7655 4690 7260 6090
87 1999 4322 2823 5030 9740 4474 1196 9361 5529 9685 2858 1700 3417 4391 8575 5229 4495 2346 4722 4298 3486 3556 6212 4672 5274 7111 2179 2832 5183 4864 7812 313 7336 4504 6590 2502 9116 4376 3095 1056 7884 6945 2171 4598 8630 6426 9390 2077 9876 254 6565 7673 5013 5825 6249 6336 1286 9920 179 1164 2742 3787 9275 9114 4755 2190 8485 752 3713 7601 1786 4337 3988 806 4580 3583 8582 5780 5317 7965 561 2585 7978 4097 3021 419 1199
91 2849 102 7828 3968 1539 5613 5952 5475 4088 3501 3316 2169 7161 5612 4249 1448 1239 605 515 1042 5201 1344 760 674 7927 530 8274 8783 5502 5976 1248 3398 7614 8617 3797 9654 8189 4658 2878 2019 7532 8814 4743 6836 5581 7012 9453 95 6362 3287 6492 8773 255 1224 1581 6739 3162 9779 4618 6788 5602 1180 7940 4626 9775 7274 3053 1501 8126 8905 6501 1005 6659 9523 4927 8810 581 6503 6041 4735 9687 5948 5372 3468 7424 5877 126 8964 5644 3952 1289
85 6781 4852 9211 862 2803 4797 3681 5564 9492 3339 6231 6509 4966 8261 4910 6113 7383 6876 9721 4942 6658 5925 1340 6295 5253 4799 4247 4289 2071 2083 1074 5578 8859 7645 2188 2397 3975 7941 4992 8826 6684 3806 7919 2560 1530 9344 9421 2287 733 1057 3574 8029 6400 9070 801 1743 6020 4899 4606 6019 5961 8229 7818 3133 7933 7501 5873 1443 7360 2454 6797 2927 3930 7807 6013 641 6008 4683 5432 2925 3334 7187 3634 3517 694
89 8786 5262 9692 6319 7494 1734 1556 5077 487 5669 4896 9559 5826 9627 721 238 7842 132 9665 5863 4015 5010 6215 8914 252 8874 1427 6708 4163 9067 5192 5279 1709 4582 4565 140 228 55 3584 412 777 6457 989 1094 3152 2225 3657 611 6350 8221 193 9169 2407 3193 6343 7476 7943 5468 8403 9230 9386 1090 9319 3658 765 4968 7204 4324 9849 8739 8985 4326 9221 714 859 1947 8846 9476 2712 1385 7089 1295 2143 8187 4502 869 3188 7460 9958
82 8424 1641 1377 2864 8432 3937 7475 4067 1520 5696 906 9397 9115 9096 4983 1236 5912 7605 9745 150 2853 3821 9660 409 5704 4542 7190 2028 753 4435 4021 8335 9628 6368 5080 7150 4713 8255 1401 5800 2882 2060 7172 9794 8498 5531 3013 1789 4847 8396 6476 9266 5986 4826 3245 9944 5099 8930 6095 9265 1663 1859 8010 5085 9813 3752 6431 121 3014 253 9099 3041 8731 4352 7817 7371 4268 8539 966 6952 2719 6804
84 3883 4764 5233 2496 6497 8523 182 3701 9940 2459 850 273 5263 2253 5258 2352 1604 1095 1412 1414 8442 365 1440 8718 4950 6419 8517 3882 7993 1081 5403 7291 1516 6210 4440 7983 1988 4316 2780 92 133 4603 9455 2546 6706 8095 4819 8210 5081 1195 762 3432 478 8626 7632 535 8161 9965 748 6122 6196 5449 9318 4296 3224 1718 7868 485 889 3909 7738 7090 3451 587 3522 7008 2031 9786 6650 7315 4875 3504 9700 8311
91 9413 4065 5370 1492 9447 9957 1348 6461 8903 5938 1407 8890 1964 6445 82 2664 2701 5990 7158 6049 8970 1004 7878 3587 4134 8349 5887 6162 9949 9436 7038 5763 4638 9690 718 1309 4687 997 4266 2539 1935 8035 924 8371 4986 3382 7298 6375 2424 8796 7310 4883 9564 4970 4149 9999 299 324 3790 9928 3539 4879 774 6949 4972 4876 2958 6645 3624 6080 2529 8127 2545 6751 3848 2926 8058 3943 79 426 9778 5650 6798 6266 5928 4516 518 6942 3570 6632 6479
83 5014 6891 2517 2713 4397 5008 5608 9336 2365 7421 4803 3694 3278 9702 9817 7416 5460 4009 8884 504 5714 2258 2609 385 5742 2574 9725 4083 2303 6740 4641 8477 8122 9035 9482 2948 7554 8939 239 6429 6941 5073 8886 2114 305 7167 2251 4258 2206 7750 5174 6628 5399 4305 524 7168 9801 4778 2676 8301 8181 3924 6108 506 2619 9503 7480 9201 4741 818 6222 20 6921 3734 1015 7029 6755 2380 5021 1946 6279 7215 7234
85 4172 9714 1472 3384 3171 9913 8227 89 4937 8130 3396 1053 3898 678 7957 289 3332 3847 2298 4975 5446 6902 2313 9059 22 3724 4885 230 8150 5119 5222 1837 70 452 6287 2808 642 911 9906 5417 9769 7104 7962 7344 844 4120 3180 6998 3301 1927 6146 6617 9471 6387 8186 646 8984 2997 5616 5111 1026 6401 1987 8806 8557 6066 6548 1497 3483 6273 9181 2991 8203 787 5795 7100 5491 2306 7801 9444 9188 2530 8307 2494 7492
83 1717 3815 8546 8545 4447 1893 5973 336 7929 2228 170 7798 3295 3907 8277 7667 408 4096 8006 8913 6099 6686 5303 3170 6978 3544 4229 7455 1207 1011 1435 8047 6238 1214 5766 8231 1972 1870 339 9411 8338 4276 7102 2015 6698 131 2889 5590 830 1763 4836 2229 905 4187 7573 4686 7646 6896 6984 4253 364 1072 7594 4569 1328 1527 5728 8955 2257 4138 1333 6181 8244 7968 2441 4548 9388 4832 8768 1367 7947 9837 6422
81 8220 1386 4830 5326 3929 5967 3534 7329 5942 7384 9592 8833 6815 3292 6868 6554 7185 2429 1854 3669 6112 2331 4205 3780 4004 8469 6277 7462 9548 4782 8296 76 8844 6763 2314 5600 198 2534 1482 4157 9359 623 9283 6539 3639 6334 9596 884 247 1720 3615 7762 9195 3967 6870 7255 9541 3497 4558 206 8079 2074 3699 8838 2434 8363 2667 2264 8002 6533 1943 3274 7731 1288 769 3030 1875 6061 7718 8805 5738
82 9738 4078 9925 3562 816 626 7787 5334 5213 5914 4870 3560 2195 7528 294 1923 795 7259 35 7299 2591 2748 5784 2021 4145 4413 465 1545 5121 4684 8862 4047 3058 6927 2643 5347 8665 5894 600 4074 4748 3220 2704 1142 5577 3102 8996 7236 7129 1640 2754 8537 2602 4439 5164 5094 2073 7686 3523 8521 3861 296 11 6239 8302 149 1254 9353 7396 7413 6532 439 396 7951 8487 8743 7772 2532 2456 3857 8887 2254
79 3117 8849 3611 5535 8468 6578 3460 854 4769 7244 1756 2430 5117 1562 1430 2569 9540 8958 9184 209 311 8377 2983 1895 1477 1242 323 5659 5530 2260 3507 7432 2044 2606 6386 6192 6471 9207 5504 914 5191 1866 4902 7778 9040 335 834 1231 7563 9875 4987 5923 176 488 727 6662 3538 4242 5243 1183 8188 1277 6260 3493 8695 2505 6901 31 3057 8891 8070 6633 9968 4135 9555 9882 2783 9418 1445
90 6440 9832 6950 9155 4107 9887 3628 534 9166 3899 9787 6655 3201 3746 2860 2906 9640 4018 4192 4314 1760 9329 2129 6522 800 2161 1028 4931 9270 9126 5023 3637 7950 38 4882 4515 2923 2276 1650 986 7860 8066 125 9217 8761 7844 1830 234 8732 3470 903 6306 2568 9077 583 5628 536 7079 1565 772 8496 1273 9746 28 6297 707 5892 4816 8102 5922 5358 9608 5305 632 5408 737 9576 8110 7166 4437 624 3589 1150 7885 1551 1791 1773 1637 8694 7796
80 175 9215 2381 7297 7487 2241 6265 8080 6046 8003 9606 6150 3620 8237 6421 4867 5525 9856 675 9546 883 6361 2322 9240 9853 7468 9308 1883 6472 2286 3794 6918 9412 9247 7766 5811 5803 9370 8426 9672 3446 9091 4213 5943 3677 2979 6323 1828 2564 1654 6760 6939 599 7314 9401 8692 1335 7170 6514 9834 3338 7145 2476 5872 8763 1061 5337 1470 5936 6932 2737 3083 3719 5789 1559 3530 4014 9255 1921 7326
85 6423 6669 8246 4236 5941 1330 6819 8118 9019 6459 60 2815 3744 7177 7723 7773 738 3703 9909 3019 3001 9394 939 1368 3489 7316 6535 1871 5355 7651 413 360 2590 2474 2116 529 9216 916 9135 6915 7077 580 9060 9707 1070 3495 5646 802 1876 1272 8370 4509 2200 3253 3880 1471 6054 7710 1970 864 3395 5620 6259 3413 8508 5992 4342 9193 8433 1017 809 197 978 8146 5569 3355 3092 4592 5960 9018 2668 6055 4184 4916 6491
82 207 6021 2550 3496 7946 6729 8166 6664 6258 7724 2755 7109 9454 873 5654 6379 5693 1203 4673 6437 7393 3803 1306 6300 5935 9733 9178 6606 3608 8245 3548 8832 798 8616 4547 3686 1261 918 4417 1853 1451 1453 367 4109 4328 3814 6884 8843 3293 9567 355 9144 6528 148 8705 6023 5563 3564 1438 7303 5715 8962 8742 441 2065 4008 6325 5196 1939 2105 4913 2999 340 2291 8589 6498 8216 3529 9802 8314 6065 6172
79 9014 7735 9443 3247 1060 9037 68 3643 2715 6474 8950 7442 9150 2049 9590 2167 3242 2096 6446 107 1194 6559 6553 9314 5821 5700 4363 9376 4489 8215 8878 9703 2897 9218 9228 1490 2014 1621 8915 1892 7363 3920 3853 3662 9297 6009 5205 538 4404 1656 2131 3773 4886 8457 4142 3597 5004 7469 6903 7301 821 3688 4150 5702 9878 4646 2211 731 5747 2848 8011 937 1916 6524 4714 7805 4605 5690 2149
78 7678 4052 8404 9038 523 8654 2954 271 2512 8875 8949 1863 7650 6869 4005 1913 9391 1055 8727 9599 1917 9461 4724 9451 2707 2892 4483 7765 1980 5429 1349 3892 6252 2370 3416 3360 3246 1091 6908 861 9334 3889 1171 5299 8168 9810 6726 2695 386 1351 3596 8119 1523 6958 8459 97 5891 4731 1463 4073 5902 1018 7600 9004 4908 8555 8043 2844 1227 9041 8830 8305 1464 7938 7123 5717 7568 7899
78 78 3902 6956 6982 9243 3991 1842 3027 5345 477 4151 2578 4144 1961 6485 9147 7016 8381 5167 5170 2738 9437 1836 5496 5843 1301 3508 9500 7352 2986 7009 9187 1489 387 6010 3251 680 2817 9256 9996 9712 6220 9823 9276 3928 4738 2488 7023 8671 7783 7398 1296 658 4211 6913 5143 3593 2575 897 1966 9539 1731 1869 8802 4369 7517 251 6783 9347 2041 3958 2075 4791 7294 265 6173 3107 5453
84 7584 3256 4634 3775 548 5069 3575 1192 3921 7516 2573 3518 4386 338 3757 8966 9874 8526 8320 2673 9565 8897 2238 9975 6615 2064 1609 1007 1039 1872 6531 4665 9815 4443 9862 5488 116 2818 4425 2589 3502 9448 7130 2010 8787 7853 7126 3250 4434 4129 1673 5295 716 8900 1625 3569 4670 5469 7786 1432 7266 1208 284 8075 3994 7998 1995 5996 1728 7705 6660 573 6358 5256 2067 8374 1678 870 9330 9410 5410 2155 5707 8636
78 2600 3233 3210 6720 5984 8073 3640 4802 2769 3763 7084 7575 4084 8697 7180 7728 4309 7375 690 2762 2136 8553 1707 420 7078 3304 7401 3545 8258 886 2924 1329 9964 8861 1244 7312 4423 2551 965 3401 6072 1054 5746 6991 3576 6768 3960 1450 923 3031 2362 6571 7403 6468 7548 1902 6158 1202 1129 5300 7019 1716 4416 8554 2203 616 9563 172 8953 7261 5507 8402 2249 6732 6546 1990 233 3810
79 9435 7609 1512 8835 1365 9441 6857 5794 2876 4957 9636 8193 3536 5416 6255 9027 5883 8711 8933 7891 7751 380 9415 425 8458 7671 8040 4929 5070 9375 2867 3055 1589 1320 3635 9250 7612 2056 5994 8140 4277 1068 8908 9400 494 3535 8519 303 2792 1732 4056 4023 9083 246 9009 4208 4234 767 885 1529 3022 6579 7897 9881 8542 2626 652 1975 940 4380 2544 7861 7839 4345 9782 2528 3531 4659 960
80 2209 6845 7545 6671 314 1805 4169 6635 7060 2640 2048 1429 6556 1257 8266 7408 8417 2868 9485 2232 927 4589 4194 8042 6276 2595 8013 203 8253 4127 2325 8931 4696 1128 5874 7663 2576 9002 6741 3461 99 9232 1221 4955 8960 6621 2231 8461 5810 7425 4572 7373 8098 1510 6034 6605 7420 1251 6642 160 7567 8922 4265 9620 6769 7683 4961 6709 6136 843 9423 3664 1540 2670 2969 8387 6647 9343 8909 973
78 6340 7633 1938 6557 3169 9366 7251 928 1675 3735 8613 3177 7845 4001 3836 5796 3033 6643 771 7227 2679 4575 6328 8316 1132 3340 5407 6715 9919 5951 7906 384 3434 123 4410 6129 406 5839 3941 895 4855 917 7556 4756 1567 8999 8707 1632 8480 8587 6045 3261 2402 4837 438 8767 8380 8059 6825 6733 8065 5785 2784 5380 1878 7524 4042 7770 9001 3760 9586 2119 6821 1327 3769 8180 4625 4275
76 4189 1764 6543 8207 3833 4757 736 1051 3268 6790 3405 5066 6657 5126 4076 8050 8831 8572 7840 3604 5053 739 9153 6097 4095 4204 1622 2760 9908 2040 6145 9007 8591 855 9736 6757 639 4177 5695 4839 4113 635 1050 7438 8034 5816 5733 608 8817 2871 7547 1343 4920 139 1617 622 1782 7659 4267 8088 2285 5101 9124 2885 77 6929 8376 8895 4600 7435 4058 3633 3159 4418 7063 2994
73 8450 7576 4759 6683 4170 6959 5511 5881 1614 2965 3050 593 4286 5144 15 232 2439 9055 3741 2450 5163 2310 7660 3777 4577 2280 7243 7753 4988 2857 1003 2092 7300 4382 7005 1936 1146 1667 2837 9196 8713 492 407 2043 1403 4493 6039 6853 3433 7083 7366 3365 1569 2455 8863 7311 5250 1912 6858 7714 1375 1237 9208 6654 2776 491 2123 2400 2814 4256 2296 7641 3767
80 6130 8097 7256 3756 4662 4066 9992 7439 5156 8625 3682 9956 9175 9384 1178 1016 6123 220 930 7526 4356 6979 2680 1121 2788 2722 1692 5397 4856 995 9090 3825 7935 2946 5281 8605 225 8094 1406 4011 5606 4851 1517 2527 5378 4814 6714 3820 4094 4706 6792 424 6307 4441 279 3217 2172 7819 3032 3591 6723 7465 4485 6661 4733 2427 5538 2962 892 3940 4995 12 9080 448 3161 936 5365 2134 2791 4644
80 7426 138 1817 4501 7511 1896 9695 1491 7611 4214 3855 4219 4529 1210 8584 6464 8178 2918 1009 9439 3420 5772 8812 3715 9854 7580 3320 1096 4822 4064 7811 9780 5818 8611 1085 8512 7118 6272 9367 1885 3026 3963 9616 6841 8175 2658 4800 3319 1781 1973 2929 2625 3776 8839 3973 4513 7506 8735 7904 7454 1162 1646 7445 5765 5981 8648 6631 2328 7289 6011 7521 2834 6311 1010 2444 7194 5562 8898 9510 7690
74 9189 2163 280 9538 6931 4766 5209 5917 8586 659 1049 4186 5308 5020 4636 3267 5052 173 6205 5639 8645 4758 2207 7703 5045 1189 2373 7195 7213 5018 7838 115 259 4601 9389 3034 585 8550 7013 4727 1613 8217 2047 3419 1213 8233 8300 761 5362 7372 2816 1355 9298 2240 3526 8428 8202 8622 7520 7342 7713 2731 5711 9320 5787 9113 9916 6776 9866 6564 1738 5991 1864 8629
78 4466 2414 4949 2297 1424 256 7581 9039 8083 7742 1267 4152 2036 9915 2058 236 6616 964 5875 7356 4385 9851 3167 1307 4691 3850 8760 8573 9502 2826 4906 2998 1544 5840 6406 7696 8650 3477 3786 3525 2187 4549 6861 7803 1088 8837 4704 812 3728 1591 1201 4846 7160 5807 458 8676 9402 5452 3627 3542 8510 9291 640 6761 1981 1393 6052 9774 4827 7966 120 6960 2968 845 3808 7348 9478 1766
75 2805 2672 9890 2156 5837 8339 8934 9646 3005 2140 1059 663 2746 8418 8726 2642 9864 8328 5376 8649 6944 1620 2132 3989 168 1643 1861 5533 5404 1172 4667 5869 6951 7740 8015 3828 1856 153 3896 6380 9197 4614 3567 3043 1346 398 9528 2702 9896 1619 1400 9521 7504 1696 9684 2438 9259 2443 6560 1583 2405 3842 6818 5907 1263 166 451 4643 3305 9697 4111 4364 3642 2338 5107
67 7418 2265 7132 1925 8440 528 5185 3350 422 421 2212 9462 610 466 4550 8251 1759 8004 2947 6268 3313 7036 9526 3146 4869 3846 6510 6352 6811 4294 805 4617 3983 7199 7924 7515 6119 8972 4059 3109 7823 755 8291 5931 5605 3428 9226 6608 5762 8719 1658 9680 7799 3424 6907 3157 6415 8165 5926 9723 6371 8092 5361 7747 4871 1596 2894
70 4960 9340 8085 596 6600 1113 6482 8717 5116 8204 4248 2519 81 2301 4231 134 4387 1433 5862 3234 6084 3908 8325 3336 8147 4281 6183 6674 8769 9309 2004 1829 5265 6208 9299 5214 369 9830 6802 8319 9553 5098 5150 6695 1058 6875 1379 3012 4333 3617 7530 5814 2089 4426 7754 2294 8685 3510 8522 9805 2170 4224 6881 5375 1136 5042 2804 4771 1298 4329
71 9371 804 3832 2086 7574 457 3312 3987 9128 7707 1197 9520 2358 9963 1794 9831 3783 7691 745 7379 2499 6436 9149 565 1259 8466 8602 7328 8191 8552 2262 832 2235 6337 1294 6228 2348 5443 9325 388 2216 1906 226 5672 2453 9597 2580 9711 2081 4245 5264 1274 708 2199 3498 6209 25 5677 7457 7332 2311 4479 9023 6303 4998 4354 7593 7270 9607 447 4188
71 306 3123 4260 9031 8152 281 6475 4099 1809 7151 8820 5086 1659 5542 2053 489 8410 8968 4395 7278 2541 8154 9338 9231 6847 3813 2513 8369 3392 1023 2699 567 1126 710 7346 6414 9326 4148 6438 1173 2798 9419 4482 8313 8571 9611 6199 1901 4854 201 4528 1979 723 6101 4848 1297 9335 9686 2638 3727 2938 9542 8077 2959 9505 7921 8514 341 6480 6596 8618
76 152 5524 8961 7708 5136 6888 7014 8356 9755 6936 3126 1080 4195 9980 1681 949 5744 4730 1592 7467 6393 106 3905 8687 3887 4158 3774 3144 391 9970 4243 9993 5291 4212 4612 394 858 3449 3568 5152 9177 1706 3137 86 3886 4750 9893 7881 7813 444 1265 2344 3089 657 4781 5623 4041 7250 6089 6679 3977 6899 464 1580 8567 5459 6447 4680 9615 2467 1350 3829 3554 9527 6511 2436
67 660 5955 7606 8205 6610 5934 8565 6402 3932 2293 5400 1241 7715 6452 7719 5580 402 250 7369 1821 685 3654 2624 8123 4792 2802 4130 7387 686 1524 2705 6115 249 1029 1308 6398 7656 2949 9214 2290 5688 4453 7510 7262 4499 4649 3077 3017 401 2196 2210 5518 9602 4155 2751 3729 6688 4297 7791 2571 7156 5918 3467 5002 8932 9770 3232
66 6808 4616 3720 9727 9826 8543 4944 3679 6961 6620 9120 3291 8910 768 4302 1198 5323 7359 9310 1354 261 290 5189 7942 3277 9983 310 3127 4215 2811 5122 5072 278 5519 981 3939 2312 1858 414 5419 2886 4860 7495 2696 6383 8021 786 3561 267 5088 7498 4999 7306 8606 8779 1812 7970 882 9474 1369 9358 7474 7654 2007 8114 8395
68 4071 957 3632 7030 3693 5197 8134 6463 3099 3462 5298 2535 571 7430 6746 2106 5916 2771 8423 7163 3158 1193 135 5508 5904 3280 2011 6862 8857 9855 6378 4402 9464 2428 7557 4317 6743 3672 8982 618 4164 1033 2173 7027 9701 4405 6381 2750 2366 6144 366 9472 9631 3586 3084 5515 856 3661 1396 1361 6637 5161 8574 5635 8360 6865 2611 582
66 6424 7822 6257 4392 5846 9756 1139 4917 2135 5423 9625 4639 7361 3090 4273 5457 6470 1777 943 2960 5133 4726 1256 4497 9793 5083 6849 9466 2121 8482 3132 3054 8348 8475 1114 5924 3837 4310 3184 6443 7127 4359 3666 454 3738 8064 7198 5544 2102 7263 6801 4449 2824 1874 692 4020 5536 9535 4561 3308 6513 696 7806 2936 2504 4331
67 1587 1788 2583 7397 2205 9042 3264 5109 4050 5148 1985 6844 5671 2710 3573 3871 6744 3429 7755 7629 472 9973 7816 5412 5699 2124 5497 7247 4546 8137 4371 6502 6692 998 6629 8051 5594 2484 8425 8041 4498 1480 8419 847 913 9137 2035 6031 3750 3572 2856 823 1112 4255 7618 2214 8935 7050 9927 3328 3697 3645 8548 7608 5227 1627 6014
61 5046 3198 8730 2202 2554 563 896 4415 7367 4126 5051 2992 6566 6826 4828 7489 4048 8793 5343 4264 5490 392 8628 5983 3273 6098 4179 3926 6063 231 7058 2549 6451 7212 9630 5037 3890 2379 4162 1931 2420 8973 3916 8312 1159 4007 4675 3691 8888 8451 942 6053 9032 1449 3354 891 8195 1727 4881 8816 3818
64 295 2563 3492 3551 3911 7380 3260 7648 4480 9806 9273 9139 6005 4175 6280 2920 3348 499 6547 2562 1555 9889 8055 2735 648 1206 5694 7830 5905 2390 1103 7882 7033 9122 5982 7626 3068 5340 8156 2473 3549 1582 1116 3342 5858 6067 6536 9210 6455 9536 7857 6619 1347 6577 9143 2706 6074 6496 6737 5953 2157 8194 8670 7649
65 9111 9696 625 3179 7918 8492 8969 61 429 2003 9095 5724 3347 4567 4183 941 9406 3182 6538 9044 2846 9093 9420 2097 4460 7071 7039 1723 6552 1034 8435 6388 4420 522 5067 6846 815 8759 6223 2111 6512 6965 7410 8367 7333 5335 6525 1984 5414 8354 1041 5753 2363 6489 9905 983 3111 1181 5398 1022 2807 3381 5930 9404 1508
65 13 6227 8383 9791 656 6699 3172 4034 1737 2168 3036 4355 1282 8790 679 3651 1420 5105 5570 2175 4388 6233 9363 7407 9110 7082 1045 584 5282 8938 2724 5048 1914 1461 245 7681 8288 2740 6940 8702 4035 5495 7433 6839 6469 1729 8452 2831 4022 8209 9379 5932 6583 4790 7523 4105 1266 4532 574 3970 1928 5897 5681 3436 9346
59 1785 9814 94 2351 5653 5134 8049 7986 1220 304 1293 813 1300 184 4524 5760 5159 4370 6666 878 5064 8294 2610 5352 3795 3094 1553 4943 4351 3674 5978 6607 7622 9140 887 180 7133 8056 6087 9516 3052 6131 9333 770 2503 1447 5719 1686 4884 1287 9934 6360 3607 9991 6435 6217 6974 9768 5486
59 7833 3511 1387 7096 4543 2000 9236 3044 2963 7890 7867 879 5313 7176 5867 308 2410 5312 5769 5856 9835 7522 4533 5701 7877 4132 3695 213 8560 4167 7307 2757 6924 3740 8414 6326 481 7003 4399 6127 3976 6285 4554 6107 4308 29 1989 2160 8393 374 9886 5402 2718 7478 8060 1533 503 7774 1648
59 570 8184 8653 5595 8952 5237 9352 2526 6410 629 5102 6580 8957 216 7944 6389 4745 6218 3341 5074 8877 9910 4374 872 5292 3134 4825 9158 8509 643 2739 3753 8610 9757 4378 7630 6466 6124 9174 9480 8608 6555 5871 7669 7113 9225 4613 1900 1877 4490 8712 5593 5849 8619 2215 4685 9354 8696 2451
57 962 8502 8472 4338 810 5476 6092 961 9129 5585 684 3118 4694 9456 93 8478 5556 1167 2403 5802 1360 5440 1557 7188 7443 5438 8279 2845 6175 6545 9852 633 6104 8333 2806 2521 8304 9641 5103 5288 8856 2641 1949 9245 3294 8456 9514 6911 2115 3527 9759 2627 2572 2911 2431 9827 7756
53 5604 3240 27 9117 1807 450 7458 1417 5333 9772 2775 1229 4221 5218 7675 9619 1098 1310 6697 4032 2656 1698 8686 9792 5720 1504 9588 8283 2631 2692 471 5212 3852 2726 6035 4429 3964 5165 9938 1922 9744 4173 9377 4038 7505 8219 1404 3779 9398 6269 9296 6625 7417
58 4753 4574 5583 5721 7331 4311 9899 357 9761 2218 73 3443 606 572 5759 7561 5439 8840 4263 8794 7727 3603 4375 2520 3685 8807 6450 6895 8355 4676 1456 9513 6877 1950 6487 9726 4719 5977 463 9566 9142 1775 3874 6852 8326 5381 7977 3135 1685 6086 4746 1119 47 3652 8945 2879 5392 2518
56 8346 1143 7704 6595 6168 8829 5910 9790 9489 5368 8834 6244 6652 4545 4003 8680 1304 373 2030 3431 7068 5770 7370 5411 2686 32 7035 9931 9252 274 3961 4737 6180 8336 8269 4842 9511 3732 9807 9614 3029 5626 7193 7657 6420 783 1633 4510 4631 3015 8081 5276 7850 3913 5269 3143
50 7148 7613 8977 4239 4909 6925 2186 2914 3412 4530 6519 7513 9350 3195 793 9220 4306 1852 1688 7776 3407 6976 8691 9490 6298 5027 3514 7018 1382 2315 2697 1341 1941 1903 6232 8703 7716 2605 469 2588 880 3066 9342 2618 8782 3601 2716 2781 9724 7936
47 3363 2648 9136 5886 6871 9286 6351 1855 7144 4030 8924 164 3103 9648 7981 720 4588 9885 5297 4544 6224 9300 3303 157 7493 7893 9290 3897 8529 8667 5573 5773 9922 7479 5179 3282 9656 6081 1699 2117 2729 1978 7164 6667 9164 5029 900
48 4804 1204 4751 1148 9408 5968 6000 7436 784 6816 3114 3297 6752 9380 200 6675 3078 9812 9857 7059 1044 5219 4723 9935 669 1736 5539 9046 285 1684 9316 6604 6987 4203 5888 9369 3655 2072 4705 6077 6943 2093 5215 2616 9349 3038 7272 3708
46 6885 1577 8896 1021 5377 9632 9669 3764 7485 1165 5166 9467 8679 9133 6550 8182 7847 3379 9545 3955 3284 3543 382 8490 3389 3458 3641 6953 650 4299 3244 8868 347 4982 8069 5089 1019 7055 5665 3208 7617 1820 4698 1399 2810 3386
48 7318 9543 7566 5206 7219 1926 6177 4165 4788 3272 2745 1541 6750 8723 5514 9720 9012 300 609 9043 1507 4761 9716 5409 2888 4700 4438 4557 9647 9465 6195 763 2127 3809 329 3115 5576 4210 876 9903 4721 3237 7152 4346 3289 1851 411 5517
41 9351 8057 6791 6152 8286 3781 9385 9416 6237 1264 3731 9229 185 8264 8641 5975 9562 560 933 1948 1321 1838 7953 1409 958 1887 4780 8113 342 8580 2733 346 9449 6771 1841 1337 9025 6377 556 4956 2480
43 187 9988 1568 3181 5865 2012 9811 5999 3557 8766 6304 1222 8001 437 358 1683 8318 5420 4914 9303 9233 9959 751 7271 9292 1616 5487 9262 6938 9530 7826 8086 3357 7293 4849 6467 8716 9819 4366 5430 6397 9841 5208
41 5260 1109 3860 8128 49 7552 6983 1465 158 7406 1342 1888 9267 1219 7409 7037 6586 8976 8666 831 7088 5758 2226 7912 7273 7570 5927 9897 122 3969 5203 8923 9603 6241 3257 442 5032 7553 8443 2367 3116
38 5634 2996 5336 128 4327 8324 5171 2966 5949 1639 8454 3830 5390 5301 1370 59 2052 5550 67 2465 5817 3609 7385 4538 3869 1611 8684 4086 3714 1394 3097 315 5180 9074 9244 3345 4339 2681
29 8709 2765 4503 3598 3524 3707 792 6359 9675 6163 4031 8358 5304 6719 4128 1063 5479 8028 4596 2839 631 1075 3178 5363 4362 4959 2828 7422 7688
30 7136 9446 7358 7969 4777 2395 2391 1904 1149 1603 5838 7484 3925 1724 6612 2981 2151 8764 2727 5899 5186 8947 1334 7945 9048 8342 7073 8174 6587 3082
24 5455 3153 1415 2836 8052 8273 4472 1012 8642 2931 8623 4401 39 8352 57 3409 5541 354 6789 6247 3140 8280 5776 9557
22 1808 2198 3914 6284 931 2489 87 5425 1233 7131 4290 8115 5426 8276 9551 9473 9532 8340 8809 3725 2597 8535
20 3249 4980 5632 9751 1380 7392 8528 8486 2078 5327 6809 2982 2708 9683 588 9016 4233 921 1311 6838
17 2150 5130 4200 6764 7202 2415 7761 4774 7308 8422 2292 8023 3414 1065 4013 7461 5764
19 3660 6488 9754 743 1810 204 6263 6856 5964 683 9877 3895 3325 3142 5979 6880 9840 6909 9924
18 9822 8394 4476 3430 6572 5793 5096 8222 4081 2972 7210 4894 7571 1324 2621 2377 349 1951
17 3448 7186 3139 5969 4446 21 3110 2120 3368 52 7231 2639 9337 3736 4744 4012 7644
15 2758 9213 3992 6230 5071 8668 9976 199 6187 1537 508 7535 988 2392 8179
12 7851 4796 9515 7105 5597 3315 9081 9525 875 5283 668 2025
10 6056 4976 8728 7305 7122 8815 1803 8212 4859 607
9 2635 2098 2013 3785 5906 4786 5866 8136 9450
9 8103 1711 3391 1519 3330 8674 7814 3689 312
6 3039 9816 9760 7241 5788 8308
5 2734 3009 6225 6071 195
3 6933 5680 6593
2 2223 2085
2 9141 9428
3 3183 42 3845
2 6096 5182
2 1408 7625
2 691 1644
2 7080 6677
1 2440
1 5959
2 9151 8544
2 2368 3042
1 835
1 1959
1 9581
1 8854
1 2139
2 6198 4114
1 6613
1 5588
1 3190
1 9053
1 2234
1 7320
1 3516
1 6261
1 8172
2 2921 7643
1 2922
1 5266
1 4904
2 5876 2586
1 9861
1 2772
1 4967
1 6812
1 3592
1 493
1 3425
1 7245
1 1134
1 389
1 4115
1 3060
1 8980
0
0
0
0
0
0
0
0
0
0
0
0
0
0
0
0
0
0
0
0
0
0
0
0
0
0
0
0
0
0
0
0
0
0
0
0
0
0
0
0
0
0
0
0
0
0
0
0
0
0
0
0
0
0
0
0
0
0
0
0
0
0
0
0
0
0
0
0
0
0
0
0
0
0
0
0
0
0
0
0
0
0
0
0
0
0
0
0
0
0
0
0
0
0
0
0
0
0
0
0
0
0
0
0
0
0
0
0
0
0
0
0
0
0
0
0
0
0
0
0
0
0
0
0
0
0
0
0
0
0
0
0
0
0
0
0
0
0
0
0
0
0
0
0
0
0
0
0
0
0
0
0
0
0
0
0
0
0
0
0
0
0
0
0
0
0
0
0
0
0
